5 0.013333334
8 0.0027472528
12 0.0039525693
31 0.021647142
38 0.10070679
54 0.0032467532
72 0.014867023
74 0.009433962
84 0.014573071
92 0.0032786885
100 0.004608295
107 0.008064516
109 0.039156497
112 0.008298756
123 0.003717472
125 0.0027472528
126 0.003030303
135 0.003030303
139 0.003267974
143 0.0022522523
150 0.11532114
153 0.06164438
163 0.005524862
168 0.025429422
180 0.0150486715
184 0.007321448
192 0.011899898
209 0.011158844
214 0.004132231
217 0.0022522523
233 0.03295865
241 0.1741538
252 0.002283105
253 0.010400075
256 0.013333334
275 0.013952569
278 0.023972794
280 0.0045871558
298 0.07819716
311 0.0362646
337 0.05146843
359 0.00295858
387 0.0022522523
400 0.01947614
430 0.008264462
433 0.0175
452 0.0039525693
456 0.005524862
459 0.0046620048
462 0.0107911285
464 0.003717472
468 0.010416667
470 0.0028248588
471 0.004132231
481 0.0052083335
496 0.010515077
499 0.005530941
519 0.008013276
534 0.0028011205
541 0.0028571428
547 0.018187832
549 0.005952381
550 0.014595921
571 0.0032894737
575 0.00295858
617 0.007874016
625 0.00456621
641 0.009433962
657 0.0054945056
658 0.0028248588
670 0.0033333334
693 0.0071533793
715 0.005906293
716 0.08487628
718 0.0621304
731 0.0983726
742 0.003030303
779 0.0052083335
780 0.003267974
790 0.0021321962
797 0.007142857
818 0.011494253
820 0.00456621
853 0.010175439
861 0.0028011205
874 0.03818471
884 0.565819
887 0.003030303
910 0.03838152
912 0.01459854
925 0.00729927
927 0.008264462
930 0.003508772
931 0.003215434
934 0.0028571428
936 0.00456621
937 0.0038461538
951 0.005
963 0.00456621
970 0.013071896
971 0.0042643924
973 0.0023310024
975 0.006993007
984 0.0057471264
987 0.0028248588
998 0.0036231885
1006 0.97869873
1013 0.022967331
1030 0.013464855
1064 0.0028089888
1072 0.0032786885
1077 0.006042296
1081 0.011712403
1084 0.008064516
1097 0.008598164
1102 0.007142857
1105 0.4492738
1112 0.00729927
1114 0.02289824
1134 0.0097660795
1136 0.0033333334
1139 0.002283105
1150 0.018575018
1166 0.008474576
1168 0.0022522523
1181 0.0072727273
1182 0.00729927
1192 0.012462141
1209 0.004608295
1217 0.003508772
1220 0.0057471264
1224 0.020695528
1241 0.0056652213
1242 0.005524862
1254 0.003968254
1259 0.002283105
1261 0.031791754
1271 0.009259259
1280 0.006993007
1284 0.0034129692
1292 0.003215434
1295 0.076157115
1322 0.009425962
1324 0.058048785
1352 0.0027322404
1354 0.007379723
1355 0.0031847134
1370 0.0037313432
1376 0.114444375
1393 0.0027322404
1399 0.35755566
1404 0.0039525693
1410 0.13904661
1411 0.0028571428
1422 0.003717472
1427 0.003968254
1451 0.0033898305
1473 0.0055777556
1475 0.004608295
1481 0.0028011205
1482 0.082821965
1483 0.008908942
1484 0.0034843206
1488 0.2798647
1502 0.005524862
1503 0.0072727273
1507 0.009537527
1524 0.020148546
1527 0.03541472
1540 0.005952381
1561 0.0021321962
1564 0.0031847134
1573 0.0034843206
1576 0.003267974
1590 0.008928572
1617 0.0039525693
1623 0.006993007
1625 0.0032894737
1634 0.0034843206
1635 0.0044444446
1650 0.003773585
1667 0.0034129692
1668 0.0028571428
1682 0.0022522523
1686 0.00456621
1687 0.0067182826
1691 0.003021148
1697 0.00795604
1708 0.0032786885
1716 0.014466276
1722 0.0028089888
1737 0.0057471264
1739 0.018163508
1740 0.0027472528
1746 0.006021714
1754 0.015849277
1757 0.007936508
1758 0.00729927
1766 0.0028571428
1780 0.033794608
1789 0.003787879
1805 0.0054945056
1809 0.016393442
1824 0.004132231
1826 0.0028248588
1837 0.0327257
1851 0.0073476653
1853 0.0076268744
1858 0.2200465
1876 0.003030303
1896 0.003968254
1898 0.0033670033
1906 0.004132231
1908 0.00295858
1921 0.0038461538
1922 0.030147996
1948 0.014545455
1955 0.00952381
1993 0.003215434
1995 0.003717472
2005 0.0052083335
2007 0.003267974
2038 0.0032894737
2041 0.18023482
2048 0.0028248588
2050 0.0057471264
2052 0.007142857
2061 0.11010527
2063 0.0032894737
2083 0.0027472528
2090 0.006993007
2112 0.0033670033
2115 0.012903226
2119 0.09963954
2125 0.007670041
2128 0.0074626864
2140 0.022231102
2171 0.004132231
2176 0.026296392
2188 0.009259259
2189 0.008264462
2197 0.007067138
2201 0.007716733
2204 0.036157742
2205 0.008264462
2222 0.0028089888
2226 0.0033898305
2231 0.16190834
2249 0.0032258064
2265 0.0046141073
2269 0.0076340325
2274 0.008510638
2277 0.0052083335
2288 0.043898307
2292 0.0422078
2293 0.095313095
2313 0.006546662
2322 0.004132231
2349 0.008298756
2353 0.0034602077
2356 0.0028571428
2372 0.07396202
2381 0.0034602077
2390 0.032281402
2393 0.13220023
2395 0.016102158
2397 0.0022522523
2405 0.0034129692
2413 0.013341822
2418 0.025641026
2424 0.024184275
2426 0.00295858
2435 0.016949153
2452 0.003508772
2453 0.012284223
2454 0.008264462
2459 0.01996883
2471 0.004166667
2473 0.017624315
2476 0.023279522
2488 0.0028011205
2489 0.0027472528
2509 0.021492401
2531 0.019450825
2539 0.07692308
2542 0.005952381
2550 0.003267974
2565 0.004608295
2580 0.0021321962
2601 0.016354479
2602 0.052084908
2605 0.0072727273
2607 0.010525077
2610 0.007417284
2621 0.0032786885
2632 0.0067555252
2649 0.0031847134
2651 0.009433962
2662 0.14524192
2669 0.003773585
2674 0.05467087
2688 0.003508772
2690 0.22591163
2693 0.006666667
2701 0.003533569
2710 0.003787879
2721 0.02009206
2731 0.17832887
2738 0.003773585
2754 0.0023310024
2758 0.20230989
2761 0.0032258064
2765 0.045323383
2776 0.011404959
2778 0.015524862
2780 0.0057471264
2781 0.013375247
2785 0.022020737
2790 0.0028571428
2791 0.115683526
2798 0.0028248588
2802 0.0151482485
2821 0.005524862
2836 0.038965534
2837 0.017548533
2851 0.0033898305
2854 0.010710479
2865 0.003508772
2884 0.010873505
2897 0.05339403
2901 0.0033670033
2905 0.008264462
2912 0.0028011205
2913 0.010600707
2914 0.0021321962
2915 0.02107687
2936 0.0027472528
2973 0.009089346
2975 0.0032786885
2980 0.003508772
2987 0.007874016
2991 0.0032894737
2994 0.01724138
3001 0.00295858
3019 0.03189958
3044 0.10962716
3053 0.00456621
3054 0.00921659
3055 0.016393442
3057 0.020956967
3058 0.08942469
3080 0.0052083335
3097 0.005139991
3100 0.0031847134
3104 0.021406982
3105 0.010837902
3123 0.003773585
3128 0.012326074
3130 0.022162922
3144 0.010911892
3148 0.014907226
3154 0.0039525693
3185 0.0052083335
3191 0.005524862
3197 0.016597511
3210 0.033062264
3213 0.00591716
3224 0.0022522523
3233 0.006993007
3240 0.0076268744
3251 0.00295858
3262 0.024938645
3268 0.12045219
3273 0.0069961604
3274 0.002283105
3288 0.2706334
3300 0.06250324
3306 0.35665208
3320 0.014492754
3323 0.05022827
3327 0.026674725
3339 0.013033064
3354 0.0121965455
3360 0.011060768
3368 0.0033898305
3389 0.013301976
3419 0.023141524
3429 0.0021321962
3430 0.3113847
3455 0.03493113
3456 0.15952873
3464 0.012820513
3466 0.014271348
3488 0.0037313432
3491 0.07887604
3505 0.011538462
3513 0.0032786885
3515 0.024803836
3522 0.06676023
3524 0.0031847134
3525 0.004166667
3530 0.045124944
3552 0.01904762
3561 0.005090776
3611 0.0032786885
3615 0.0032894737
3619 0.0065049077
3630 0.0039525693
3632 0.006535948
3633 0.004132231
3636 0.005524862
3645 0.014627474
3664 0.008064516
3676 0.0057471264
3678 0.0072727273
3718 0.008510638
3719 0.0032786885
3730 0.018033065
3735 0.013333334
3739 0.019681457
3745 0.5619962
3749 0.005530941
3751 0.01705757
3753 0.0028089888
3755 0.026726147
3756 0.0032894737
3765 0.009433962
3778 0.0033333334
3790 0.025933677
3792 0.0032894737
3829 0.0023310024
3839 0.0045045046
3842 0.0073015876
3848 0.00295858
3857 0.0027322404
3859 0.02032544
3860 0.016014528
3866 0.025641026
3872 0.013925439
3902 0.0021321962
3906 0.003717472
3907 0.014608295
3918 0.008510638
3922 0.055249818
3950 0.016498888
3982 0.045570847
3985 0.008928572
3995 0.01
4007 0.006756757
4024 0.0033333334
4025 0.04056823
4052 0.0028571428
4061 0.025641026
4066 0.008264462
4069 0.003968254
4074 0.010574123
4083 0.0023310024
4086 0.006535948
4095 0.036352184
4100 0.03290211
4107 0.014136905
4108 0.012366967
4111 0.041901313
4140 0.0057471264
4141 0.01909656
4152 0.004878049
4161 0.029913232
4169 0.0576058
4172 0.014963248
4175 0.0022522523
4205 0.008928572
4237 0.043857638
4238 0.0033898305
4252 0.0052083335
4253 0.0033898305
4273 0.006993007
4274 0.0066472744
4286 0.08800467
4290 0.018797807
4293 0.0028089888
4299 0.00729927
4307 0.0052083335
4310 0.004132231
4313 0.0023310024
4314 0.028891936
4315 0.007142857
4319 0.5676966
4321 0.003215434
4326 0.006993007
4327 0.003533569
4329 0.0093951095
4335 0.010872941
4342 0.008928572
4349 0.013333334
4371 0.045404024
4408 0.005952381
4412 0.00456621
4413 0.009433962
4416 0.003508772
4426 0.00295858
4430 0.0032894737
4440 0.0044444446
4444 0.003508772
4446 0.00877193
4448 0.002283105
4464 0.0052083335
4466 0.0052083335
4471 0.015531074
4477 0.0031847134
4490 0.00295858
4510 0.074567385
4513 0.0034843206
4527 0.0095558325
4531 0.0067615584
4547 0.005988883
4556 1.6766481
4567 0.011311758
4570 0.0028571428
4573 0.010761796
4574 0.0064001475
4590 0.0057142857
4595 0.002283105
4602 0.0034129692
4617 0.03852189
4627 0.003267974
4635 0.5894439
4645 0.0072727273
4647 0.0055202264
4648 0.0028089888
4649 0.028331941
4652 0.0304124
4654 0.07088833
4658 0.0046620048
4660 0.011494253
4665 0.2644714
4669 0.048915915
4674 0.03401711
4682 0.010024182
4716 0.0038461538
4725 0.005839292
4734 0.0033333334
4736 0.006993007
4743 0.0028571428
4758 0.06508637
4775 0.0028571428
4786 0.008928572
4787 0.0034129692
4789 0.008593716
4801 0.0027472528
4809 0.05109035
4832 0.0057471264
4835 0.0028089888
4841 0.0032894737
4850 0.005524862
4870 0.005952381
4874 0.018834783
4881 0.009433962
4886 0.0032894737
4899 0.0037313432
4901 0.0033898305
4903 0.11686026
4917 0.0033670033
4923 0.042056043
4930 0.0057471264
4934 0.03194262
4936 0.0057142857
4963 0.0028011205
5000 0.0062691965
5006 0.005524862
5007 0.0039525693
5019 0.08583589
5025 0.07280807
5034 0.007874016
5036 0.017733278
5056 0.008127693
5067 0.003968254
5068 0.007220543
5083 0.13686097
5088 0.008412698
5092 0.30931953
5105 0.018412137
5114 0.0027322404
5121 0.006993007
5126 0.003030303
5132 0.003533569
5149 0.026382746
5162 0.0028571428
5170 0.006134454
5175 0.0028571428
5192 0.009195824
5196 0.006801543
5204 0.0034129692
5210 0.006993007
5212 0.03523064
5218 0.01017772
5219 0.007142857
5226 0.003030303
5231 0.016949153
5235 0.022876317
5236 0.021448702
5237 0.009033634
5253 0.006518161
5269 0.013333334
5290 0.0067155072
5293 0.024725275
5300 0.006993007
5308 0.008510638
5314 0.0057674255
5329 0.009868421
5349 0.17830917
5363 0.0032467532
5372 0.010938655
5380 0.0023310024
5390 0.0044444446
5396 0.05657597
5410 0.011599105
5412 0.0032786885
5415 0.0028011205
5425 0.00456621
5428 0.025615793
5434 0.003968254
5464 0.0027322404
5481 0.012740133
5500 0.009756098
5502 0.013343127
5503 0.005952381
5510 0.025641026
5511 0.005524862
5527 0.0057471264
5547 0.004608295
5569 0.004878049
5580 0.017378593
5581 0.019646795
5585 0.009867867
5595 0.008474576
5605 0.0028089888
5606 0.014545455
5615 0.0027322404
5617 0.003508772
5623 0.0028571428
5631 0.10006809
5645 0.008571985
5667 0.006993007
5688 0.0039525693
5696 0.004385965
5698 0.24813844
5702 0.007874016
5719 0.0023310024
5736 0.0022522523
5738 0.0033898305
5742 0.006452687
5752 0.008510638
5753 0.007874016
5760 0.023222882
5762 0.0039525693
5771 0.0032258064
5782 0.0054991995
5788 0.024204869
5789 0.003267974
5801 0.05243902
5802 0.04559869
5815 0.009433962
5822 0.009433962
5825 0.31696543
5843 0.0065185926
5849 0.042907048
5850 0.00456621
5857 0.0032894737
5859 0.03343218
5861 0.10652928
5868 0.00295858
5881 0.006535948
5885 0.010989011
5892 0.15308157
5893 0.9988025
5900 0.16363269
5903 0.06499211
5911 0.0033670033
5913 0.013333334
5929 0.011428571
5939 0.008264462
5951 0.004608295
5957 0.008298756
5990 0.038809557
5995 0.0032894737
6004 0.003030303
6010 0.0027472528
6011 0.0021321962
6022 0.002283105
6032 0.21734084
6057 0.0064102565
6067 0.0034843206
6091 0.13179982
6097 0.011007936
6111 0.008298756
6115 0.0768953
6116 0.4579606
6119 0.008510638
6141 0.059702992
6143 0.31361645
6144 0.0027472528
6153 0.076454006
6162 0.035730608
6167 0.008510638
6174 0.003021148
6206 0.010514917
6215 0.05817771
6220 0.0052083335
6222 0.0724493
6237 0.026472963
6239 0.08953243
6240 0.008298756
6243 0.008693362
6247 0.0072727273
6250 0.003267974
6255 0.025864001
6286 0.021712335
6289 0.004878049
6301 0.0064102565
6317 0.013292456
6319 0.004385965
6325 0.0072966507
6330 0.0072727273
6336 0.04286956
6347 0.016528925
6359 0.008541667
6364 0.006358428
6368 0.031245662
6383 0.006993007
6384 0.004608295
6397 0.008626319
6399 0.003215434
6409 0.07200578
6413 0.08608743
6434 0.010660981
6435 0.023785092
6443 0.010416667
6444 0.03261344
6450 0.007999379
6457 0.006535948
6459 0.015920399
6465 0.00729927
6471 0.0028011205
6474 0.00295858
6477 0.51362026
6491 0.018838927
6501 0.009433962
6507 0.0032258064
6509 0.06318627
6515 0.012548863
6525 0.01786651
6526 0.0022522523
6537 0.0028571428
6564 0.006060606
6566 0.0027472528
6588 0.13391823
6591 0.0032894737
6611 0.0074626864
6612 0.06627821
6623 0.16512504
6624 0.005952381
6629 0.0028089888
6646 0.01876863
6654 0.13610953
6660 0.0065800864
6661 0.0057597
6664 0.018867925
6666 0.104817726
6687 0.01477347
6688 0.14815648
6691 0.012740133
6693 0.004166667
6713 0.0052083335
6717 0.0027472528
6729 0.005952381
6735 0.004878049
6737 0.0023310024
6738 0.01116349
6785 0.011403198
6791 0.006993007
6794 0.020408906
6800 0.0057142857
6813 0.0105248615
6828 0.009709214
6835 0.0032786885
6836 0.014355272
6857 0.008264462
6862 0.050258275
6864 0.016393442
6875 0.010416667
6886 0.218546
6887 0.0031847134
6888 0.015079366
6894 0.0037313432
6905 0.003267974
6934 0.003030303
6939 0.038822226
6952 0.051054753
6974 0.003968254
7007 0.03866155
7009 0.0028089888
7028 0.009433962
7032 0.007874016
7034 0.00729927
7037 0.008333334
7040 0.008064516
7043 0.0034602077
7055 0.008298756
7056 0.0022522523
7077 0.0057142857
7082 0.13676263
7090 0.029404286
7110 0.020195905
7116 0.0032894737
7124 0.0052083335
7130 0.034737427
7135 0.034440827
7141 0.00295858
7147 0.0033898305
7148 0.003215434
7149 0.0057471264
7160 0.059972443
7179 0.003215434
7188 0.0033898305
7189 0.006679304
7193 0.024755865
7209 0.041228194
7211 0.01662495
7213 0.005524862
7220 0.0072727273
7222 0.0027322404
7224 0.0034129692
7246 0.019865917
7252 0.017241104
7254 0.04088696
7264 0.005561793
7265 0.01502122
7277 0.0057471264
7292 0.006557377
7293 0.028301887
7299 0.0044444446
7317 0.03700406
7318 0.00456621
7333 0.003030303
7336 0.005952381
7337 0.026726147
7341 0.0034129692
7350 0.0057471264
7359 0.0032894737
7371 0.003021148
7382 0.0038461538
7383 0.005524862
7395 0.00295858
7408 0.017857144
7424 0.004166667
7430 0.0027472528
7434 0.0062982766
7437 0.0037313432
7457 0.0055855857
7460 0.002283105
7470 0.008064516
7474 0.0074861385
7477 0.117594644
7479 0.043144606
7485 0.008064516
7486 0.012792936
7494 0.0032894737
7505 0.014136905
7518 0.00952381
7535 0.0027322404
7549 0.0028089888
7552 0.0033898305
7567 0.28493446
7598 0.0027472528
7624 0.0064102565
7642 0.03896275
7651 0.008479367
7658 0.0057471264
7659 0.005524862
7669 0.0022522523
7680 0.061799232
7681 0.0064102565
7690 0.00295858
7718 0.0034843206
7722 0.003215434
7748 0.018867925
7752 0.036673777
7757 0.070271686
7787 0.005524862
7789 0.081587195
7793 0.002283105
7811 0.0034129692
7812 0.0039525693
7815 0.00295858
7830 0.7115373
7833 0.0072727273
7838 0.003508772
7847 0.00854601
7865 0.01409091
7879 0.003030303
7882 0.016393442
7892 0.0045871558
7897 0.044302985
7905 0.008426966
7914 0.0907935
7916 0.035039533
7942 0.0023310024
7947 0.009259259
7950 0.062272698
7965 0.016129032
7966 0.0032894737
7995 0.0055570994
7999 0.04878073
8000 0.021409124
8007 0.005524862
8011 0.020643082
8017 0.0044444446
8019 0.003508772
8021 0.00919879
8070 0.21865961
8077 0.0033670033
8085 0.022875817
8090 0.006557377
8095 0.016528925
8097 0.17696165
8111 0.03337801
8114 0.00729927
8135 0.025165783
8140 0.025920862
8163 0.042267364
8174 0.002283105
8175 0.02057124
8177 0.005
8193 0.017575145
8194 0.33678064
8208 0.11365265
8218 0.0052083335
8226 0.003787879
8237 0.08172326
8241 0.0027322404
8243 0.06826506
8246 0.012774725
8250 0.00456621
8254 0.05182757
8256 0.02
8259 0.43462253
8260 0.00456621
8263 0.4535739
8268 0.0038461538
8270 0.0022522523
8291 0.026666667
8297 0.06330437
8299 0.0033333334
8300 0.004385965
8304 0.007874016
8342 0.06571559
8343 1.0837861
8355 0.29624695
8368 0.2104426
8371 0.17361224
8384 0.003030303
8386 0.003030303
8422 0.1381742
8433 0.07673208
8434 0.0021321962
8444 0.03828357
8453 0.0057471264
8462 0.00862069
8468 0.07200434
8474 0.024887418
8475 0.01937161
8485 0.011629353
8493 0.009809963
8497 0.05121637
8508 0.010985798
8540 0.0054644807
8545 0.009267399
8549 0.006535948
8556 0.022099448
8557 0.003215434
8561 0.06057168
8569 0.0028571428
8570 0.0045871558
8573 0.044110052
8583 0.010935636
8589 0.0045045046
8592 0.031172168
8603 0.006034795
8611 0.003215434
8616 0.006235674
8618 0.0039525693
8630 0.07329454
8643 0.008264462
8662 0.015869793
8665 0.00295858
8689 0.0056179776
8709 0.09398262
8720 0.007874016
8724 0.021254156
8735 0.017163578
8743 0.061759375
8749 0.006645022
8767 0.008928572
8771 0.016393442
8791 0.0033898305
8797 0.022649117
8811 0.028670635
8814 0.0027472528
8819 0.00456621
8823 0.024234386
8827 0.003021148
8836 0.0367522
8837 0.06637235
8843 0.018020555
8851 0.017506678
8852 0.010741374
8855 0.02306162
8860 0.010600707
8864 0.003215434
8870 0.003968254
8875 0.0033898305
8876 0.0072727273
8890 0.021020563
8906 0.0072727273
8931 0.0034129692
8947 0.0027472528
8967 0.0057142857
8972 0.002283105
8981 0.0034843206
8993 0.01459854
9012 0.0033898305
9015 0.0033898305
9041 0.10024097
9046 0.00862069
9053 0.0028571428
9061 0.020018924
9063 0.003267974
9073 0.04113043
9100 0.03482403
9101 0.0037313432
9102 0.003717472
9114 0.0021321962
9120 0.004385965
9121 0.0021321962
9127 0.003533569
9139 0.044515062
9141 0.019782472
9157 0.0066551426
9174 0.0027472528
9201 0.0039525693
9208 0.008264462
9209 0.008928572
9214 0.006693485
9217 0.016949153
9226 0.0072727273
9227 0.1309351
9245 0.0032467532
9250 0.5398225
9270 0.016733233
9271 0.003030303
9289 0.0033333334
9292 0.003508772
9296 0.003717472
9305 0.003773585
9310 0.05970506
9325 0.00729927
9352 0.014367816
9361 0.028424786
9362 0.018253878
9363 0.017063493
9387 0.0074127773
9393 0.07302916
9394 0.0022522523
9397 0.003030303
9399 0.025531914
9412 0.00295858
9413 0.0113065075
9441 0.017268883
9444 0.004385965
9461 0.02555341
9468 0.00295858
9478 0.005
9480 0.003021148
9509 0.008264462
9521 0.0022522523
9538 0.011841066
9543 0.0028248588
9544 0.0045832545
9581 0.003787879
9591 0.019312257
9598 0.0028571428
9619 0.0028248588
9630 0.022310343
9631 0.005139991
9642 0.005952381
9651 0.0027322404
9666 0.09392272
9670 0.008064516
9682 0.0034129692
9685 0.011307305
9689 0.0032894737
9706 0.017095266
9710 0.0022522523
9719 0.007461341
9720 0.0028089888
9722 0.0046620048
9730 0.0022522523
9732 0.0034129692
9735 0.008724202
9738 0.016528925
9741 0.002283105
9769 0.0034843206
9772 0.08443841
9776 0.010525631
9779 0.113928616
9792 0.011877641
9807 0.007142857
9810 0.097905256
9813 0.040502615
9815 0.0027322404
9825 0.003787879
9828 0.003030303
9836 0.04918033
9843 0.008064516
9845 0.009525643
9862 0.451178
9874 0.0023310024
9875 0.01908046
9892 0.015372631
9896 0.0021321962
9917 0.007874016
9918 0.0045871558
9923 0.0037313432
9926 0.023888305
9935 0.02036238
9951 0.014252703
9954 0.0021321962
9965 0.0028089888
9971 0.02732747
9973 0.020949269
9975 0.032636996
9988 0.026252344
10001 0.003508772
10003 0.0027472528
10005 0.0147535
10012 0.004132231
10025 0.018489704
10027 0.007920824
10037 0.015510029
10056 0.0032894737
10065 0.015555556
10072 0.0028011205
10083 0.34931427
10086 0.0028089888
10094 0.038628247
10101 0.03459854
10125 0.0022522523
10164 0.011834755
10184 0.030265654
10196 0.0077261543
10209 0.003773585
10214 0.01724138
10218 0.003215434
10221 0.0027322404
10242 0.00729927
10246 0.5196922
10248 0.01600633
10256 0.016807895
10275 0.008264462
10284 0.0028089888
10288 0.0027322404
10295 0.008095928
10303 0.01238878
10321 0.0031847134
10331 0.016612023
10342 0.003267974
10344 0.0073424
10350 0.017422952
10380 0.017234823
10388 0.006818462
10393 0.014044944
10409 0.010107381
10412 0.013199794
10415 0.0052083335
10417 0.06337087
10433 0.0033670033
10451 1.8423262
10476 0.005524862
10480 0.0065789474
10492 0.010416667
10512 0.0034843206
10541 0.00295858
10546 0.13185485
10562 0.009125203
10587 0.0057471264
10589 0.0059937024
10605 0.05012818
10606 0.00862069
10618 0.011677432
10620 0.014052542
10646 0.008928572
10649 0.0045871558
10651 0.2838998
10654 0.006993007
10661 0.0028248588
10677 0.003030303
10691 0.23569974
10699 0.016949153
10702 0.008753502
10719 0.0072727273
10728 0.0028571428
10744 0.0036231885
10759 0.003773585
10763 0.15354937
10765 0.007874016
10767 0.64180064
10768 0.00456621
10780 0.08982675
10793 0.008298756
10794 0.00862069
10804 0.006993007
10817 0.057751704
10821 0.531285
10825 0.0022522523
10835 0.025641026
10853 0.0034129692
10868 0.0045045046
10873 0.006699755
10882 0.023345765
10883 0.0033898305
10887 0.016949153
10893 0.0032786885
10896 0.13384828
10897 1.1002108
10916 0.003968254
10922 0.023999935
10933 0.0033670033
10944 0.00456621
10949 0.0028571428
10950 0.017832167
10963 0.01
10983 0.003021148
10988 0.01925926
10989 0.0052083335
10993 0.0065562017
11012 0.013114916
11049 0.04085227
11073 0.047726315
11108 0.0034602077
11121 0.028639805
11129 0.004132231
11130 0.003267974
11141 0.1862474
11151 0.09746221
11163 0.0034129692
11183 0.0057471264
11193 0.0032467532
11215 0.046785045
11220 0.0027472528
11221 0.003508772
11226 0.0037313432
11240 0.0057471264
11241 0.087109074
11259 0.03466847
11269 0.009087669
11270 0.00295858
11291 0.018187832
11297 0.0037313432
11298 0.1574199
11303 0.002283105
11308 0.008298756
11322 0.0493007
11327 0.4446531
11330 0.00952381
11363 0.0376817
11391 0.011781988
11396 0.012776961
11425 0.0022522523
11431 0.038577676
11443 0.003021148
11447 0.017681014
11451 0.008426966
11454 0.0027472528
11461 0.004132231
11462 0.007067138
11467 0.0028011205
11474 0.007142857
11477 0.005952381
11482 0.07510398
11504 0.065299146
11512 3.0140824
11527 0.00591716
11543 0.011494253
11571 0.0032467532
11576 0.005952381
11579 0.028985508
11591 0.009699723
11598 0.14088123
11599 0.0039525693
11607 0.29088074
11611 0.03359671
11617 0.020505596
11635 0.44716278
11643 0.039763905
11644 0.050454054
11653 0.0068259384
11655 0.019940477
11672 0.0023310024
11679 0.003968254
11682 0.04344857
11686 0.008264462
11690 0.009427609
11701 0.007936508
11713 0.0057471264
11718 0.02285077
11734 0.033937577
11738 0.009433962
11739 0.24725547
11751 0.011540941
11765 0.0028089888
11776 0.0028248588
11780 0.003787879
11784 0.0033898305
11795 0.0032258064
11802 0.008264462
11808 0.02032634
11814 0.0023310024
11815 0.0032894737
11821 0.0028011205
11825 0.10243338
11827 0.0022522523
11828 0.002283105
11848 0.012998434
11883 0.17645381
11905 0.013831962
11909 0.0036231885
11923 0.0028571428
11932 0.43293768
11944 0.0033333334
11958 0.0028089888
11960 0.012917248
11967 0.003773585
12003 0.0074626864
12011 0.0038461538
12016 0.28610846
12020 0.08767446
12037 0.024037808
12051 0.006490511
12055 0.005524862
12075 0.0057471264
12095 0.030950602
12100 0.10459152
12109 0.01957419
12126 0.0032786885
12131 0.0033333334
12141 0.005952381
12159 0.007874016
12165 0.014912281
12176 0.009039862
12178 0.02
12180 0.0112568075
12182 0.0072727273
12205 0.031251222
12206 0.009433962
12208 0.047069408
12228 0.0033670033
12255 0.019250585
12257 0.0074626864
12262 0.0074626864
12264 0.025531914
12271 0.022173166
12283 0.010112017
12291 0.023752013
12297 0.0036231885
12311 0.0032894737
12316 0.00295858
12321 0.068734616
12325 0.010410831
12329 0.006554717
12330 0.0033333334
12335 0.00295858
12347 0.01
12354 0.0057471264
12357 0.022423353
12365 0.018160746
12398 0.055850863
12413 0.11728192
12424 0.003030303
12443 0.0072727273
12468 0.008388083
12470 0.036601055
12472 0.006535948
12473 0.008264462
12476 0.020654697
12495 0.033802032
12497 0.03199405
12511 0.008264462
12547 0.0034843206
12568 0.004166667
12599 0.0034129692
12603 0.009487871
12607 0.0032786885
12612 0.004385965
12614 0.006809027
12624 0.017698426
12635 0.0027472528
12637 0.006060606
12645 0.008333334
12654 0.003508772
12664 0.014241725
12669 0.006993007
12699 0.0057142857
12707 0.012289562
12710 0.08783237
12716 0.035947714
12727 0.0021321962
12734 0.08736526
12738 0.02948718
12744 0.008928572
12745 0.009515957
12757 0.003508772
12765 0.08638219
12768 0.025641026
12771 0.12716489
12796 0.004608295
12798 0.0036231885
12806 0.0032894737
12822 0.011263846
12830 0.08520029
12836 0.0037313432
12858 0.0023310024
12871 0.36231574
12888 0.0027322404
12894 0.007879322
12899 0.0070238095
12911 0.0032258064
12918 0.0058551617
12945 0.0031847134
12956 0.0033670033
12975 0.009433962
12979 0.0052083335
12987 0.013229114
12995 0.0057471264
12997 0.0057142857
13003 0.023655664
13020 0.005
13023 0.0057142857
13025 0.0032467532
13038 0.0064102565
13039 0.009151546
13041 0.08622707
13043 0.0032786885
13044 0.018971428
13090 0.008078129
13093 0.115208335
13097 0.12826592
13103 0.0057471264
13125 0.0022522523
13132 0.007905139
13144 0.006060606
13146 0.0033333334
13149 0.0028089888
13155 0.01821605
13160 0.056449573
13170 0.09078745
13186 0.02650403
13197 0.0034602077
13210 0.036977198
13211 0.005952381
13214 0.003968254
13224 0.011857707
13235 0.043767255
13249 0.0052083335
13251 0.012771622
13255 0.17880176
13260 0.53539765
13275 0.0114798965
13301 0.011857707
13316 0.11513859
13318 0.0038461538
13321 0.007874016
13334 0.04028579
13343 0.05162371
13360 0.0375
13361 0.0038461538
13377 0.009259259
13380 0.016319904
13402 0.0027322404
13408 0.00456621
13410 0.02274274
13426 0.0351016
13441 0.058920123
13446 0.00952381
13450 0.006993007
13452 0.005791877
13457 0.02446198
13458 0.13477182
13480 0.11625239
13485 0.07614375
13489 0.007142857
13491 0.00295858
13503 0.032629043
13521 0.19177938
13527 0.003508772
13530 0.003021148
13532 0.13244589
13534 0.0028248588
13538 0.0044444446
13576 0.006699822
13600 0.013986014
13603 0.102633245
13610 0.13199723
13613 0.26181594
13615 0.019122373
13621 0.0072469427
13622 0.0027472528
13637 0.0052416846
13640 0.008264462
13651 0.0096037295
13659 0.08799586
13662 0.006776746
13673 0.0037313432
13689 0.008021148
13694 0.051282052
13701 0.006993007
13703 0.0039525693
13707 0.003021148
13709 0.06063801
13711 0.00456621
13714 0.032690052
13722 0.007461341
13726 0.0044444446
13728 0.0056179776
13775 0.006706961
13778 0.003267974
13785 0.003030303
13789 0.0021321962
13804 0.0034843206
13841 0.030240785
13844 0.20496102
13855 0.08618884
13857 0.020193132
13861 0.0032894737
13869 0.008928572
13870 0.0028248588
13871 0.002283105
13872 0.011415524
13883 0.020575397
13885 0.003030303
13888 0.003787879
13890 0.006993007
13904 0.007876269
13911 0.0032258064
13919 0.05449427
13921 0.008343711
13929 0.3943889
13958 0.0056652213
13964 0.0034129692
13983 0.09882155
14000 0.029093217
14009 0.0021321962
14011 0.0055089113
14015 0.0028089888
14022 0.013058549
14025 0.01
14027 0.008264462
14037 0.003030303
14060 0.11778429
14061 0.049525965
14067 0.005524862
14070 0.003215434
14072 0.00729927
14075 0.011987693
14085 0.07278197
14090 0.048515983
14099 0.003267974
14113 0.0034129692
14115 0.0023310024
14119 0.0033670033
14126 0.0072727273
14129 0.009720661
14153 0.0073344084
14155 0.008510638
14156 0.04720854
14158 0.03259758
14165 0.0033333334
14171 0.0032894737
14173 0.10756428
14176 0.0022522523
14185 0.018376162
14189 0.0059835957
14197 0.003787879
14217 0.0023310024
14220 0.003267974
14223 0.010393525
14224 0.00295858
14254 0.012593957
14261 0.0057471264
14262 0.0039525693
14273 0.014580943
14285 0.004166667
14288 0.014548898
14299 0.01060452
14300 0.13829304
14311 0.007874016
14314 0.014804013
14330 0.0037313432
14348 0.011049724
14365 0.047099534
14374 0.008510638
14381 0.0058496683
14385 0.007905139
14391 0.008510638
14394 0.022305235
14398 0.018576957
14402 0.101989955
14406 0.0064102565
14425 0.02744709
14442 0.05369766
14443 0.0073655387
14455 0.0129453875
14461 0.00729927
14465 0.06308947
14468 0.0022522523
14472 0.00456621
14475 0.003508772
14490 0.008483122
14491 0.0023310024
14494 0.0028089888
14496 0.003215434
14514 0.12964256
14515 0.12414716
14518 0.0068097124
14525 0.00857739
14533 0.0027472528
14535 0.0064102565
14548 0.009246864
14550 0.012896603
14556 0.021049723
14560 0.004132231
14567 0.006535948
14579 0.0027322404
14582 0.002283105
14584 0.01308235
14585 0.013556115
14587 0.012491714
14596 0.003267974
14607 0.03670787
14618 0.0033898305
14620 0.033779763
14622 0.0027472528
14631 0.00729927
14650 1.2859298
14671 0.010416667
14682 0.00734053
14683 0.013468013
14684 0.0100658825
14691 0.0028089888
14695 0.0057471264
14696 0.0065789474
14697 0.0028089888
14701 0.003533569
14704 0.020573534
14705 0.011235955
14707 0.008264462
14709 0.003717472
14714 0.020126086
14720 0.0052083335
14727 0.005524862
14745 0.003717472
14752 0.008928572
14757 0.052105557
14777 0.0032258064
14788 0.02115103
14789 0.021430012
14795 0.004166667
14798 0.07262622
14800 0.008064516
14801 0.009433962
14803 0.0039525693
14806 0.010004967
14809 0.0063965884
14817 0.00862069
14826 0.008510638
14829 0.0090309465
14832 0.00887574
14835 0.01
14838 0.12174614
14855 0.14803167
14860 0.08989249
14863 0.0039525693
14884 0.0057471264
14891 0.009857182
14903 0.080942966
14912 0.005952381
14950 0.0056179776
14960 0.010895847
14961 0.0028089888
14966 0.011985576
14982 0.0057471264
14992 0.015038572
14995 0.021733953
15011 0.085986845
15016 0.003968254
15034 0.02981901
15061 0.04163417
15078 0.035696287
15081 0.0027322404
15082 0.003717472
15086 0.0028571428
15088 0.0031847134
15093 0.014828399
15103 0.0034843206
15109 0.003215434
15113 0.002283105
15116 0.0032894737
15117 0.012437344
15120 0.030398779
15121 0.015207373
15125 0.0038461538
15154 0.026616307
15177 0.003215434
15187 0.0071680034
15192 0.008928572
15196 0.22478627
15208 0.037403386
15209 0.1292638
15220 0.0027472528
15222 0.0022522523
15229 0.006993007
15230 0.007823729
15244 0.004385965
15246 0.010416667
15252 0.007905139
15257 0.004385965
15266 0.0052083335
15278 0.010416667
15302 0.0021321962
15315 0.013333334
15323 0.010261707
15342 0.044031914
15348 0.021142323
15354 0.00862069
15362 0.00456621
15366 0.005
15374 0.016099378
15376 0.018930152
15377 0.012820513
15404 0.003787879
15413 0.0034129692
15414 0.034900285
15417 0.004878049
15419 0.013333334
15422 0.010526316
15426 0.0052083335
15438 0.0033333334
15446 0.018644335
15448 0.00862069
15469 0.0044444446
15472 0.0028089888
15476 0.011737561
15478 0.0022522523
15484 0.07297209
15496 0.014067447
15500 0.003773585
15509 0.0127864005
15522 0.024387943
15527 0.003717472
15528 0.3002664
15543 0.0028089888
15567 0.008928572
15592 0.015054945
15595 0.06789681
15600 0.0034843206
15606 0.01226701
15608 0.0065390747
15610 0.025445601
15629 0.08769372
15631 0.0021321962
15662 0.022216704
15669 0.0044444446
15677 0.012586619
15703 0.0057471264
15716 0.003533569
15732 0.008474576
15747 0.0033333334
15750 0.0028011205
15755 0.020986032
15765 0.0045871558
15784 0.0034129692
15802 0.0037313432
15808 0.033661798
15821 0.004608295
15849 0.0065789474
15858 0.0057471264
15867 0.0028089888
15874 0.0021321962
15875 0.0045871558
15899 0.0028248588
15900 0.065188155
15902 0.01749944
15903 0.04113188
15908 0.003773585
15945 0.008264462
15949 0.0032467532
15952 0.00542167
15959 0.03346649
15960 0.040991154
15961 0.0032467532
15962 0.008264462
15963 0.0027322404
15966 0.0032258064
15971 0.03494391
15975 0.020155145
15978 0.006993007
15980 0.017934699
15982 0.004166667
16002 0.014982877
16003 0.035584476
16010 0.0032467532
16012 0.0028571428
16021 0.00295858
16024 0.020463958
16028 0.003267974
16031 0.0057471264
16032 0.011134971
16044 0.006993007
16058 0.007251041
16063 0.010014155
16064 0.07223803
16068 0.003267974
16097 0.0045045046
16109 0.0037313432
16115 0.002283105
16159 0.0057471264
16161 0.09377546
16164 0.006430868
16190 0.0032786885
16203 0.017689394
16226 0.0032258064
16234 0.008264462
16249 0.016393442
16265 0.003773585
16290 0.0039525693
16292 0.008958135
16293 0.016393442
16299 0.00754717
16310 0.0033670033
16323 0.0057471264
16324 0.025115395
16332 0.006535948
16345 0.009090909
16346 0.0065789474
16356 0.047405746
16367 0.016949153
16371 0.008928572
16375 0.084785715
16379 0.010326341
16381 0.006666667
16384 0.006993007
16385 0.0032467532
16386 0.0032467532
16387 0.019907732
16390 0.19961677
16394 0.019023322
16396 0.17495018
16409 0.006168124
16411 0.01274358
16430 0.0072727273
16444 0.0032894737
16471 0.032792956
16474 0.022140568
16481 0.20934351
16495 0.016213369
16504 0.003030303
16508 0.014675698
16519 0.030785881
16520 0.068535104
16530 0.003215434
16531 0.014799685
16532 0.003773585
16533 0.010553246
16553 0.008928572
16555 0.009125203
16556 0.0027322404
16561 0.0074626864
16563 0.01583055
16566 0.007874016
16573 0.014669197
16582 0.33048493
16587 0.013333334
16599 0.08056154
16600 0.0021321962
16602 0.004385965
16605 0.045866035
16618 0.00295858
16621 0.02986813
16625 0.003030303
16639 0.0039525693
16650 0.008510638
16656 0.004132231
16669 0.003030303
16676 0.00729927
16704 0.00456621
16708 0.006993007
16712 0.003030303
16717 0.27569625
16723 0.00952381
16724 0.007191697
16729 0.017019115
16736 0.23988661
16739 0.0032786885
16746 0.006993007
16749 0.0033670033
16772 0.01161859
16789 0.0032894737
16813 0.003267974
16836 0.017273577
16841 0.035319187
16849 0.006129259
16871 0.26998967
16875 0.0033333334
16888 0.009183287
16892 0.030530347
16895 0.015625
16916 0.009090909
16919 0.00862069
16926 0.0028089888
16947 0.003267974
16950 0.004878049
16969 0.008510638
16982 0.005
17023 0.003717472
17025 0.005556809
17029 0.011083011
17036 0.004385965
17039 0.007874016
17048 0.010416667
17063 0.010416667
17066 0.0036231885
17070 0.0054945056
17084 0.003030303
17094 0.0034843206
17100 0.0057471264
17114 0.0069828723
17117 0.006993007
17130 0.013333334
17156 0.007857414
17161 0.007874016
17177 0.008928572
17181 0.003968254
17184 0.010416667
17196 0.013496873
17235 0.005524862
17236 0.0054644807
17238 0.004385965
17252 0.044995792
17262 0.008982684
17265 0.003030303
17272 0.03551887
17287 0.003773585
17294 0.099262774
17296 0.0032894737
17318 0.02165974
17327 0.09535776
17329 0.003508772
17336 0.063312314
17338 0.00295858
17341 0.00914974
17343 0.003533569
17353 0.0038461538
17355 0.0028089888
17357 0.024193548
17361 0.00893184
17365 0.0028011205
17366 0.03749053
17378 0.0034602077
17388 0.0031847134
17415 0.20580125
17419 0.00695709
17420 0.003508772
17431 0.0074626864
17437 0.008928572
17450 0.008928572
17452 0.024793388
17460 0.00295858
17464 0.009948917
17476 0.0039525693
17486 0.0104001695
17490 0.006535948
17510 0.007874016
17513 0.008952569
17523 0.014492754
17549 0.026541471
17553 0.084924184
17559 0.031792562
17561 0.0097402595
17584 0.004132231
17587 0.02825986
17588 0.007874016
17592 0.0057142857
17614 0.0031847134
17618 0.0034129692
17651 0.0028089888
17653 0.026674362
17657 0.0022522523
17658 0.007003313
17659 0.013110377
17661 0.08574498
17676 0.02067555
17679 0.013651877
17687 0.006993007
17694 0.0021321962
17710 0.0028089888
17718 0.005952381
17723 0.00862069
17724 0.013333334
17749 0.009756098
17751 0.043973457
17765 0.008928572
17781 0.003030303
17801 0.0057471264
17807 0.04174254
17812 0.0027472528
17815 0.003215434
17820 0.0022522523
17828 0.00862069
17840 0.039389376
17841 0.003215434
17846 0.010416667
17865 0.081905946
17867 0.013814891
17890 0.010416667
17895 0.00295858
17896 0.009433962
17912 0.0034129692
17916 0.00295858
17935 0.043231342
17949 0.011023096
17959 0.0039525693
17962 0.003030303
17983 0.008751136
18003 0.008719604
18014 0.025213614
18016 0.002283105
18021 0.014701275
18038 0.01957285
18044 0.010416667
18051 0.003787879
18056 0.016393442
18064 0.14504524
18066 0.0027322404
18078 0.011832325
18080 0.0027472528
18081 0.011601302
18107 0.0290336
18116 0.008298756
18117 0.0033333334
18134 0.017983522
18135 0.00862069
18153 0.008064516
18159 0.1463789
18177 0.009259259
18208 0.022902789
18209 0.010398415
18210 0.024356926
18222 0.0028571428
18232 0.017546844
18239 0.5607017
18243 0.006993007
18245 0.002283105
18246 0.008429465
18250 0.02456091
18251 0.77425855
18253 0.0028089888
18255 0.0034602077
18258 0.0057471264
18263 1.150372
18275 0.00689729
18276 0.006993007
18290 0.011566158
18298 0.021222183
18311 0.048224825
18340 0.03870115
18342 0.022696279
18349 0.0039525693
18351 0.0034129692
18356 0.003508772
18365 0.0033670033
18369 0.06556393
18378 0.5798765
18381 0.008885952
18385 0.003215434
18394 0.018975416
18403 0.008333334
18410 0.64130646
18414 0.11768795
18431 0.010416667
18436 0.018518519
18437 0.011049724
18452 0.007808989
18454 0.0057471264
18461 0.0028571428
18471 0.025641026
18478 0.008474576
18480 0.0032786885
18497 0.0039525693
18501 0.05051665
18518 0.0022522523
18525 0.003533569
18530 0.0033670033
18531 0.0028571428
18536 0.003267974
18543 0.0039525693
18544 0.022845365
18561 0.011494253
18564 0.005952381
18566 0.007142857
18569 0.00295858
18570 0.0038461538
18573 0.01733647
18578 0.003533569
18586 0.0028571428
18596 0.013333334
18598 0.022588886
18599 0.02074116
18608 0.0021321962
18619 0.003508772
18623 0.12293477
18633 0.016949153
18635 0.0038461538
18656 0.02036001
18657 0.011904762
18677 0.007142857
18679 0.009894577
18681 0.011904762
18689 0.0039525693
18693 0.030098123
18706 0.011685235
18731 0.10974403
18732 0.010275524
18738 0.0072727273
18758 0.24480323
18764 0.008474576
18771 0.004385965
18777 0.003968254
18778 0.008476308
18800 0.009433962
18804 0.0022522523
18807 0.005556809
18812 0.03946254
18814 0.004385965
18820 0.009259259
18822 0.0072727273
18834 0.10473857
18836 0.0052083335
18842 0.0037313432
18849 0.011700382
18858 0.0045871558
18877 0.00456621
18880 0.007874016
18882 0.021899506
18886 0.004608295
18891 0.00952381
18907 0.003773585
18910 0.010182231
18912 0.019762846
18914 0.0038461538
18922 0.010596906
18932 0.008928572
18937 0.0033898305
18939 0.004166667
18945 0.0033333334
18948 0.0031847134
18955 0.003267974
18979 0.003773585
18991 0.044968326
19016 0.00456621
19020 0.01655083
19025 0.010526316
19034 0.008726377
19038 0.059322033
19044 0.009878199
19046 0.0032786885
19054 0.014492754
19060 0.0032258064
19062 0.31234387
19066 0.0054945056
19068 0.01
19098 0.0067281816
19121 0.003533569
19126 0.1381134
19127 0.010642492
19132 0.003508772
19137 0.07062461
19142 0.0023310024
19157 0.014545455
19165 0.006993007
19170 0.0108391605
19178 0.003787879
19183 0.031136509
19186 0.004132231
19188 0.008888889
19192 0.013176972
19198 0.0062480536
19199 0.09320262
19216 0.010122538
19222 0.0033333334
19236 0.003508772
19249 0.005650108
19250 0.060459334
19292 0.008523274
19310 0.003030303
19322 0.010714285
19356 0.026071757
19371 0.003021148
19385 0.012157383
19395 0.0045871558
19400 0.0074626864
19408 0.00579121
19438 0.0060984623
19443 0.0028248588
19455 0.003968254
19461 0.17435157
19463 0.00295858
19477 0.004385965
19490 0.0039525693
19491 0.002283105
19498 0.048643984
19519 0.017301587
19531 0.016393442
19548 0.005
19560 0.003267974
19579 0.0021321962
19581 0.9272903
19594 0.010416667
19601 0.0068673017
19603 0.045994706
19610 0.0027322404
19612 0.025213614
19622 0.15053424
19628 0.0056497175
19636 0.021383844
19640 0.00729927
19646 0.0032467532
19654 0.00729927
19683 0.022926662
19688 0.012442831
19695 0.005952381
19696 0.042843513
19697 0.009259259
19711 0.009312741
19718 0.004166667
19724 0.008928572
19729 0.0045045046
19734 0.00952381
19735 0.003267974
19736 0.74501234
19737 0.0028571428
19767 0.0057471264
19773 0.0064102565
19781 0.003021148
19789 0.008333334
19805 0.0074626864
19806 0.025877725
19830 0.0070102448
19858 0.008318499
19863 0.0033333334
19865 0.0069111492
19867 0.0074626864
19884 0.019345239
19886 0.19534728
19893 0.015625
19916 0.003030303
19917 0.09348015
19919 0.00456621
19936 0.026726147
19954 0.0065789474
19967 0.01724138
19970 0.00591716
19980 0.011080833
19983 0.003021148
20003 0.0057471264
20020 0.14430943
20047 0.0175
20052 0.012852382
20054 0.0027322404
20057 0.003215434
20065 0.056384187
20071 0.008474576
20085 0.028958311
20095 0.0034129692
20107 0.0052083335
20119 0.0037313432
20127 0.020428782
20150 0.025070164
20154 0.0056179776
20163 0.035461776
20166 0.003267974
20167 0.0045045046
20176 0.0028089888
20192 0.006993007
20196 0.08905956
20198 0.002283105
20203 0.026337348
20209 0.0059626866
20217 0.021485787
20218 0.0057142857
20231 0.23978259
20238 0.038947575
20245 0.003968254
20263 0.0038461538
20275 0.006779661
20280 0.009136957
20304 0.007905139
20309 0.021801485
20315 0.006901877
20327 0.005541229
20336 0.011566158
20345 0.01905983
20349 0.007017544
20360 0.073303916
20367 0.012760189
20375 0.0032894737
20384 0.008928572
20385 0.006989019
20402 0.0101416
20404 0.0034129692
20405 1.0843111
20414 0.0027472528
20418 0.003267974
20424 0.005524862
20426 0.0028089888
20434 0.015076755
20437 0.13471487
20438 0.23407659
20441 0.003533569
20450 0.014716169
20453 0.3495678
20456 0.0021321962
20472 0.003968254
20493 0.004608295
20495 0.0021321962
20496 0.009704403
20501 0.032002147
20506 0.016949153
20510 0.0027322404
20514 0.0057142857
20516 0.12395114
20520 0.013308693
20538 0.03565882
20556 0.0037313432
20567 0.0034843206
20571 0.036446173
20579 0.30921292
20587 0.008510638
20598 0.007874016
20600 0.008928572
20601 0.006993007
20603 0.009259259
20608 0.0032467532
20610 0.0023310024
20624 0.046054177
20627 0.0028571428
20630 0.016080577
20631 0.020695971
20638 0.014741006
20645 0.0032467532
20648 0.13030271
20664 0.020833334
20696 0.790431
20703 0.003968254
20712 0.14114635
20723 0.26006866
20725 0.0021321962
20750 0.009036601
20780 0.0070844754
20781 0.0031847134
20784 0.016894277
20792 0.0052083335
20813 0.04960973
20817 0.0033898305
20821 0.03491415
20823 0.02190518
20841 0.0037313432
20851 0.008298756
20854 0.006535948
20855 0.004166667
20866 0.003021148
20876 0.010889375
20881 0.0072727273
20883 2.2570746
20886 0.057182938
20925 0.005467818
20942 0.04632424
20945 0.003215434
20959 0.019001095
20975 0.005524862
20978 0.005602241
20988 0.0059835957
20998 0.014098666
20999 0.010405976
21003 0.010600707
21007 0.079134315
21026 0.010600707
21027 0.0039525693
21038 0.06966195
21040 0.007874016
21044 0.057859153
21048 0.0057625435
21071 0.0023310024
21076 0.008074982
21087 0.0027322404
21110 0.012052348
21123 0.014452963
21136 0.006557448
21138 0.0032467532
21141 0.012630725
21160 0.0032467532
21166 0.009259259
21178 0.011159673
21194 0.037631612
21201 0.010416667
21218 0.0028089888
21226 0.005952381
21236 0.007142857
21238 0.003508772
21254 0.0057471264
21262 0.008298756
21264 0.0033898305
21278 0.062411558
21286 0.0034843206
21287 0.008189399
21291 0.01658818
21292 0.02238806
21295 0.011030613
21300 0.0067772428
21312 0.040214192
21317 0.008360741
21325 0.06375381
21341 0.004132231
21345 0.24170147
21346 0.018187832
21377 0.0058397744
21378 0.011049724
21384 0.003030303
21385 0.0044444446
21401 0.058416042
21403 0.022891652
21404 0.0052083335
21432 0.03047612
21444 0.057361744
21445 0.019638065
21465 0.11991495
21468 0.008264462
21483 0.01094873
21487 0.015962686
21492 0.0028248588
21493 0.015698973
21501 0.008064516
21521 0.003030303
21541 0.08390388
21545 0.008238636
21552 0.0034843206
21558 0.01419233
21559 0.008510638
21565 0.01904762
21570 0.009259259
21576 0.01
21578 0.024676602
21588 0.041353513
21592 0.00295858
21598 0.0057471264
21621 0.18169075
21628 0.025213614
21632 0.19177938
21642 0.0027322404
21662 0.004878049
21665 0.006761646
21667 0.00456621
21677 0.004166667
21679 0.048881985
21687 0.0023310024
21696 0.019717507
21698 0.011959414
21706 0.005090776
21733 0.006256109
21752 0.11105826
21779 0.011407585
21786 0.04821126
21796 0.010542488
21806 0.008298756
21813 0.50570285
21819 0.0033333334
21828 0.004878049
21841 0.009078973
21857 0.0033670033
21871 0.003773585
21872 0.15776931
21891 0.0111524165
21923 0.009433962
21944 0.009967716
21996 0.009433962
22005 0.0039525693
22009 0.0071783755
22010 0.0028571428
22013 0.0021321962
22014 0.003030303
22022 0.010198135
22025 0.025641026
22027 0.009259259
22035 0.0633069
22050 0.042197045
22051 0.002283105
22060 0.002283105
22061 0.0032467532
22064 0.10037502
22067 0.015452387
22076 0.016610056
22077 0.0021321962
22089 0.0021321962
22094 0.0028011205
22102 0.00952381
22111 0.0062150164
22126 0.003717472
22128 0.010551416
22134 0.0329339
22136 0.008474576
22147 0.044568054
22154 0.0033670033
22161 0.007874016
22166 0.0028248588
22169 0.0028248588
22202 0.015092064
22219 0.005952381
22224 0.003030303
22233 0.01822861
22235 0.006993007
22264 0.025641026
22267 0.003717472
22268 0.0034602077
22270 0.015973266
22294 0.030694097
