38 0.07596507
57 0.012820513
84 0.014410257
97 0.06523379
125 0.0076923077
150 0.043362133
153 0.19738059
168 0.002173913
180 0.047331147
209 0.029204592
211 0.014925373
217 0.020833334
223 0.007518797
231 0.014925373
233 0.008091073
241 0.032643385
253 0.01369863
278 0.023529412
298 0.055996176
311 0.010416667
313 0.007518797
319 0.014705882
347 0.045146145
359 0.021133542
369 0.011764706
388 0.0069444445
431 0.0076923077
462 0.014925373
481 0.015160926
496 0.00295858
519 0.011904762
535 0.0064102565
538 0.007518797
542 0.014705882
575 0.00295858
599 0.012987013
716 0.04876871
718 0.012820513
731 0.014368112
802 0.002994012
828 0.009404268
874 0.020623043
884 0.1688006
917 0.025641026
928 0.019669827
981 0.014705882
1006 0.2524767
1010 0.012820513
1024 0.015873017
1035 0.002173913
1072 0.020820513
1081 0.0051324926
1085 0.012987013
1150 0.028599605
1164 0.002994012
1224 0.007751938
1241 0.019415293
1242 0.02631579
1249 0.002173913
1295 0.005167925
1376 0.006849315
1399 0.34467667
1410 0.067968145
1426 0.002173913
1482 0.051797945
1488 0.034129545
1499 0.012987013
1507 0.00295858
1522 0.012987013
1527 0.0064102565
1716 0.029309802
1720 0.0069444445
1807 0.002173913
1829 0.0076923077
1837 0.008982036
1858 0.01119714
1867 0.015384615
1908 0.00295858
1922 0.00591716
1961 0.0076923077
2041 0.08572392
2061 0.002173913
2070 0.002994012
2071 0.008
2119 0.007518797
2140 0.010416667
2188 0.010869565
2201 0.0064102565
2207 0.051282052
2220 0.0064102565
2226 0.007751938
2262 0.010869565
2269 0.002994012
2275 0.002994012
2284 0.10211765
2288 0.002994012
2292 0.013157895
2293 0.026533142
2305 0.007751938
2335 0.03846154
2372 0.017857775
2390 0.1943105
2393 0.016879795
2397 0.011764706
2426 0.00295858
2436 0.012820513
2534 0.01369863
2609 0.002994012
2611 0.004347826
2650 0.002994012
2662 0.08342548
2663 0.011764706
2668 0.010869565
2690 0.00591716
2721 0.017919384
2731 0.011981808
2743 0.013157895
2747 0.026917502
2758 0.04546371
2764 0.0064102565
2781 0.007306406
2791 0.005952592
2845 0.012820513
2870 0.012820513
2884 0.011764706
2897 0.002994012
2906 0.002173913
2982 0.002173913
3001 0.00295858
3010 0.002994012
3020 0.03448276
3044 0.017938457
3057 0.00295858
3058 0.062794656
3084 0.008
3099 0.010416667
3104 0.010869565
3105 0.023458313
3128 0.013888889
3130 0.06849315
3142 0.002173913
3154 0.002994012
3179 0.015873017
3210 0.01724138
3213 0.025259411
3251 0.00295858
3268 0.029753145
3269 0.008982036
3277 0.01724138
3288 0.002994012
3300 0.002173913
3306 0.009118358
3323 0.10584285
3327 0.047092125
3360 0.027777778
3412 0.014849315
3419 0.009866221
3439 0.24031007
3456 0.01724138
3491 0.025974026
3500 0.002173913
3515 0.013157895
3522 0.029526625
3530 0.02122762
3561 0.00295858
3581 0.010416667
3645 0.056968905
3702 0.002994012
3719 0.01724138
3735 0.03422619
3745 0.10912296
3762 0.0064102565
3792 0.01369863
3839 0.03846154
3842 0.0405664
3848 0.00295858
3859 0.002994012
3860 0.014078675
3921 0.007751938
3922 0.015873017
3950 0.020512821
3980 0.014705882
3982 0.014925373
4014 0.007518797
4025 0.01665721
4095 0.002994012
4107 0.066720724
4159 0.010416667
4161 0.020886797
4169 0.013167925
4205 0.013157895
4268 0.0069444445
4298 0.002173913
4314 0.00295858
4371 0.1751096
4405 0.002173913
4426 0.00295858
4490 0.0051324926
4510 0.0064102565
4513 0.031746034
4531 0.0069444445
4547 0.00295858
4576 0.002994012
4654 0.07165648
4665 0.08519697
4669 0.0405664
4679 0.04761905
4681 0.002994012
4683 0.0064102565
4702 0.008
4714 0.013157895
4789 0.007341838
4845 0.024
4846 0.14102565
4857 0.002994012
4867 0.012820513
4870 0.014541622
4874 0.032622233
4903 0.011981808
4930 0.005988024
4934 0.011764706
4948 0.05172414
4973 0.0064102565
5025 0.02245782
5077 0.030399274
5080 0.01369863
5083 0.016116474
5090 0.010416667
5143 0.0069444445
5144 0.013157895
5149 0.018031606
5150 0.006849315
5200 0.004347826
5242 0.0069444445
5246 0.011764706
5269 0.011904762
5308 0.0064102565
5329 0.002173913
5362 0.002994012
5366 0.01724138
5396 0.023076924
5426 0.018211402
5465 0.011764706
5466 0.002994012
5473 0.0064102565
5481 0.014898774
5490 0.013157895
5500 0.0069444445
5502 0.01095858
5552 0.04761905
5580 0.006849315
5585 0.0076923077
5605 0.0069444445
5631 0.028936986
5684 0.002173913
5691 0.002994012
5743 0.015873017
5753 0.0064102565
5788 0.07062274
5822 0.01724138
5825 0.10827389
5849 0.011764706
5859 0.018709151
5861 0.021774687
5868 0.00295858
5892 0.002994012
5900 0.0051324926
5909 0.013157895
5913 0.013157895
5926 0.008
5928 0.011764706
5939 0.02232143
5962 0.03846154
5988 0.012931995
5990 0.03882743
6026 0.0069444445
6032 0.00295858
6050 0.01369863
6091 0.033556297
6092 0.002994012
6097 0.019745305
6116 0.10194493
6141 0.002994012
6143 0.26901436
6153 0.00591716
6162 0.12981358
6164 0.002173913
6206 0.0076923077
6215 0.0069444445
6222 0.015779093
6237 0.026541514
6239 0.05278586
6286 0.011904762
6314 0.011904762
6336 0.010650888
6359 0.0064102565
6409 0.007751938
6435 0.014863342
6444 0.00295858
6474 0.00295858
6506 0.010869565
6509 0.013506821
6577 0.006849315
6579 0.0076923077
6588 0.017099285
6612 0.002173913
6623 0.021869818
6626 0.002173913
6661 0.00295858
6684 0.002173913
6688 0.026798852
6703 0.008
6708 0.002173913
6728 0.012987013
6752 0.002994012
6780 0.008
6808 0.008
6863 0.014925373
6864 0.01923077
6886 0.097923875
6888 0.011904762
6934 0.002173913
6939 0.002994012
6952 0.002994012
7007 0.0064102565
7013 0.01369863
7106 0.002994012
7110 0.0069444445
7124 0.061717354
7131 0.038961038
7135 0.005167925
7141 0.00295858
7160 0.035764705
7168 0.002994012
7193 0.01369863
7208 0.011904762
7209 0.009938456
7211 0.11940291
7252 0.002173913
7265 0.028240252
7395 0.00295858
7408 0.17910448
7433 0.002994012
7474 0.013157895
7479 0.0064102565
7485 0.012820513
7486 0.017821923
7487 0.083333336
7505 0.033114396
7522 0.0069444445
7544 0.013888889
7592 0.002994012
7660 0.010869565
7669 0.010416667
7680 0.0051324926
7690 0.00295858
7733 0.012820513
7752 0.006849315
7755 0.02222478
7792 0.002173913
7815 0.00295858
7830 0.09781694
7897 0.021938618
7914 0.01369863
7916 0.05935452
7999 0.013258997
8021 0.0076923077
8022 0.014925373
8035 0.03529412
8038 0.0076923077
8070 0.03774358
8140 0.014705882
8163 0.03549158
8193 0.012987013
8194 0.114689484
8208 0.10386964
8219 0.011764706
8237 0.018994013
8243 0.034054566
8259 0.6699908
8263 0.11103563
8277 0.010416667
8288 0.002173913
8297 0.0069444445
8342 0.0064102565
8343 0.18521257
8352 0.002994012
8355 0.002994012
8366 0.15384616
8368 0.16038597
8371 0.015692309
8384 0.010416667
8409 0.007518797
8422 0.04841241
8433 0.018939607
8434 0.03079839
8448 0.014925373
8455 0.0069444445
8497 0.005988024
8533 0.002173913
8545 0.002994012
8561 0.03130771
8565 0.007751938
8573 0.12990604
8592 0.01939727
8630 0.0510951
8665 0.00295858
8709 0.008
8743 0.026773106
8754 0.01923077
8795 0.006849315
8797 0.021696253
8807 0.011764706
8809 0.03448276
8811 0.0462138
8837 0.031911973
8840 0.0069444445
8851 0.014925373
8855 0.006849315
8876 0.014705882
8892 0.002173913
8974 0.002994012
9011 0.01724138
9013 0.012820513
9021 0.005988024
9041 0.030502379
9046 0.008
9100 0.09274411
9114 0.01369863
9139 0.013259571
9156 0.0064102565
9157 0.010416667
9226 0.014463242
9227 0.08219178
9250 0.0898662
9277 0.008
9310 0.0069444445
9352 0.030423876
9361 0.011904762
9410 0.004347826
9412 0.00295858
9449 0.0064102565
9468 0.00295858
9489 0.008
9505 0.0064102565
9528 0.010869565
9535 0.023255814
9544 0.090852134
9639 0.012820513
9673 0.012820513
9685 0.002173913
9716 0.00858417
9719 0.002173913
9772 0.06959115
9783 0.01369863
9810 0.012987013
9836 0.007518797
9875 0.015873017
9879 0.002173913
9926 0.011981808
9951 0.011904762
9975 0.0076923077
9988 0.007518797
10025 0.024897452
10041 0.019565217
10083 0.19158578
10095 0.01369863
10097 0.002994012
10115 0.013888889
10184 0.055702917
10244 0.0076923077
10248 0.01369863
10270 0.0064102565
10284 0.027764708
10290 0.0069444445
10297 0.012820513
10304 0.002994012
10309 0.039473683
10340 0.002994012
10347 0.002173913
10350 0.029850746
10409 0.03846154
10410 0.002173913
10417 0.026742581
10423 0.0069444445
10492 0.051548187
10533 0.006849315
10541 0.00295858
10546 0.09795053
10562 0.006849315
10565 0.008
10581 0.010416667
10651 0.13074975
10677 0.013157895
10691 0.05180233
10704 0.002173913
10763 0.06995383
10767 0.22576661
10821 0.27330735
10883 0.010416667
10896 0.0674077
10897 0.094250344
10949 0.012820513
10988 0.01939727
11020 0.0064102565
11049 0.026560234
11073 0.048107825
11080 0.015217391
11088 0.002994012
11107 0.002173913
11121 0.002994012
11131 0.002994012
11141 0.09594728
11221 0.0069444445
11233 0.002994012
11245 0.012820513
11264 0.012820513
11270 0.00295858
11296 0.011904762
11298 0.009866221
11350 0.03125
11360 0.002994012
11432 0.002994012
11447 0.05882353
11504 0.008
11527 0.010264985
11598 0.089056745
11604 0.011764706
11607 0.018416667
11608 0.007751938
11611 0.012820513
11635 0.28202862
11644 0.012820513
11682 0.00295858
11690 0.014705882
11701 0.0076923077
11734 0.027764708
11761 0.0069444445
11825 0.08206931
11881 0.0069444445
11883 0.19685195
11905 0.016336108
11913 0.002173913
11932 0.25656202
11941 0.010869565
11944 0.00858417
11970 0.014705882
11997 0.0064102565
12001 0.015503876
12016 0.04828787
12037 0.0076923077
12083 0.004347826
12162 0.011764706
12165 0.007518797
12171 0.002994012
12185 0.002994012
12208 0.012820513
12271 0.010173913
12291 0.002173913
12316 0.00295858
12321 0.005988024
12324 0.015037594
12329 0.011764706
12335 0.00295858
12365 0.00295858
12395 0.002173913
12398 0.02739726
12441 0.002994012
12447 0.0064102565
12468 0.015873017
12470 0.015872544
12476 0.007751938
12481 0.014705882
12495 0.005988024
12502 0.0076923077
12552 0.021615516
12580 0.007518797
12595 0.012820513
12606 0.012987013
12664 0.010416667
12707 0.008
12710 0.46846938
12734 0.01129227
12745 0.00295858
12747 0.0064102565
12765 0.012347827
12793 0.014925373
12800 0.05882353
12823 0.014925373
12830 0.07129229
12871 0.010512809
12890 0.017265983
12899 0.010869565
12967 0.002173913
12979 0.007518797
12987 0.007518797
13003 0.018621504
13008 0.002994012
13041 0.18180454
13066 0.002994012
13097 0.01724138
13155 0.019651223
13210 0.007306406
13249 0.007518797
13255 0.016218152
13260 0.4169159
13268 0.012987013
13307 0.029202506
13316 0.011904762
13327 0.002994012
13334 0.013410679
13359 0.012820513
13369 0.012820513
13377 0.008
13410 0.022736188
13426 0.024457186
13435 0.014705882
13441 0.03729348
13450 0.002994012
13452 0.011764706
13458 0.029332021
13480 0.012987013
13485 0.086849034
13491 0.00295858
13494 0.002173913
13503 0.06006589
13532 0.05943739
13566 0.013888889
13610 0.005988024
13613 0.090321966
13615 0.00295858
13621 0.011904762
13631 0.008
13637 0.00295858
13662 0.008
13664 0.002994012
13696 0.010416667
13709 0.00591716
13721 0.03846154
13722 0.032384284
13741 0.002173913
13770 0.015873017
13778 0.0076923077
13789 0.002173913
13814 0.02173913
13841 0.01369863
13842 0.046653144
13844 0.01740427
13855 0.002994012
13857 0.008
13919 0.004347826
13952 0.013259571
13958 0.0196567
13983 0.01575194
14011 0.010416667
14027 0.083333336
14028 0.002173913
14061 0.00858417
14085 0.037276648
14090 0.002173913
14093 0.01369863
14161 0.007751938
14173 0.01369863
14223 0.00295858
14224 0.00295858
14273 0.01369863
14300 0.14528555
14314 0.002994012
14315 0.012820513
14330 0.01369863
14347 0.002173913
14381 0.020833334
14394 0.0109940125
14402 0.12746763
14514 0.01942356
14520 0.007751938
14533 0.0076923077
14650 0.15049753
14651 0.012820513
14665 0.002173913
14684 0.008126505
14691 0.002173913
14694 0.013506821
14727 0.002994012
14757 0.029411765
14788 0.046314105
14798 0.01575194
14801 0.023076924
14832 0.00887574
14855 0.002994012
14860 0.002173913
14874 0.002173913
14891 0.015779093
14918 0.012987013
14972 0.010869565
14987 0.002173913
15011 0.012987013
15078 0.030502379
15101 0.025641026
15116 0.006849315
15142 0.014925373
15150 0.007518797
15154 0.028663523
15196 0.081503674
15209 0.06099744
15233 0.002994012
15238 0.008
15260 0.011904762
15323 0.007518797
15374 0.012987013
15415 0.01369863
15419 0.014925373
15448 0.002994012
15469 0.019851701
15527 0.08679238
15528 0.053044874
15542 0.0076923077
15543 0.011904762
15557 0.012820513
15606 0.01369863
15616 0.010416667
15624 0.007518797
15629 0.024608906
15703 0.19416758
15744 0.002173913
15900 0.020347826
15902 0.05551394
15925 0.012820513
15966 0.006849315
15975 0.012820513
15980 0.00295858
15988 0.002994012
16002 0.038628038
16003 0.058796644
16021 0.00295858
16058 0.0076923077
16064 0.01917673
16129 0.0076923077
16148 0.0882353
16201 0.010416667
16313 0.013157895
16326 0.010869565
16346 0.027320089
16356 0.0069444445
16367 0.002173913
16387 0.005952592
16396 0.03769768
16405 0.002173913
16409 0.0076923077
16460 0.015873017
16481 0.019651223
16495 0.016692642
16496 0.0076923077
16573 0.010416667
16582 0.057901435
16599 0.007306406
16605 0.014162194
16618 0.00295858
16621 0.002994012
16660 0.002994012
16669 0.015873017
16676 0.011904762
16693 0.10294118
16701 0.002173913
16717 0.18571362
16719 0.083333336
16729 0.002994012
16736 0.09478051
16762 0.002994012
16818 0.014925373
16869 0.015872544
16871 0.061447836
16905 0.002994012
16911 0.006849315
16958 0.0064102565
17083 0.014925373
17109 0.02111614
17144 0.005988024
17188 0.010416667
17196 0.010869565
17231 0.012820513
17252 0.008
17272 0.00295858
17305 0.025641026
17318 0.017717298
17327 0.01956815
17336 0.03448276
17338 0.00295858
17355 0.019457014
17361 0.002994012
17415 0.0051324926
17431 0.0064102565
17434 0.0076923077
17460 0.00295858
17486 0.014925373
17513 0.0069444445
17553 0.03710076
17577 0.002173913
17578 0.007518797
17588 0.006849315
17633 0.014758718
17653 0.01369863
17661 0.042314067
17665 0.011764706
17720 0.03529412
17724 0.043512568
17751 0.018561874
17788 0.015037594
17815 0.012820513
17840 0.010869565
17865 0.00295858
17895 0.00295858
17910 0.006849315
17916 0.00295858
17932 0.012987013
17935 0.014764493
17949 0.04352498
18003 0.013828145
18044 0.002173913
18056 0.002994012
18064 0.023486469
18107 0.03635194
18122 0.013157895
18153 0.002994012
18159 0.014863764
18177 0.002994012
18208 0.018867029
18217 0.0069444445
18222 0.014214046
18237 0.005988024
18263 0.18817358
18270 0.002173913
18272 0.004347826
18275 0.011764706
18290 0.06410257
18305 0.010416667
18323 0.002994012
18340 0.012987013
18342 0.015981026
18378 0.27658352
18381 0.006849315
18385 0.0064102565
18394 0.010869565
18410 0.01183432
18414 0.027489759
18430 0.011764706
18467 0.012820513
18482 0.013157895
18501 0.004347826
18544 0.010512809
18554 0.013157895
18569 0.00295858
18610 0.008
18623 0.022925373
18656 0.02739726
18731 0.040561862
18732 0.013375247
18758 0.020877965
18771 0.007751938
18812 0.006849315
18817 0.023809524
18834 0.005988024
18836 0.015331808
18872 0.0076923077
18882 0.0064102565
18891 0.048
18957 0.002994012
18978 0.011904762
18996 0.011764706
19020 0.011904762
19025 0.010416667
19062 0.046312418
19126 0.002994012
19127 0.017037254
19137 0.007751938
19183 0.014758718
19188 0.024115298
19198 0.016002059
19199 0.006849315
19221 0.002173913
19250 0.012987013
19320 0.002173913
19416 0.013157895
19461 0.026856525
19463 0.00295858
19531 0.012820513
19598 0.002994012
19613 0.0069444445
19641 0.002994012
19683 0.00295858
19695 0.20738585
19696 0.0149700595
19712 0.020820513
19831 0.004347826
19865 0.017500203
19886 0.10761241
19893 0.041191418
19917 0.04270315
19970 0.00591716
20020 0.015640097
20065 0.048570532
20127 0.029923275
20145 0.015217392
20150 0.022467334
20185 0.005988024
20203 0.033776995
20217 0.008
20231 0.576935
20259 0.002994012
20263 0.009843327
20336 0.00969271
20360 0.008
20386 0.002994012
20402 0.012987013
20425 0.015217391
20434 0.026175214
20437 0.02925876
20438 0.007751938
20453 0.045445625
20456 0.007518797
20493 0.030866968
20501 0.04044465
20516 0.002994012
20538 0.008
20543 0.010416667
20571 0.04256966
20579 0.08387774
20584 0.008
20598 0.03581252
20618 0.020833334
20622 0.04411765
20624 0.017361112
20645 0.05882353
20648 0.056731988
20659 0.020820513
20693 0.011764706
20696 0.10965312
20712 0.015873017
20723 0.04826054
20737 0.012820513
20813 0.006521739
20821 0.008
20825 0.009023228
20830 0.002994012
20878 0.014705882
20883 0.031779096
20959 0.03125
20988 0.002994012
21000 0.01369863
21033 0.002994012
21044 0.018087788
21058 0.013157895
21070 0.012987013
21110 0.009843327
21121 0.06153846
21123 0.0510734
21131 0.0064102565
21133 0.002994012
21150 0.002994012
21208 0.002994012
21219 0.07638889
21224 0.0069444445
21235 0.011764706
21262 0.0076923077
21287 0.014705882
21345 0.006849315
21401 0.051619433
21408 0.012820513
21432 0.015432911
21445 0.038661692
21464 0.05047238
21465 0.10783837
21487 0.023529412
21504 0.014705882
21541 0.01724138
21578 0.013888889
21592 0.00295858
21613 0.002173913
21621 0.14565618
21640 0.005988024
21682 0.002173913
21706 0.0384555
21746 0.0076923077
21748 0.011764706
21786 0.0069444445
21807 0.008
21813 0.038543157
21872 0.01895858
21879 0.010869565
22025 0.002173913
22029 0.03448276
22033 0.011904762
22035 0.03393646
22050 0.005167925
22064 0.002173913
22134 0.02969081
22210 0.027188625
22263 0.002173913
22294 0.04267909
