38 0.032883625
107 0.0031545742
109 0.003984064
150 0.013503683
153 0.0066225166
168 0.003984064
192 0.008408843
241 0.02061215
278 0.012987013
298 0.04213268
311 0.011490039
319 0.0036231885
337 0.012589803
402 0.003984064
462 0.004115226
550 0.0025188916
715 0.039260045
716 0.046524994
718 0.012279458
797 0.0038461538
865 0.0036231885
874 0.0038461538
884 0.08159278
910 0.008130081
937 0.003717472
950 0.0036231885
956 0.0044247787
963 0.004115226
1006 0.1589269
1066 0.010309278
1072 0.039063845
1192 0.025641026
1224 0.0025188916
1254 0.003717472
1261 0.010869565
1262 0.025641026
1295 0.007556675
1354 0.0031545742
1370 0.008130081
1376 0.019344142
1399 0.0652382
1411 0.0025188916
1427 0.0038461538
1482 0.0088495575
1488 0.11959886
1594 0.0085400045
1596 0.0025188916
1600 0.003717472
1635 0.0066225166
1716 0.012589803
1746 0.008474576
1759 0.0038461538
1812 0.0025188916
1837 0.022928432
1851 0.004115226
1858 0.025125112
1922 0.010869565
1955 0.008474576
1981 0.004149378
2041 0.019007392
2043 0.003984064
2048 0.0036231885
2089 0.0031545742
2107 0.003717472
2119 0.01161872
2120 0.0031545742
2176 0.010589519
2188 0.01986755
2201 0.004149378
2204 0.03572315
2231 0.0044247787
2269 0.018041525
2292 0.003717472
2305 0.0067114094
2323 0.0036231885
2362 0.004115226
2380 0.004115226
2390 0.10842708
2395 0.0044247787
2397 0.0044247787
2473 0.0036231885
2509 0.011058897
2534 0.1
2596 0.0044247787
2602 0.007968128
2605 0.025641026
2662 0.042414736
2674 0.006993007
2690 0.025850395
2721 0.008130081
2731 0.031373657
2758 0.04879518
2765 0.03651059
2768 0.004149378
2785 0.007469342
2791 0.020876136
2836 0.024447354
2884 0.0025188916
2897 0.011814281
2901 0.004115226
2915 0.010245705
2954 0.0038461538
2965 0.0031545742
2975 0.003984064
2980 0.006993007
2998 0.0036231885
3025 0.024896266
3057 0.020618556
3058 0.053691275
3084 0.0088495575
3105 0.010309278
3144 0.010309278
3170 0.0025188916
3177 0.006993007
3199 0.003717472
3229 0.003984064
3262 0.0025188916
3268 0.01402675
3288 0.1473088
3300 0.0044247787
3306 0.010339661
3323 0.016153738
3430 0.068550944
3449 0.00809929
3456 0.008474576
3489 0.0044247787
3491 0.0038461538
3513 0.003717472
3522 0.02531213
3525 0.008130081
3530 0.017486975
3538 0.007434944
3579 0.02473474
3581 0.012192048
3645 0.011538462
3691 0.003984064
3745 0.09749116
3757 0.003984064
3768 0.006993007
3807 0.008474576
3819 0.0031545742
3839 0.02285396
3842 0.0066225166
3843 0.0036231885
3859 0.007968128
3860 0.006993007
3922 0.025641026
3982 0.006634118
4025 0.01153129
4084 0.0025188916
4100 0.035867188
4108 0.0036231885
4141 0.0036231885
4161 0.030065175
4169 0.025745213
4286 0.0038461538
4290 0.0038461538
4319 0.1038791
4329 0.1323587
4342 0.0038461538
4371 0.054567073
4416 0.003984064
4440 0.008264604
4446 0.005037783
4466 0.0025188916
4477 0.0066225166
4509 0.0025188916
4510 0.010869565
4573 0.0036231885
4617 0.0066225166
4635 0.13132371
4647 0.007246377
4652 0.003717472
4654 0.008474576
4658 0.012828169
4665 0.024834318
4682 0.008130081
4714 0.0287956
4758 0.0067114094
4759 0.0066225166
4841 0.0036231885
4850 0.0064935065
4870 0.007556675
4874 0.015097093
4903 0.034989454
4909 0.0031545742
4923 0.0044247787
4932 0.0025188916
4934 0.011315497
4963 0.0066225166
5007 0.007434944
5019 0.004115226
5025 0.0038461538
5033 0.010309278
5056 0.007138638
5069 0.0031545742
5105 0.0031545742
5110 0.007434944
5149 0.0067114094
5214 0.012931665
5231 0.004149378
5236 0.008130081
5237 0.0036231885
5253 0.0036231885
5275 0.0025188916
5349 0.00882804
5396 0.0038461538
5399 0.003984064
5506 0.0025188916
5511 0.0025188916
5580 0.0122828195
5585 0.007246377
5606 0.0025188916
5631 0.056389138
5712 0.0036231885
5801 0.003984064
5825 0.034455694
5850 0.0025188916
5859 0.014734057
5861 0.02473244
5892 0.10165552
5893 0.29923236
5900 0.067179784
5996 0.003984064
6027 0.0025188916
6032 0.0565502
6091 0.012097765
6116 0.06617115
6143 0.13125974
6191 0.048327137
6206 0.007246377
6215 0.025886472
6237 0.031228244
6239 0.034711324
6243 0.010458526
6255 0.0036231885
6286 0.051101677
6336 0.015712794
6359 0.0063091484
6361 0.0038461538
6364 0.020240016
6391 0.004115226
6409 0.025776863
6435 0.030875646
6444 0.05128124
6450 0.011202541
6475 0.004149378
6509 0.025868434
6545 0.0036231885
6623 0.07999376
6639 0.025641026
6651 0.003984064
6660 0.0064935065
6688 0.025671612
6808 0.003984064
6813 0.004115226
6828 0.009822844
6836 0.008130081
6849 0.003717472
6862 0.012618297
6881 0.0036231885
6886 0.04202908
6947 0.034965035
6952 0.0077384147
6975 0.0038461538
6988 0.0038461538
7006 0.0031545742
7007 0.008130081
7012 0.005037783
7037 0.003717472
7082 0.023655549
7090 0.06670071
7110 0.0097770905
7124 0.04559747
7135 0.006634118
7143 0.0038461538
7160 0.011538462
7208 0.00796138
7211 0.01960953
7220 0.00796138
7227 0.008474576
7246 0.004149378
7252 0.004115226
7265 0.009463723
7291 0.007246377
7292 0.0038461538
7315 0.003717472
7381 0.03439242
7382 0.008298756
7400 0.003717472
7421 0.0066225166
7434 0.0031545742
7449 0.0036231885
7460 0.0036231885
7465 0.003717472
7474 0.008230452
7479 0.0088495575
7486 0.012279458
7567 0.005037783
7599 0.0036231885
7651 0.008474576
7657 0.0025188916
7669 0.004149378
7680 0.010480272
7724 0.033898305
7747 0.0025188916
7752 0.008474576
7788 0.010309278
7808 0.0036231885
7830 0.025367329
7865 0.0025188916
7897 0.0111524165
7904 0.0031545742
7914 0.01995779
7916 0.0066225166
7950 0.0088495575
8001 0.0036231885
8021 0.030216847
8043 0.0031545742
8052 0.004115226
8070 0.008130081
8087 0.0066682696
8090 0.024481837
8097 0.008574156
8111 0.028977342
8140 0.0076072523
8163 0.0036231885
8172 0.009463723
8175 0.00786685
8193 0.0036231885
8194 0.04404024
8208 0.0066225166
8219 0.008474576
8237 0.019416418
8254 0.018685555
8259 0.19415502
8260 0.0036231885
8263 0.04835636
8297 0.0038461538
8300 0.0064935065
8342 0.043175586
8343 0.13577175
8355 0.0025188916
8368 0.09544439
8371 0.007000728
8402 0.0038461538
8408 0.0067114094
8420 0.0044247787
8422 0.014290762
8433 0.049124982
8444 0.0077384147
8468 0.0073406603
8474 0.0066225166
8508 0.004115226
8522 0.0031545742
8531 0.0064935065
8557 0.004115226
8561 0.004115226
8573 0.020175261
8592 0.0044247787
8616 0.051282052
8662 0.016773332
8668 0.008130081
8709 0.034763224
8724 0.0036231885
8797 0.013957786
8811 0.009141408
8832 0.0036231885
8841 0.010869565
8843 0.007434944
8852 0.0031545742
8853 0.0066225166
8855 0.007246377
8863 0.008474576
8889 0.003984064
8890 0.0077725663
8902 0.005037783
8911 0.0066225166
9025 0.0064935065
9041 0.018783854
9046 0.023098163
9050 0.0031545742
9061 0.031330995
9065 0.0036231885
9090 0.0038461538
9101 0.0064935065
9114 0.008474576
9139 0.080204666
9141 0.020526348
9157 0.0025188916
9185 0.0038461538
9227 0.04558123
9250 0.04893533
9310 0.010334598
9361 0.01245864
9362 0.025641026
9363 0.010309278
9374 0.0036231885
9387 0.015265333
9393 0.013388457
9413 0.0031545742
9478 0.013116023
9544 0.011847553
9552 0.0038461538
9591 0.008474576
9597 0.0025188916
9630 0.010309278
9670 0.003717472
9677 0.006993007
9710 0.011281098
9720 0.0036231885
9721 0.0038461538
9755 0.0036231885
9813 0.0031545742
9827 0.0036231885
9836 0.029220657
9862 0.093263246
9892 0.017020687
9935 0.029116137
9937 0.0044247787
9951 0.014752598
9973 0.0064935065
9988 0.0598538
10005 0.004149378
10025 0.056697603
10047 0.005673466
10065 0.023905298
10072 0.0044247787
10083 0.091895774
10094 0.004149378
10101 0.022304833
10114 0.0031545742
10140 0.004149378
10184 0.004149378
10243 0.008130081
10246 0.069492176
10248 0.004115226
10267 0.007556675
10283 0.01986755
10284 0.0076923077
10321 0.0064935065
10331 0.02158365
10344 0.012987013
10350 0.003717472
10365 0.010309278
10380 0.0025188916
10409 0.023703188
10417 0.014239384
10451 0.469414
10522 0.003984064
10534 0.008130081
10545 0.004115226
10546 0.022363208
10624 0.0038461538
10651 0.03798038
10691 0.030212369
10767 0.079611786
10793 0.003984064
10821 0.33334833
10831 0.003717472
10896 0.041995857
10897 0.23814996
10949 0.050847456
10993 0.003984064
11018 0.025641026
11049 0.046259582
11073 0.022806076
11121 0.0031545742
11133 0.003717472
11141 0.02023804
11151 0.010428881
11190 0.0038461538
11221 0.005037783
11238 0.003984064
11241 0.037340872
11292 0.003717472
11298 0.013957786
11327 0.10729661
11443 0.004149378
11447 0.0025188916
11467 0.024691358
11512 0.48051515
11598 0.014408438
11607 0.013803547
11611 0.00614208
11635 0.08342566
11644 0.0025188916
11682 0.0044247787
11701 0.0038461538
11706 0.013274336
11734 0.0111524165
11736 0.0038461538
11825 0.003984064
11827 0.0031545742
11835 0.0031545742
11837 0.0025188916
11905 0.0066682696
11922 0.025641026
11932 0.1537273
11940 0.003717472
11946 0.004149378
11948 0.008474576
12016 0.05791849
12037 0.0066225166
12095 0.0031545742
12132 0.0025188916
12205 0.030241022
12206 0.0064935065
12208 0.004149378
12321 0.0129875615
12325 0.0072698006
12413 0.0044247787
12421 0.0038461538
12470 0.008130081
12529 0.008130081
12568 0.0066225166
12595 0.0078302175
12624 0.0088495575
12645 0.03046151
12664 0.008130081
12689 0.0025188916
12710 0.013135087
12734 0.009463723
12765 0.008142251
12771 0.008264604
12830 0.055031113
12871 0.07479764
13039 0.010309278
13041 0.040650405
13081 0.0025188916
13090 0.0067114094
13097 0.0078326985
13155 0.038066246
13160 0.0031545742
13190 0.006993007
13210 0.0031545742
13211 0.003717472
13249 0.013245033
13255 0.07220671
13260 0.106082454
13290 0.007434944
13343 0.0031545742
13345 0.0036231885
13350 0.007246377
13377 0.005037783
13382 0.0044247787
13441 0.010309278
13448 0.015778529
13485 0.0036231885
13521 0.03576131
13532 0.016828105
13538 0.004115226
13548 0.0036231885
13553 0.004149378
13556 0.004149378
13587 0.008574156
13588 0.0038461538
13613 0.110717855
13651 0.0025188916
13659 0.005673466
13662 0.0044247787
13722 0.0036231885
13841 0.016260162
13844 0.010623917
13847 0.020393647
13855 0.02055039
13912 0.0038461538
13919 0.023974828
13927 0.0064935065
13929 0.0025188916
13983 0.014424505
14022 0.004115226
14060 0.07105907
14061 0.008230452
14070 0.0036231885
14075 0.0031545742
14129 0.0044247787
14140 0.010869565
14153 0.016597511
14173 0.004149378
14185 0.0066225166
14189 0.0036231885
14204 0.006993007
14230 0.004115226
14254 0.0025188916
14273 0.020520713
14288 0.004115226
14299 0.0025188916
14300 0.010710479
14314 0.014759377
14330 0.02985033
14365 0.01046867
14380 0.0064935065
14394 0.01175663
14398 0.006993007
14402 0.0064935065
14406 0.0044247787
14436 0.004115226
14462 0.004115226
14490 0.0066225166
14514 0.08978174
14515 0.024480987
14533 0.016597511
14550 0.010309278
14585 0.0025188916
14625 0.0063091484
14638 0.025641026
14650 0.2165327
14705 0.004149378
14714 0.003717472
14727 0.008474576
14737 0.0025188916
14753 0.0044247787
14788 0.0067114094
14829 0.010826636
14838 0.00614208
14884 0.007246377
14891 0.010309278
14903 0.00694367
14905 0.0025188916
14911 0.0031545742
14966 0.0038461538
14992 0.0025188916
15011 0.0036231885
15034 0.0036231885
15117 0.0287956
15120 0.0044247787
15121 0.0036231885
15137 0.0036231885
15193 0.003717472
15196 0.0139324665
15208 0.0025188916
15209 0.010309278
15222 0.0031545742
15323 0.0066225166
15342 0.008298756
15374 0.008474576
15422 0.008130081
15429 0.008130081
15457 0.003984064
15469 0.0063091484
15484 0.025580939
15511 0.0044247787
15528 0.020397246
15598 0.0038461538
15608 0.0186636
15611 0.008474576
15625 0.003717472
15629 0.055398867
15651 0.007556675
15662 0.007246377
15669 0.0025188916
15722 0.0044247787
15811 0.008474576
15840 0.0038461538
15875 0.010334598
15886 0.0036231885
15889 0.010309278
15900 0.021565367
15903 0.008130081
15975 0.0025188916
16003 0.06867023
16008 0.0031545742
16024 0.003717472
16033 0.008474576
16058 0.0036231885
16064 0.056567855
16097 0.004149378
16385 0.0025188916
16390 0.04814185
16396 0.014764199
16481 0.03576131
16489 0.008474576
16520 0.008142251
16572 0.0031545742
16582 0.06236534
16599 0.017020687
16605 0.027002376
16621 0.013245033
16625 0.0036231885
16656 0.003717472
16669 0.003717472
16676 0.0066225166
16717 0.044751246
16736 0.028519504
16797 0.004115226
16816 0.008474576
16869 0.026665714
16871 0.048424672
16935 0.0044247787
16980 0.010309278
16984 0.0067114094
17015 0.0064935065
17226 0.01402675
17252 0.0036231885
17261 0.02173913
17270 0.0025188916
17294 0.023774408
17318 0.010339661
17327 0.010309278
17329 0.008047967
17355 0.0066225166
17415 0.010291458
17447 0.004149378
17486 0.0025188916
17549 0.0044247787
17553 0.027859045
17573 0.0031545742
17588 0.028159918
17653 0.01523118
17661 0.03457761
17679 0.0025188916
17690 0.0038461538
17726 0.0038461538
17751 0.003984064
17755 0.004149378
17815 0.0031545742
17824 0.0036231885
17833 0.0038461538
17935 0.032600634
17949 0.014752598
17965 0.075690135
18010 0.0036231885
18064 0.020577751
18077 0.003984064
18081 0.0036231885
18116 0.0031545742
18118 0.0038461538
18134 0.016577393
18148 0.0038461538
18159 0.009012398
18208 0.02740768
18210 0.004149378
18239 0.09138188
18251 0.15080252
18253 0.0025188916
18263 0.35156655
18290 0.008130081
18334 0.004115226
18340 0.01637697
18369 0.008474576
18378 0.010334598
18381 0.010339988
18401 0.0031545742
18414 0.014185814
18431 0.003984064
18501 0.014775605
18566 0.003717472
18580 0.010309278
18623 0.0063091484
18656 0.003717472
18657 0.012987013
18663 0.008130081
18713 0.003717472
18731 0.03355381
18758 0.050692726
18778 0.0025188916
18817 0.0064935065
18827 0.0036231885
18842 0.008474576
18867 0.0076923077
18872 0.010869565
18877 0.016399607
18891 0.038961038
18910 0.004115226
18991 0.013986014
19010 0.0036231885
19020 0.008474576
19062 0.039818462
19126 0.003984064
19137 0.0066225166
19149 0.003717472
19183 0.0064935065
19188 0.004149378
19199 0.021784453
19216 0.0077725663
19250 0.024852574
19268 0.003717472
19299 0.0038461538
19322 0.0025188916
19331 0.0036231885
19385 0.015237927
19461 0.047535855
19463 0.003717472
19548 0.008130081
19581 0.23345658
19593 0.0038461538
19594 0.0044247787
19601 0.008298756
19603 0.026103035
19620 0.004115226
19683 0.0025188916
19688 0.0063650454
19695 0.0038461538
19711 0.0038461538
19728 0.003717472
19736 0.1734797
19737 0.007968128
19772 0.0031545742
19806 0.0064935065
19830 0.0038461538
19865 0.0036231885
19886 0.031054365
19917 0.040824614
19980 0.006993007
20020 0.0063091484
20051 0.008474576
20065 0.036576144
20089 0.003984064
20127 0.012345679
20150 0.009012398
20176 0.0036231885
20196 0.007968128
20198 0.004149378
20217 0.007246377
20231 0.030927835
20272 0.0066225166
20336 0.008474576
20349 0.019944362
20360 0.008660972
20404 0.008474576
20405 0.22371459
20426 0.0031545742
20434 0.0064935065
20437 0.014670484
20453 0.050824143
20499 0.007246377
20501 0.029093131
20516 0.06487059
20542 0.0036231885
20550 0.0066225166
20571 0.008474576
20579 0.011850914
20598 0.025641026
20601 0.006993007
20624 0.06308676
20630 0.0111524165
20631 0.008130081
20637 0.003984064
20639 0.003984064
20648 0.017011646
20696 0.73477954
20712 0.012601409
20716 0.0044247787
20723 0.032631632
20750 0.007246377
20779 0.0031545742
20813 0.018406913
20821 0.014685314
20883 0.013388457
20941 0.015018944
20942 0.0044247787
20959 0.008660972
20968 0.011361603
20977 0.0066225166
20992 0.0036231885
21044 0.019476006
21076 0.0025188916
21087 0.0025188916
21110 0.008264604
21123 0.021590598
21141 0.0031545742
21219 0.08060453
21231 0.0036231885
21235 0.0031545742
21277 0.018115941
21295 0.0101166945
21312 0.014424505
21317 0.0038461538
21345 0.01966036
21367 0.0025188916
21401 0.047447752
21403 0.0038461538
21445 0.008474576
21465 0.016898667
21487 0.019484317
21492 0.004115226
21528 0.004115226
21541 0.011253864
21588 0.038102575
21595 0.012987013
21621 0.10855332
21628 0.0066225166
21632 0.03576131
21655 0.0038461538
21696 0.0077725663
21698 0.004115226
21733 0.004149378
21746 0.026490066
21779 0.008130081
21796 0.004115226
21813 0.0067114094
21841 0.0025188916
21872 0.038327865
21968 0.01162915
21972 0.0067114094
22009 0.011976235
22010 0.0038461538
22014 0.0038461538
22035 0.0025188916
22064 0.02173913
22067 0.010869565
22134 0.030927835
22154 0.011047295
22206 0.05709536
22238 0.008474576
22261 0.016897526
22268 0.0067114094
22270 0.0076072523
22280 0.003984064
22294 0.04272218
