19712 0.007936508
3585 0.003968254
5892 0.007936508
5893 0.01984127
9990 0.003968254
10246 0.003968254
1547 0.007936508
15629 0.003968254
8208 0.003968254
13844 0.003968254
12820 0.003968254
2837 0.003968254
22294 0.007936508
13334 0.015873017
791 0.003968254
19736 0.007936508
10012 0.003968254
16926 0.003968254
12830 0.003968254
21278 0.003968254
16671 0.003968254
14879 0.007936508
18210 0.003968254
13090 0.003968254
9250 0.011904762
1059 0.003968254
4647 0.003968254
13610 0.003968254
16938 0.003968254
13613 0.003968254
5935 0.003968254
10546 0.003968254
14650 0.007936508
4923 0.007936508
7486 0.003968254
7998 0.003968254
18239 0.003968254
11327 0.007936508
1858 0.003968254
7491 0.003968254
10821 0.011904762
4934 0.007936508
12871 0.003968254
1863 0.003968254
4169 0.003968254
14153 0.003968254
18251 0.011904762
2897 0.003968254
9813 0.003968254
18263 0.003968254
14682 0.003968254
19805 0.003968254
14173 0.003968254
1376 0.003968254
16481 0.003968254
21345 0.003968254
20579 0.003968254
7781 0.003968254
3430 0.015873017
13160 0.003968254
15209 0.003968254
874 0.003968254
19051 0.003968254
6509 0.003968254
109 0.003968254
3950 0.007936508
5231 0.003968254
9073 0.003968254
884 0.007936508
19062 0.003968254
10618 0.007936508
19581 0.023809524
9599 0.003968254
21632 0.003968254
21377 0.003968254
16003 0.003968254
16772 0.003968254
11141 0.003968254
8070 0.011904762
5511 0.015873017
13448 0.003968254
6796 0.003968254
17549 0.015873017
14479 0.003968254
17553 0.003968254
9361 0.007936508
10897 0.011904762
8852 0.003968254
21401 0.003968254
5019 0.003968254
10651 0.011904762
13468 0.007936508
3745 0.003968254
930 0.003968254
6564 0.003968254
14757 0.003968254
11433 0.003968254
4780 0.003968254
18864 0.007936508
8368 0.011904762
7090 0.003968254
14514 0.007936508
14515 0.007936508
8371 0.011904762
10677 0.01984127
20405 0.027777778
2750 0.003968254
3262 0.003968254
5825 0.011904762
21698 0.003968254
963 0.003968254
16582 0.003968254
10184 0.003968254
20942 0.011904762
1488 0.003968254
13521 0.003968254
8145 0.003968254
8146 0.007936508
10451 0.023809524
20696 0.003968254
3288 0.007936508
5336 0.035714287
21465 0.007936508
5083 0.031746034
13532 0.003968254
16605 0.003968254
7135 0.003968254
4319 0.007936508
3300 0.003968254
6116 0.007936508
5861 0.003968254
20453 0.007936508
20198 0.003968254
16871 0.003968254
2791 0.003968254
11241 0.003968254
1006 0.007936508
11504 0.003968254
13044 0.003968254
12020 0.015873017
4086 0.003968254
11512 0.035714287
10492 0.007936508
6654 0.003968254
