19456 0.003937008
8963 0.003937008
5892 0.003937008
5893 0.015748031
10246 0.007874016
16390 0.011811024
17415 0.003937008
20231 0.003937008
11784 0.003937008
16907 0.003937008
10763 0.007874016
17935 0.015748031
10767 0.015748031
8208 0.003937008
13844 0.003937008
19736 0.023622047
4635 0.003937008
31 0.003937008
18210 0.003937008
9250 0.023622047
5924 0.011811024
13097 0.003937008
12841 0.003937008
298 0.003937008
14891 0.003937008
13613 0.003937008
8497 0.003937008
311 0.003937008
20792 0.011811024
14650 0.015748031
1595 0.003937008
15422 0.003937008
11327 0.003937008
18239 0.01968504
7747 0.003937008
17476 0.003937008
10821 0.007874016
12871 0.003937008
2119 0.003937008
8263 0.003937008
14153 0.007874016
18251 0.003937008
16717 0.003937008
8021 0.003937008
19542 0.003937008
18263 0.015748031
13146 0.007874016
16732 0.003937008
9313 0.003937008
21345 0.003937008
16481 0.007874016
7265 0.011811024
10083 0.007874016
20579 0.015748031
7012 0.003937008
2662 0.01968504
13160 0.011811024
15208 0.01968504
13929 0.007874016
8811 0.007874016
9836 0.003937008
9330 0.007874016
11635 0.003937008
19581 0.01968504
21632 0.003937008
8067 0.007874016
16003 0.03937008
8836 0.003937008
13958 0.003937008
9862 0.011811024
20360 0.007874016
400 0.003937008
10897 0.007874016
9363 0.003937008
11925 0.003937008
7830 0.003937008
13210 0.003937008
11932 0.003937008
3745 0.003937008
14757 0.003937008
19886 0.007874016
8371 0.011811024
20405 0.027559055
20150 0.003937008
21432 0.007874016
5825 0.003937008
9666 0.003937008
3522 0.003937008
11718 0.003937008
9670 0.003937008
16582 0.011811024
13260 0.007874016
462 0.003937008
13521 0.003937008
4561 0.003937008
10451 0.015748031
9685 0.04330709
20696 0.011811024
21465 0.007874016
17114 0.003937008
18394 0.003937008
4319 0.003937008
20450 0.003937008
13538 0.003937008
18148 0.003937008
6116 0.007874016
5349 0.003937008
8422 0.007874016
2791 0.003937008
16871 0.003937008
14060 0.003937008
16621 0.003937008
18414 0.003937008
1006 0.007874016
20723 0.003937008
12020 0.007874016
15606 0.003937008
11512 0.062992126
22009 0.003937008
20217 0.003937008
3323 0.027559055
13566 0.003937008
