12545 0.0034129692
5892 0.0034129692
4100 0.0034129692
5893 0.0034129692
18950 0.0034129692
10246 0.0068259384
16390 0.013651877
17415 0.017064847
20488 0.0034129692
3339 0.0068259384
10763 0.010238908
12 0.0034129692
17935 0.0034129692
7952 0.0068259384
5396 0.010238908
1048 0.0034129692
19736 0.017064847
4635 0.0034129692
15902 0.0034129692
13855 0.0034129692
18210 0.0034129692
5666 0.0034129692
3619 0.0034129692
21797 0.0034129692
38 0.0034129692
298 0.0034129692
18731 0.0034129692
21038 0.0034129692
22067 0.0034129692
20020 0.0034129692
15415 0.0034129692
14903 0.0068259384
825 0.0034129692
18239 0.010238908
12353 0.0034129692
10821 0.010238908
4934 0.0034129692
18758 0.0068259384
12871 0.0034129692
2119 0.0034129692
8263 0.0034129692
7752 0.0034129692
18251 0.020477816
12365 0.0034129692
16717 0.0068259384
21076 0.0034129692
6999 0.0034129692
18263 0.10921501
3419 0.0034129692
19805 0.0034129692
9310 0.0034129692
4446 0.0034129692
20065 0.0068259384
16481 0.0068259384
20579 0.0034129692
2915 0.0034129692
5990 0.0034129692
13929 0.0034129692
15209 0.0034129692
9836 0.0034129692
21872 0.0034129692
11635 0.0068259384
884 0.0034129692
21621 0.027303753
19062 0.0034129692
15222 0.0034129692
19836 0.0034129692
15484 0.010238908
19581 0.013651877
21632 0.0034129692
2176 0.0034129692
7299 0.0034129692
17029 0.0034129692
8837 0.0034129692
16773 0.0034129692
8070 0.0034129692
9862 0.044368602
16775 0.0034129692
16520 0.0034129692
20360 0.0068259384
393 0.0034129692
17549 0.0034129692
17294 0.0068259384
11151 0.0034129692
8592 0.0034129692
10897 0.023890786
2195 0.0034129692
7830 0.0068259384
8855 0.0034129692
669 0.0034129692
16543 0.0034129692
4513 0.0034129692
3745 0.0068259384
18340 0.0034129692
15528 0.0034129692
9393 0.0068259384
9139 0.0034129692
10677 0.0034129692
20405 0.027303753
12470 0.0034129692
446 0.0034129692
16064 0.0034129692
6336 0.0068259384
22210 0.0034129692
3522 0.0068259384
10691 0.010238908
3268 0.0034129692
21444 0.0068259384
9926 0.0034129692
2758 0.0068259384
16582 0.010238908
18378 0.0034129692
19915 0.0034129692
716 0.0034129692
13260 0.0068259384
19917 0.0068259384
22222 0.0034129692
18894 0.0034129692
13521 0.0034129692
10451 0.030716723
20437 0.0034129692
20696 0.010238908
1754 0.0034129692
13532 0.0034129692
16605 0.0034129692
12765 0.0068259384
4319 0.0034129692
17378 0.0034129692
5859 0.0034129692
6116 0.0068259384
20453 0.010238908
6890 0.0034129692
7914 0.010238908
14060 0.010238908
1261 0.0034129692
13038 0.0034129692
18415 0.0034129692
20723 0.0068259384
15093 0.0034129692
15606 0.0034129692
5366 0.0034129692
11512 0.04778157
3323 0.0034129692
16892 0.0068259384
