8194 0.004750594
17156 0.004750594
5893 0.019002376
16390 0.002375297
10246 0.007125891
15879 0.002375297
17415 0.038004752
4617 0.002375297
3339 0.002375297
7436 0.002375297
19980 0.004750594
18957 0.002375297
17421 0.002375297
10767 0.002375297
8208 0.002375297
5396 0.019002376
278 0.004750594
19736 0.007125891
4635 0.002375297
15900 0.002375297
19484 0.002375297
18210 0.002375297
9250 0.002375297
12325 0.002375297
17446 0.002375297
16934 0.002375297
38 0.004750594
21287 0.002375297
7209 0.004750594
298 0.007125891
21291 0.002375297
22064 0.002375297
1072 0.004750594
10546 0.002375297
19250 0.004750594
20020 0.009501188
311 0.004750594
14392 0.002375297
20538 0.002375297
14650 0.007125891
572 0.002375297
11327 0.004750594
11071 0.004750594
10303 0.007125891
18239 0.011876484
18501 0.004750594
4934 0.016627079
12871 0.002375297
2119 0.002375297
8263 0.004750594
4169 0.002375297
18251 0.021377672
17487 0.002375297
8274 0.002375297
21076 0.002375297
18774 0.002375297
6999 0.002375297
18263 0.004750594
19034 0.002375297
13659 0.002375297
5212 0.002375297
15196 0.002375297
14173 0.009501188
6750 0.002375297
13919 0.002375297
16481 0.002375297
8545 0.002375297
7265 0.004750594
20065 0.004750594
10083 0.004750594
20579 0.016627079
3430 0.002375297
4714 0.002375297
9324 0.002375297
9836 0.002375297
12398 0.002375297
10094 0.002375297
21872 0.002375297
15218 0.002375297
11635 0.021377672
884 0.002375297
5237 0.002375297
14968 0.002375297
6525 0.002375297
19581 0.004750594
21632 0.002375297
2176 0.004750594
16002 0.007125891
16003 0.002375297
8836 0.002375297
9862 0.011876484
18823 0.002375297
20360 0.004750594
17294 0.002375297
5774 0.002375297
7567 0.007125891
10897 0.011876484
8342 0.004750594
7063 0.002375297
8855 0.002375297
9368 0.002375297
152 0.002375297
2200 0.002375297
16024 0.004750594
10649 0.002375297
13983 0.002375297
3745 0.002375297
18340 0.002375297
7077 0.002375297
15528 0.002375297
20140 0.002375297
10412 0.007125891
12208 0.002375297
8368 0.047505938
14514 0.004750594
1716 0.002375297
20405 0.009501188
17846 0.002375297
15543 0.002375297
17595 0.08788598
956 0.004750594
6588 0.007125891
4286 0.004750594
6336 0.002375297
21698 0.002375297
3267 0.002375297
198 0.002375297
9670 0.002375297
6854 0.002375297
16582 0.009501188
16072 0.002375297
968 0.004750594
1739 0.004750594
17355 0.011876484
19917 0.002375297
3790 0.002375297
11215 0.002375297
9935 0.002375297
8144 0.002375297
13521 0.002375297
16849 0.002375297
12242 0.002375297
8146 0.007125891
10451 0.014251782
17365 0.002375297
11734 0.002375297
3288 0.004750594
20696 0.009501188
21465 0.009501188
5849 0.011876484
16605 0.002375297
21983 0.002375297
20959 0.002375297
4319 0.016627079
6368 0.007125891
21218 0.007125891
6116 0.009501188
15078 0.002375297
20712 0.002375297
7914 0.002375297
2284 0.004750594
1006 0.009501188
17135 0.002375297
21487 0.007125891
12016 0.002375297
20723 0.002375297
21748 0.011876484
18677 0.002375297
14838 0.002375297
7160 0.002375297
11512 0.026128266
3323 0.009501188
13566 0.002375297
1279 0.002375297
5631 0.002375297
6143 0.004750594
13567 0.011876484
