5893 0.045751635
16390 0.006535948
10246 0.009803922
17415 0.003267974
6409 0.003267974
3339 0.003267974
15629 0.003267974
1805 0.003267974
20750 0.009803922
5903 0.003267974
10767 0.009803922
8208 0.003267974
20496 0.003267974
12822 0.003267974
22294 0.01633987
19736 0.019607844
21786 0.003267974
4635 0.006535948
18972 0.003267974
10780 0.003267974
6688 0.003267974
18210 0.003267974
9250 0.006535948
20516 0.022875817
3878 0.003267974
4903 0.003267974
13613 0.006535948
8237 0.01633987
8243 0.003267974
20020 0.003267974
311 0.003267974
14650 0.003267974
9791 0.003267974
11327 0.009803922
18239 0.013071896
1858 0.003267974
5187 0.003267974
18758 0.003267974
12871 0.003267974
7752 0.003267974
14153 0.006535948
20554 0.003267974
18251 0.003267974
6988 0.003267974
16717 0.006535948
11598 0.003267974
14158 0.006535948
8274 0.003267974
19026 0.003267974
20821 0.003267974
16981 0.003267974
21077 0.003267974
9813 0.003267974
8021 0.013071896
20823 0.003267974
18263 0.019607844
6232 0.003267974
20571 0.003267974
13659 0.006535948
9310 0.003267974
1376 0.003267974
16481 0.003267974
21345 0.009803922
10083 0.003267974
19299 0.003267974
20579 0.006535948
3430 0.006535948
2662 0.006535948
15975 0.003267974
21351 0.03267974
13160 0.003267974
8811 0.003267974
13676 0.003267974
6509 0.003267974
16495 0.003267974
5231 0.003267974
11635 0.003267974
21363 0.003267974
884 0.003267974
4474 0.003267974
3963 0.003267974
15484 0.006535948
5246 0.003267974
21632 0.003267974
8321 0.003267974
9862 0.003267974
20360 0.009803922
12937 0.003267974
17294 0.003267974
6286 0.003267974
8592 0.003267974
10897 0.009803922
8851 0.003267974
8342 0.003267974
20886 0.003267974
8343 0.013071896
21401 0.006535948
2714 0.006535948
13983 0.003267974
8097 0.003267974
3745 0.01633987
21411 0.003267974
6566 0.003267974
15528 0.003267974
20137 0.003267974
10409 0.003267974
13485 0.006535948
19886 0.01633987
8111 0.003267974
15024 0.003267974
10417 0.006535948
9139 0.003267974
13235 0.003267974
8371 0.006535948
20405 0.01633987
12734 0.003267974
3262 0.01633987
3522 0.006535948
10691 0.003267974
3268 0.003267974
14533 0.006535948
16582 0.003267974
4041 0.003267974
6091 0.006535948
8909 0.013071896
1488 0.019607844
13521 0.003267974
5843 0.003267974
10451 0.013071896
20438 0.006535948
20696 0.006535948
7897 0.009803922
1754 0.013071896
731 0.003267974
12765 0.003267974
4319 0.003267974
2785 0.003267974
13538 0.003267974
9442 0.003267974
19683 0.003267974
6372 0.003267974
6116 0.003267974
5349 0.003267974
6886 0.003267974
8422 0.003267974
16871 0.006535948
14824 0.003267974
20712 0.003267974
14314 0.003267974
7914 0.006535948
3306 0.006535948
1261 0.003267974
15342 0.003267974
1006 0.009803922
22261 0.006535948
14838 0.006535948
4856 0.003267974
11512 0.039215688
2041 0.003267974
20217 0.006535948
14330 0.006535948
22270 0.003267974
3839 0.003267974
