8193 0.0038910506
8194 0.031128405
7683 0.0038910506
6661 0.0038910506
5893 0.019455252
16390 0.0038910506
10246 0.015564202
17415 0.019455252
5645 0.0038910506
15629 0.007782101
22294 0.0038910506
16408 0.0038910506
19736 0.015564202
4635 0.015564202
10780 0.0038910506
13343 0.015564202
18210 0.0038910506
9250 0.0116731515
4647 0.0038910506
13610 0.0038910506
298 0.0038910506
13613 0.015564202
14129 0.0038910506
6450 0.007782101
14900 0.0038910506
21813 0.0038910506
9270 0.0038910506
3130 0.0038910506
14650 0.015564202
3645 0.0038910506
11327 0.0038910506
18239 0.0116731515
11073 0.0038910506
7490 0.0038910506
10821 0.0038910506
18758 0.0116731515
12871 0.007782101
8263 0.015564202
4169 0.0038910506
18251 0.0038910506
16717 0.0038910506
6477 0.038910504
3922 0.0038910506
16471 0.0038910506
18263 0.019455252
16481 0.0038910506
21345 0.007782101
12899 0.0038910506
10083 0.0038910506
14185 0.007782101
14442 0.0038910506
14443 0.0038910506
21872 0.0038910506
11635 0.007782101
884 0.0116731515
19062 0.0038910506
16503 0.007782101
12924 0.0038910506
11132 0.0038910506
19581 0.0038910506
13439 0.0038910506
21632 0.0038910506
2690 0.007782101
16003 0.007782101
8836 0.0038910506
18566 0.0038910506
9862 0.0116731515
17287 0.0038910506
20360 0.007782101
17294 0.0038910506
3982 0.0038910506
6286 0.0038910506
5006 0.023346303
11151 0.0038910506
21647 0.007782101
18064 0.0038910506
10897 0.019455252
8851 0.0038910506
20883 0.007782101
11925 0.0038910506
13463 0.0038910506
8343 0.0116731515
5275 0.0038910506
11932 0.0116731515
4510 0.0038910506
13983 0.0038910506
3745 0.007782101
163 0.0038910506
18340 0.0038910506
2473 0.0038910506
7082 0.0038910506
13485 0.0038910506
10671 0.0038910506
14768 0.0038910506
9393 0.0038910506
14515 0.0038910506
9139 0.0038910506
20405 0.015564202
2231 0.007782101
12734 0.0038910506
18623 0.0038910506
192 0.0038910506
5825 0.0038910506
14273 0.0038910506
10691 0.0038910506
3524 0.0038910506
3268 0.007782101
16582 0.0038910506
13255 0.0116731515
11467 0.0038910506
19917 0.0038910506
14798 0.0038910506
14288 0.0038910506
13521 0.0038910506
13778 0.0038910506
10451 0.0116731515
20437 0.0038910506
5077 0.0038910506
20696 0.015564202
15323 0.0038910506
13532 0.0038910506
14813 0.0038910506
4319 0.0116731515
2016 0.0038910506
6116 0.0038910506
5861 0.0038910506
5349 0.0038910506
20453 0.0038910506
6886 0.007782101
20712 0.0038910506
14314 0.0038910506
7914 0.007782101
6892 0.0038910506
1006 0.0116731515
20723 0.0038910506
17653 0.0038910506
21493 0.0038910506
1527 0.0038910506
11512 0.054474708
12286 0.0038910506
22270 0.0038910506
