8194 0.0038461538
2564 0.0038461538
5893 0.015384615
15624 0.0038461538
16396 0.0076923077
5900 0.03076923
15629 0.0038461538
18958 0.0038461538
5903 0.0038461538
10767 0.011538462
8208 0.0038461538
2065 0.0038461538
19736 0.01923077
4635 0.0038461538
5149 0.011538462
6688 0.011538462
18210 0.0038461538
9250 0.0038461538
20516 0.0038461538
6952 0.042307694
13610 0.0038461538
18731 0.0038461538
11825 0.0076923077
19250 0.0038461538
14650 0.015384615
8254 0.0038461538
18239 0.0076923077
12871 0.0038461538
6728 0.0038461538
8011 0.0076923077
18251 0.046153847
8268 0.0038461538
14158 0.0038461538
9810 0.0038461538
19282 0.0038461538
20821 0.0076923077
6742 0.0038461538
18263 0.011538462
1370 0.0076923077
6239 0.0038461538
13919 0.011538462
16481 0.0038461538
21345 0.0076923077
7265 0.015384615
12899 0.0038461538
11363 0.0076923077
11112 0.0038461538
14443 0.0038461538
10094 0.0038461538
17262 0.0038461538
10350 0.0076923077
5231 0.0038461538
10612 0.0038461538
5237 0.0038461538
21621 0.0038461538
20349 0.0038461538
19581 0.015384615
21632 0.0038461538
2176 0.0038461538
11905 0.0038461538
21377 0.0038461538
899 0.0038461538
11141 0.0076923077
9862 0.0076923077
13958 0.0076923077
2952 0.0038461538
17549 0.0038461538
3982 0.0076923077
14223 0.0038461538
18064 0.0038461538
10897 0.01923077
11925 0.0038461538
150 0.0038461538
8343 0.011538462
10651 0.026923077
11932 0.0076923077
3745 0.011538462
15011 0.0038461538
18340 0.0038461538
6052 0.0038461538
4007 0.0076923077
15528 0.0038461538
13485 0.0038461538
10417 0.0038461538
20405 0.026923077
20150 0.0038461538
19385 0.0038461538
6588 0.0038461538
3520 0.0038461538
6336 0.0038461538
5825 0.0038461538
10691 0.0038461538
16582 0.0076923077
1224 0.0076923077
5832 0.015384615
2509 0.0038461538
20942 0.0038461538
12495 0.0038461538
13521 0.0038461538
10451 0.0076923077
7124 0.0038461538
5077 0.0038461538
16599 0.0038461538
20696 0.0076923077
3288 0.0076923077
21465 0.0076923077
14300 0.0038461538
13532 0.0038461538
12765 0.0038461538
6111 0.0038461538
4319 0.042307694
18144 0.0038461538
3300 0.0038461538
5605 0.0038461538
5349 0.0076923077
8422 0.0076923077
16871 0.0038461538
21483 0.0038461538
1006 0.015384615
12016 0.0038461538
2292 0.011538462
16886 0.0038461538
15606 0.0038461538
7160 0.0038461538
11512 0.073076926
15610 0.0038461538
16378 0.0038461538
