4100 0.003236246
9988 0.003236246
5892 0.03236246
19461 0.003236246
8709 0.003236246
5893 0.03236246
10246 0.003236246
17415 0.009708738
7434 0.003236246
16396 0.003236246
5900 0.012944984
15629 0.003236246
3862 0.003236246
12822 0.003236246
22294 0.006472492
13334 0.009708738
19736 0.003236246
22296 0.006472492
4635 0.01618123
18209 0.006472492
18210 0.003236246
9250 0.006472492
12836 0.003236246
21541 0.006472492
5929 0.003236246
13610 0.003236246
298 0.003236246
13613 0.003236246
8243 0.003236246
1076 0.003236246
21050 0.003236246
14650 0.012944984
6203 0.003236246
4923 0.003236246
18239 0.003236246
11327 0.006472492
19266 0.003236246
8260 0.003236246
10821 0.003236246
18501 0.003236246
4934 0.003236246
18758 0.006472492
12871 0.003236246
18251 0.045307443
4940 0.003236246
16717 0.003236246
21325 0.003236246
18253 0.003236246
14158 0.003236246
17486 0.003236246
10831 0.003236246
9813 0.003236246
15959 0.003236246
19034 0.003236246
20571 0.003236246
5212 0.003236246
9310 0.003236246
7007 0.003236246
6239 0.009708738
1376 0.003236246
16736 0.003236246
22112 0.003236246
16481 0.003236246
8545 0.012944984
3940 0.003236246
2662 0.003236246
3430 0.009708738
15722 0.003236246
4714 0.006472492
6509 0.003236246
12398 0.003236246
13426 0.003236246
11635 0.006472492
884 0.003236246
21621 0.003236246
19062 0.003236246
7292 0.003236246
11644 0.003236246
15484 0.003236246
20349 0.003236246
19581 0.01618123
3199 0.009708738
21632 0.003236246
11141 0.003236246
9862 0.003236246
12678 0.01618123
16520 0.003236246
12937 0.003236246
19594 0.003236246
20876 0.003236246
1678 0.003236246
20624 0.006472492
17553 0.003236246
10897 0.006472492
8343 0.009708738
19865 0.003236246
8090 0.003236246
18842 0.003236246
11932 0.003236246
4509 0.003236246
4510 0.006472492
3745 0.003236246
8097 0.006472492
18340 0.003236246
14757 0.003236246
934 0.003236246
17318 0.009708738
20648 0.003236246
14504 0.003236246
21677 0.003236246
20405 0.03236246
12470 0.003236246
438 0.006472492
17846 0.009708738
6586 0.003236246
13244 0.003236246
3522 0.003236246
10691 0.003236246
14533 0.003236246
16582 0.003236246
2758 0.003236246
14022 0.003236246
9926 0.003236246
1737 0.003236246
7882 0.003236246
5580 0.003236246
13776 0.003236246
1488 0.003236246
13521 0.003236246
10451 0.045307443
20437 0.006472492
3288 0.009708738
20696 0.042071197
7897 0.003236246
7642 0.003236246
15323 0.003236246
14300 0.006472492
2269 0.003236246
4319 0.029126214
5859 0.003236246
9188 0.003236246
6116 0.009708738
20453 0.009708738
20712 0.003236246
10728 0.006472492
1261 0.009708738
1006 0.003236246
8175 0.003236246
20723 0.006472492
2292 0.006472492
21493 0.003236246
20726 0.006472492
21495 0.003236246
11512 0.051779937
2041 0.003236246
12286 0.003236246
