6913 0.0025316456
8194 0.0025316456
19461 0.0025316456
5893 0.025316456
4870 0.0025316456
10246 0.0075949365
17415 0.0025316456
16396 0.0025316456
1295 0.0025316456
10767 0.005063291
8208 0.0025316456
19216 0.0025316456
13843 0.0025316456
275 0.0025316456
13844 0.0025316456
19736 0.020253165
16666 0.0025316456
4635 0.017721519
14365 0.005063291
21278 0.0025316456
18210 0.0025316456
21282 0.0025316456
9250 0.005063291
11298 0.005063291
13350 0.0025316456
41 0.0025316456
2602 0.005063291
298 0.005063291
6444 0.0025316456
18991 0.012658228
22064 0.0025316456
19250 0.010126582
20020 0.010126582
311 0.0025316456
14650 0.010126582
11327 0.0025316456
18239 0.020253165
17985 0.0025316456
5956 0.0025316456
7748 0.0075949365
12871 0.0025316456
8263 0.0025316456
4169 0.0025316456
18251 0.0075949365
9804 0.0025316456
16717 0.0025316456
4942 0.0025316456
8782 0.005063291
6222 0.015189873
10835 0.0025316456
11350 0.0025316456
18263 0.0025316456
13659 0.0025316456
20571 0.0025316456
9053 0.0025316456
6239 0.0025316456
16736 0.0075949365
16481 0.0025316456
9057 0.0025316456
2915 0.0025316456
10083 0.005063291
20579 0.010126582
17252 0.0025316456
3430 0.0075949365
5735 0.010126582
20329 0.0025316456
13929 0.010126582
4714 0.0025316456
17516 0.0025316456
16749 0.0025316456
6509 0.005063291
12398 0.005063291
21872 0.0025316456
2674 0.005063291
884 0.005063291
21621 0.010126582
19062 0.005063291
6523 0.0025316456
19581 0.0075949365
8573 0.0075949365
17023 0.0025316456
21632 0.0025316456
2176 0.0025316456
3456 0.0075949365
11141 0.010126582
8070 0.0025316456
9862 0.012658228
4743 0.0025316456
8843 0.005063291
7820 0.005063291
13709 0.0025316456
7567 0.0075949365
18064 0.0025316456
10896 0.005063291
9361 0.0025316456
10897 0.015189873
18834 0.0025316456
19603 0.027848102
15509 0.0025316456
2454 0.0025316456
17815 0.0025316456
8343 0.0025316456
10649 0.0025316456
10651 0.0025316456
4510 0.0025316456
3745 0.0025316456
8355 0.0075949365
14757 0.0025316456
9382 0.0025316456
12711 0.0025316456
11431 0.005063291
20648 0.0025316456
7082 0.005063291
12459 0.0025316456
2731 0.005063291
10412 0.0025316456
8878 0.0025316456
19886 0.020253165
12208 0.0025316456
10417 0.0025316456
20402 0.0025316456
14514 0.0025316456
13235 0.0025316456
6325 0.015189873
20405 0.025316456
19126 0.012658228
4025 0.0025316456
3515 0.020253165
3262 0.005063291
16064 0.005063291
14273 0.0025316456
4290 0.0025316456
21698 0.0025316456
10691 0.0025316456
16582 0.005063291
10184 0.0025316456
716 0.0025316456
717 0.0025316456
19917 0.0025316456
11215 0.0025316456
1488 0.0075949365
13521 0.0025316456
10451 0.027848102
11734 0.0025316456
20696 0.035443038
21465 0.0075949365
4314 0.0025316456
13532 0.005063291
6623 0.0025316456
4319 0.0075949365
5859 0.0075949365
6116 0.005063291
20453 0.005063291
5349 0.0075949365
1254 0.0025316456
20198 0.0025316456
16871 0.0025316456
20712 0.0025316456
11241 0.0025316456
4074 0.0025316456
14060 0.0025316456
14061 0.0075949365
18414 0.0025316456
15090 0.0025316456
499 0.0025316456
7669 0.005063291
14838 0.0025316456
14582 0.0025316456
7160 0.0025316456
11512 0.060759492
2041 0.0025316456
5881 0.0025316456
7421 0.0025316456
6654 0.0025316456
6143 0.010126582
