8193 0.004048583
5893 0.012145749
17415 0.012145749
5903 0.004048583
10767 0.012145749
12816 0.004048583
15121 0.004048583
18706 0.004048583
7187 0.004048583
13844 0.004048583
1813 0.004048583
5911 0.004048583
19736 0.008097166
4635 0.020242915
15900 0.004048583
12830 0.004048583
6688 0.012145749
18210 0.004048583
9250 0.004048583
10019 0.004048583
21541 0.008097166
9511 0.004048583
1324 0.008097166
13613 0.004048583
10546 0.004048583
21044 0.004048583
14650 0.016194332
22076 0.004048583
8254 0.004048583
18239 0.008097166
11327 0.020242915
10821 0.004048583
18758 0.004048583
11591 0.004048583
8263 0.008097166
12871 0.008097166
18251 0.008097166
21325 0.004048583
16717 0.004048583
6477 0.012145749
18263 0.004048583
13659 0.004048583
15196 0.004048583
15966 0.004048583
6239 0.004048583
16481 0.004048583
20579 0.004048583
17252 0.004048583
2662 0.004048583
3430 0.008097166
5736 0.004048583
13160 0.004048583
15209 0.004048583
13929 0.008097166
6509 0.004048583
10094 0.008097166
884 0.008097166
21621 0.004048583
19830 0.004048583
19581 0.012145749
21632 0.004048583
2690 0.004048583
11141 0.012145749
8070 0.004048583
9862 0.020242915
16520 0.004048583
7820 0.008097166
6286 0.004048583
3982 0.016194332
17553 0.004048583
10897 0.024291499
18834 0.004048583
20883 0.008097166
150 0.004048583
7830 0.004048583
8343 0.016194332
16024 0.004048583
21401 0.004048583
8603 0.008097166
3745 0.004048583
15011 0.016194332
7333 0.004048583
15528 0.004048583
5801 0.004048583
7082 0.06882591
2731 0.008097166
12205 0.004048583
13485 0.008097166
8371 0.004048583
9141 0.004048583
22197 0.004048583
20405 0.012145749
5825 0.016194332
10691 0.008097166
16582 0.004048583
13255 0.004048583
4556 0.004048583
19917 0.008097166
20942 0.004048583
1488 0.016194332
13521 0.004048583
10451 0.04453441
6359 0.004048583
18647 0.004048583
3288 0.004048583
20696 0.004048583
21465 0.004048583
13532 0.004048583
6623 0.004048583
4319 0.008097166
19683 0.004048583
6116 0.004048583
5861 0.004048583
15078 0.004048583
6886 0.004048583
20712 0.008097166
14060 0.008097166
18414 0.012145749
241 0.004048583
20723 0.004048583
21752 0.004048583
11512 0.097165994
14075 0.004048583
6654 0.004048583
