3842 0.002375297
771 0.004750594
5892 0.002375297
8709 0.002375297
5893 0.028503563
16390 0.002375297
10246 0.004750594
5900 0.002375297
2061 0.002375297
5903 0.002375297
10767 0.007125891
18452 0.002375297
2836 0.002375297
13844 0.002375297
17431 0.002375297
19736 0.007125891
4635 0.011876484
6688 0.002375297
18208 0.002375297
18210 0.002375297
22050 0.002375297
9250 0.002375297
38 0.002375297
17446 0.002375297
13610 0.002375297
1324 0.002375297
9772 0.002375297
8243 0.004750594
13621 0.002375297
6454 0.004750594
7479 0.002375297
14903 0.009501188
20280 0.002375297
14650 0.002375297
10813 0.002375297
8254 0.002375297
18239 0.011876484
10817 0.004750594
17473 0.004750594
11073 0.009501188
1858 0.002375297
18501 0.002375297
10821 0.004750594
4934 0.002375297
12871 0.002375297
6215 0.004750594
8263 0.009501188
9544 0.004750594
6729 0.002375297
4169 0.009501188
18251 0.028503563
16717 0.002375297
20813 0.014251782
14158 0.004750594
10065 0.002375297
16981 0.002375297
20821 0.002375297
9813 0.004750594
18263 0.007125891
4697 0.002375297
13659 0.002375297
19548 0.002375297
14173 0.004750594
19805 0.009501188
12895 0.002375297
6239 0.004750594
8288 0.002375297
16481 0.002375297
21345 0.009501188
20579 0.004750594
10852 0.002375297
2662 0.009501188
3430 0.016627079
21609 0.002375297
15209 0.004750594
14442 0.004750594
4714 0.014251782
17262 0.002375297
10095 0.004750594
21872 0.002375297
11121 0.002375297
11635 0.002375297
8051 0.002375297
884 0.007125891
21621 0.002375297
12664 0.002375297
3449 0.002375297
20345 0.002375297
6525 0.002375297
19581 0.014251782
5502 0.002375297
18815 0.002375297
9599 0.002375297
21632 0.002375297
19072 0.002375297
16003 0.011876484
9862 0.016627079
16520 0.002375297
13448 0.002375297
20360 0.004750594
20104 0.004750594
8843 0.002375297
396 0.002375297
17294 0.004750594
11151 0.002375297
10896 0.002375297
20624 0.004750594
18064 0.007125891
17553 0.002375297
10897 0.007125891
9361 0.007125891
8852 0.009501188
20886 0.002375297
8342 0.002375297
150 0.009501188
8343 0.002375297
21401 0.004750594
5019 0.002375297
21403 0.014251782
10651 0.028503563
11420 0.016627079
3745 0.004750594
15011 0.004750594
18340 0.009501188
17318 0.002375297
8368 0.019002376
9393 0.002375297
14514 0.002375297
8628 0.002375297
4277 0.002375297
20405 0.014251782
20150 0.002375297
19385 0.002375297
21435 0.002375297
12734 0.002375297
21698 0.002375297
11971 0.002375297
14022 0.004750594
16582 0.007125891
21704 0.004750594
16841 0.011876484
6862 0.004750594
1488 0.002375297
13521 0.002375297
10451 0.08313539
20696 0.007125891
7897 0.002375297
1754 0.002375297
14300 0.002375297
20701 0.002375297
7135 0.002375297
4319 0.011876484
9188 0.002375297
6116 0.004750594
20453 0.002375297
16869 0.002375297
5606 0.002375297
8422 0.002375297
6886 0.007125891
11752 0.002375297
18414 0.007125891
1006 0.009501188
12016 0.002375297
11504 0.002375297
12020 0.009501188
15093 0.002375297
2807 0.002375297
11512 0.042755343
20217 0.002375297
3323 0.021377672
12286 0.002375297
6143 0.004750594
