16385 0.003816794
20482 0.003816794
8194 0.007633588
5893 0.003816794
10246 0.015267176
16390 0.01908397
519 0.003816794
17415 0.007633588
9480 0.003816794
12 0.003816794
10767 0.003816794
5903 0.003816794
2836 0.003816794
22294 0.011450382
19736 0.015267176
4635 0.007633588
31 0.003816794
13855 0.003816794
10016 0.003816794
18208 0.007633588
18210 0.003816794
9250 0.003816794
10025 0.003816794
298 0.003816794
12587 0.003816794
13611 0.003816794
18731 0.007633588
17196 0.003816794
13613 0.015267176
8497 0.003816794
11825 0.015267176
22067 0.003816794
21813 0.007633588
20280 0.003816794
20538 0.003816794
14650 0.011450382
573 0.003816794
11327 0.003816794
18239 0.011450382
833 0.022900764
5698 0.003816794
21827 0.003816794
10821 0.007633588
12871 0.003816794
8263 0.003816794
2119 0.003816794
4169 0.011450382
18251 0.030534351
16717 0.003816794
6222 0.003816794
5455 0.003816794
3922 0.003816794
18003 0.003816794
9813 0.003816794
18263 0.015267176
20312 0.007633588
2393 0.003816794
20571 0.003816794
15196 0.007633588
16736 0.003816794
8288 0.003816794
16481 0.003816794
10083 0.003816794
2915 0.003816794
20579 0.007633588
1125 0.003816794
13929 0.003816794
15209 0.003816794
4714 0.003816794
6509 0.007633588
3950 0.003816794
5231 0.003816794
884 0.011450382
21621 0.003816794
8573 0.003816794
19581 0.015267176
9598 0.003816794
21632 0.003816794
16002 0.003816794
11141 0.003816794
8837 0.045801528
9862 0.003816794
6030 0.003816794
10896 0.003816794
10897 0.015267176
19603 0.007633588
8342 0.003816794
7830 0.007633588
8343 0.007633588
13210 0.003816794
11932 0.003816794
20127 0.003816794
3745 0.007633588
15011 0.003816794
12710 0.01908397
11431 0.007633588
13480 0.003816794
1960 0.011450382
11947 0.003816794
2731 0.003816794
18860 0.003816794
19886 0.011450382
14514 0.003816794
20405 0.034351144
10944 0.003816794
16064 0.003816794
5825 0.007633588
10691 0.011450382
16582 0.003816794
4551 0.003816794
716 0.003816794
13260 0.011450382
20942 0.003816794
13521 0.003816794
10451 0.026717557
11477 0.011450382
16599 0.007633588
7642 0.003816794
13532 0.007633588
14300 0.007633588
4319 0.022900764
5861 0.003816794
20453 0.007633588
2791 0.003816794
7914 0.003816794
14060 0.007633588
18414 0.003816794
1006 0.007633588
19695 0.01908397
11512 0.041984733
3581 0.003816794
12798 0.003816794
19199 0.003816794
3839 0.003816794
