21632 0.006134969
8194 0.012269938
8837 0.006134969
5893 0.024539877
16390 0.024539877
9862 0.049079753
1671 0.006134969
17415 0.006134969
15240 0.006134969
1678 0.006134969
20367 0.006134969
6032 0.006134969
14992 0.006134969
12176 0.006134969
10512 0.006134969
10897 0.018404908
8342 0.012269938
19736 0.006134969
1691 0.006134969
10651 0.006134969
4635 0.006134969
11932 0.012269938
3745 0.006134969
8097 0.006134969
18210 0.006134969
22050 0.006134969
4007 0.006134969
4903 0.018404908
2601 0.006134969
10284 0.006134969
815 0.006134969
21679 0.006134969
9393 0.006134969
19250 0.012269938
22067 0.006134969
20020 0.012269938
20405 0.006134969
12470 0.006134969
19126 0.024539877
15674 0.012269938
956 0.006134969
9021 0.006134969
15934 0.006134969
8254 0.006134969
12734 0.006134969
18623 0.006134969
4416 0.006134969
21698 0.006134969
3522 0.006134969
10821 0.006134969
9157 0.006134969
16582 0.006134969
4934 0.006134969
7110 0.012269938
2758 0.012269938
12871 0.006134969
8263 0.006134969
1224 0.006134969
18251 0.024539877
2509 0.006134969
2640 0.006134969
9552 0.018404908
13521 0.006134969
9685 0.006134969
20821 0.006134969
18263 0.08588957
1241 0.006134969
20827 0.006134969
4319 0.012269938
16481 0.006134969
14691 0.012269938
6116 0.006134969
18021 0.006134969
8422 0.006134969
5990 0.006134969
3430 0.006134969
6886 0.012269938
5736 0.006134969
18410 0.006134969
14060 0.006134969
21358 0.012269938
1006 0.012269938
21872 0.006134969
11635 0.012269938
21621 0.006134969
9461 0.018404908
17272 0.006134969
7160 0.006134969
11512 0.036809817
2041 0.012269938
3323 0.018404908
15484 0.006134969
5373 0.006134969
19581 0.018404908
22270 0.006134969
12286 0.006134969
13566 0.018404908
