8193 0.0044247787
5123 0.0044247787
5892 0.0044247787
8709 0.0088495575
5893 0.03539823
10246 0.0044247787
16390 0.0044247787
17415 0.0044247787
5900 0.0044247787
16396 0.0088495575
15629 0.0044247787
10767 0.0044247787
275 0.0044247787
13844 0.0044247787
22294 0.0088495575
11031 0.0044247787
12568 0.0044247787
19736 0.017699115
21786 0.0044247787
5659 0.0044247787
12830 0.0044247787
9250 0.0088495575
20516 0.0044247787
13613 0.0044247787
10546 0.013274336
3127 0.0044247787
2361 0.0044247787
14650 0.017699115
14398 0.0044247787
7486 0.0044247787
18239 0.022123894
13377 0.0044247787
1858 0.0044247787
17476 0.0044247787
19781 0.0044247787
10821 0.022123894
15942 0.0044247787
18758 0.013274336
12871 0.0088495575
8263 0.0088495575
2632 0.0044247787
18251 0.030973451
15949 0.0044247787
21325 0.0044247787
10321 0.0044247787
3922 0.0044247787
18263 0.017699115
20571 0.0044247787
13659 0.0044247787
15196 0.044247787
9821 0.0044247787
6239 0.0044247787
16481 0.0044247787
8545 0.0044247787
21345 0.013274336
20579 0.0044247787
2915 0.0044247787
2662 0.0044247787
10344 0.0044247787
15209 0.0044247787
8561 0.0044247787
11635 0.013274336
884 0.0044247787
21621 0.013274336
15484 0.0044247787
125 0.0044247787
19581 0.0088495575
20349 0.0088495575
21632 0.0044247787
8836 0.0044247787
20360 0.0044247787
1673 0.0044247787
10897 0.013274336
7830 0.0044247787
8343 0.013274336
10651 0.013274336
11932 0.0044247787
18077 0.0044247787
9376 0.0044247787
5281 0.0044247787
3745 0.013274336
15011 0.0044247787
935 0.0044247787
13480 0.0044247787
19886 0.0088495575
13235 0.0088495575
20405 0.013274336
2231 0.013274336
19385 0.0044247787
5825 0.0044247787
3268 0.0044247787
3524 0.0044247787
16582 0.0044247787
5319 0.0044247787
21191 0.0044247787
14798 0.0044247787
12495 0.0044247787
1488 0.026548672
13521 0.0044247787
10451 0.013274336
20696 0.0044247787
21465 0.0044247787
7642 0.0044247787
16605 0.0088495575
6623 0.0044247787
4319 0.030973451
18656 0.0088495575
19683 0.0044247787
3300 0.0088495575
5349 0.0044247787
20453 0.0044247787
12262 0.0044247787
1766 0.0044247787
3306 0.0044247787
14060 0.0044247787
9710 0.0044247787
1006 0.026548672
12271 0.0044247787
2292 0.0044247787
14838 0.0044247787
11512 0.03982301
8444 0.0044247787
6397 0.0044247787
6654 0.013274336
