8193 0.004784689
5892 0.004784689
4100 0.014354067
10246 0.004784689
17415 0.004784689
5900 0.004784689
22029 0.004784689
15629 0.004784689
10767 0.009569378
15376 0.009569378
6160 0.009569378
22035 0.004784689
13844 0.009569378
19736 0.004784689
536 0.004784689
4635 0.004784689
31 0.004784689
13600 0.004784689
6688 0.009569378
22050 0.004784689
9250 0.004784689
11298 0.019138755
21287 0.019138755
13610 0.004784689
13613 0.004784689
21295 0.004784689
14386 0.004784689
9266 0.004784689
4915 0.004784689
20020 0.004784689
21044 0.004784689
21813 0.004784689
16188 0.004784689
3645 0.004784689
14398 0.004784689
11327 0.004784689
18239 0.014354067
319 0.07655502
7488 0.004784689
1858 0.009569378
12871 0.004784689
2119 0.004784689
8263 0.014354067
18251 0.014354067
9810 0.009569378
20309 0.004784689
4438 0.004784689
18263 0.004784689
15196 0.004784689
6239 0.004784689
16481 0.004784689
21345 0.004784689
4963 0.004784689
10083 0.004784689
5990 0.009569378
3430 0.009569378
2662 0.014354067
4714 0.009569378
10094 0.004784689
19569 0.004784689
11635 0.004784689
884 0.023923445
19062 0.004784689
16761 0.019138755
19581 0.009569378
21632 0.004784689
16003 0.004784689
8836 0.004784689
8070 0.009569378
16520 0.004784689
1423 0.023923445
18064 0.009569378
10897 0.009569378
11925 0.004784689
8343 0.019138755
10649 0.004784689
3994 0.004784689
3745 0.009569378
11431 0.009569378
20405 0.004784689
11959 0.004784689
18872 0.009569378
3262 0.019138755
5825 0.009569378
19137 0.009569378
3522 0.009569378
10949 0.004784689
11718 0.004784689
16582 0.014354067
14798 0.014354067
13521 0.004784689
15313 0.004784689
10451 0.009569378
20696 0.004784689
1241 0.004784689
14300 0.004784689
9951 0.004784689
4319 0.014354067
18144 0.004784689
13538 0.004784689
5859 0.009569378
5349 0.004784689
20453 0.004784689
2791 0.004784689
5096 0.004784689
17388 0.004784689
1006 0.028708134
8175 0.004784689
1522 0.004784689
13301 0.004784689
18677 0.004784689
15606 0.004784689
7160 0.004784689
11512 0.043062203
20477 0.004784689
15103 0.004784689
6143 0.019138755
