7424 0.004166667
19461 0.008333334
5893 0.06666667
19718 0.004166667
10246 0.008333334
17415 0.0125
6409 0.004166667
5900 0.004166667
7950 0.004166667
20238 0.004166667
15374 0.008333334
10767 0.004166667
13334 0.004166667
12568 0.004166667
19736 0.008333334
4635 0.004166667
6688 0.004166667
20516 0.0125
6693 0.004166667
8485 0.004166667
21541 0.008333334
4903 0.008333334
2601 0.004166667
13610 0.004166667
13360 0.0375
1081 0.004166667
14650 0.008333334
1853 0.004166667
14398 0.004166667
18239 0.0125
11327 0.016666668
10821 0.016666668
12871 0.004166667
8263 0.016666668
18251 0.025
19789 0.008333334
21325 0.008333334
6477 0.029166667
20047 0.004166667
6239 0.004166667
16481 0.004166667
21345 0.004166667
12899 0.004166667
20579 0.004166667
12645 0.008333334
2662 0.004166667
6509 0.004166667
10605 0.008333334
15982 0.004166667
6255 0.004166667
2674 0.004166667
884 0.016666668
20855 0.004166667
7037 0.008333334
19581 0.0125
21632 0.004166667
2690 0.004166667
9862 0.004166667
3210 0.0125
17553 0.004166667
10897 0.020833334
20886 0.004166667
7830 0.008333334
21401 0.0125
11932 0.008333334
3745 0.004166667
8097 0.07083333
18340 0.004166667
2471 0.004166667
3240 0.004166667
21677 0.004166667
21679 0.0125
20405 0.008333334
21178 0.004166667
18623 0.004166667
10691 0.008333334
3525 0.004166667
16582 0.004166667
10184 0.004166667
14795 0.004166667
14285 0.004166667
20942 0.004166667
1488 0.004166667
13521 0.004166667
10451 0.033333335
20696 0.004166667
3288 0.004166667
7897 0.004166667
5083 0.008333334
16605 0.004166667
4319 0.016666668
2785 0.004166667
18403 0.008333334
5861 0.004166667
5349 0.004166667
16871 0.008333334
2791 0.025
20712 0.008333334
14060 0.008333334
16621 0.004166667
496 0.004166667
20723 0.008333334
15348 0.008333334
11512 0.07083333
18939 0.004166667
6654 0.004166667
