8193 0.0021008404
8194 0.006302521
4100 0.010504202
5893 0.021008404
10246 0.014705882
6409 0.0021008404
4617 0.0021008404
5900 0.012605042
10767 0.0021008404
13844 0.0021008404
2836 0.004201681
22294 0.0021008404
19736 0.012605042
8218 0.008403362
20507 0.006302521
3611 0.016806724
4635 0.016806724
6687 0.0021008404
13345 0.0021008404
9250 0.006302521
4644 0.0021008404
21541 0.006302521
38 0.004201681
17447 0.0021008404
7208 0.0021008404
6952 0.023109244
13097 0.0021008404
4649 0.0021008404
298 0.008403362
14891 0.0021008404
4652 0.004201681
17453 0.0021008404
8237 0.0021008404
13613 0.004201681
15662 0.0021008404
11825 0.0021008404
8497 0.004201681
21813 0.004201681
7479 0.004201681
20538 0.0021008404
14650 0.014705882
3645 0.039915968
14398 0.0021008404
11327 0.008403362
10817 0.004201681
10821 0.023109244
4934 0.0021008404
18758 0.0021008404
11590 0.004201681
12871 0.0021008404
8263 0.006302521
9544 0.0021008404
18251 0.014705882
16717 0.0021008404
12365 0.004201681
6477 0.010504202
2897 0.0021008404
21586 0.0021008404
5460 0.008403362
18263 0.0021008404
15959 0.0021008404
11611 0.0021008404
19805 0.0021008404
16736 0.004201681
21345 0.0021008404
16481 0.004201681
7265 0.012605042
20579 0.0021008404
11363 0.0021008404
6243 0.004201681
17252 0.004201681
5990 0.004201681
2662 0.006302521
3430 0.006302521
5735 0.0021008404
8811 0.0021008404
6509 0.0021008404
109 0.0021008404
10350 0.0021008404
10094 0.006302521
18544 0.0021008404
8561 0.0021008404
13426 0.0021008404
882 0.0021008404
14450 0.004201681
884 0.004201681
8573 0.006302521
19581 0.018907564
6527 0.0021008404
21632 0.0021008404
19072 0.0021008404
16003 0.010504202
11396 0.0021008404
11141 0.0021008404
9862 0.0021008404
16520 0.0021008404
14472 0.008403362
3466 0.0021008404
8843 0.0021008404
6286 0.004201681
8592 0.0021008404
9360 0.0021008404
18064 0.004201681
17553 0.0021008404
10897 0.008403362
3730 0.0021008404
16531 0.0021008404
19603 0.0021008404
13972 0.0021008404
12180 0.0021008404
6293 0.0021008404
406 0.0021008404
20886 0.0021008404
150 0.0021008404
7830 0.004201681
17815 0.0021008404
8343 0.010504202
5019 0.0021008404
10651 0.010504202
11932 0.0021008404
6813 0.0021008404
2205 0.0021008404
20127 0.0021008404
13983 0.004201681
3745 0.006302521
8355 0.004201681
19620 0.0021008404
12710 0.039915968
15527 0.0021008404
21160 0.006302521
10412 0.0021008404
13485 0.0021008404
12208 0.0021008404
9393 0.0021008404
14514 0.004201681
8371 0.004201681
6325 0.0021008404
20405 0.012605042
5825 0.0021008404
10691 0.0021008404
963 0.004201681
3268 0.004201681
16582 0.0021008404
2758 0.0021008404
13255 0.008403362
21704 0.004201681
1482 0.0021008404
3530 0.004201681
22222 0.004201681
1488 0.0021008404
13521 0.0021008404
5585 0.0021008404
17361 0.0021008404
16083 0.0021008404
10451 0.023109244
20437 0.0021008404
20438 0.0021008404
6359 0.014705882
20696 0.0021008404
10200 0.0021008404
1754 0.0021008404
14300 0.004201681
2269 0.0021008404
20959 0.0021008404
6623 0.006302521
4319 0.010504202
9441 0.0021008404
18914 0.004201681
20451 0.0021008404
3300 0.0021008404
6116 0.004201681
20453 0.004201681
5861 0.004201681
6886 0.004201681
7143 0.0021008404
20712 0.0021008404
19178 0.0021008404
14060 0.0021008404
15596 0.0021008404
1006 0.010504202
21487 0.004201681
10480 0.0021008404
12016 0.008403362
241 0.006302521
20723 0.0021008404
13044 0.0021008404
2292 0.004201681
14838 0.0021008404
16375 0.0021008404
11512 0.042016808
3323 0.012605042
3839 0.004201681
6143 0.006302521
