8194 0.0028328612
7683 0.0028328612
5893 0.02549575
10246 0.008498584
5900 0.011331445
2061 0.0028328612
5645 0.0028328612
10767 0.011331445
13844 0.0056657223
5396 0.0056657223
22294 0.0028328612
13334 0.0028328612
18966 0.0028328612
4121 0.0028328612
10012 0.0028328612
13855 0.0028328612
3104 0.0028328612
9250 0.0028328612
6435 0.0028328612
14884 0.0028328612
6952 0.031161472
13610 0.0028328612
1580 0.0028328612
17196 0.0028328612
13613 0.0056657223
8497 0.008498584
10546 0.0056657223
11827 0.0028328612
21044 0.0056657223
14394 0.0028328612
14650 0.0056657223
4923 0.0028328612
14398 0.0028328612
11327 0.0028328612
6975 0.0028328612
18239 0.008498584
10821 0.011331445
4934 0.008498584
12871 0.0028328612
8263 0.0056657223
9544 0.0028328612
18251 0.031161472
9036 0.0056657223
20813 0.0056657223
9810 0.0056657223
20821 0.0028328612
18263 0.019830028
13659 0.011331445
6239 0.016997168
1376 0.0028328612
16481 0.0028328612
21345 0.0056657223
7265 0.101983
10083 0.0028328612
19301 0.0028328612
3430 0.0028328612
617 0.0028328612
15209 0.0028328612
8297 0.0028328612
14442 0.0028328612
107 0.0028328612
10094 0.0028328612
6255 0.0028328612
21872 0.0028328612
5235 0.0028328612
884 0.008498584
19581 0.0028328612
20349 0.0028328612
8573 0.0056657223
21632 0.0028328612
16003 0.014164306
8836 0.0028328612
9862 0.016997168
4743 0.0028328612
15751 0.0028328612
16520 0.0028328612
10896 0.0028328612
18064 0.008498584
17553 0.0028328612
10897 0.0056657223
7315 0.0028328612
12693 0.0056657223
8342 0.0028328612
150 0.0056657223
8343 0.014164306
21656 0.0028328612
11932 0.008498584
17309 0.0028328612
4510 0.0028328612
7071 0.0028328612
3745 0.0028328612
15522 0.0028328612
14757 0.0028328612
12710 0.008498584
1960 0.0028328612
15528 0.0028328612
8878 0.0028328612
8111 0.0028328612
8368 0.008498584
7090 0.0056657223
14515 0.0028328612
9397 0.0028328612
693 0.016997168
20405 0.016997168
20150 0.0028328612
2231 0.016997168
4025 0.008498584
12734 0.0056657223
18623 0.0056657223
5825 0.0028328612
1217 0.0028328612
3268 0.008498584
9157 0.0028328612
16582 0.0028328612
1224 0.0056657223
14285 0.0028328612
19917 0.0028328612
718 0.0028328612
14798 0.0028328612
1488 0.0056657223
13521 0.0028328612
18385 0.0028328612
13778 0.0028328612
10451 0.033994336
20696 0.0028328612
7897 0.0028328612
9946 0.0028328612
13532 0.008498584
4319 0.028328612
18656 0.0056657223
14563 0.0028328612
6116 0.008498584
5861 0.0028328612
20453 0.0028328612
5349 0.008498584
8422 0.0056657223
16871 0.008498584
9449 0.0056657223
1006 0.011331445
12016 0.008498584
241 0.0028328612
20723 0.0056657223
2292 0.0028328612
11512 0.031161472
6654 0.0028328612
19199 0.014164306
