10242 0.018779343
5892 0.0093896715
5893 0.014084507
10246 0.0046948357
20998 0.0046948357
17415 0.0046948357
6409 0.0046948357
10767 0.018779343
18706 0.0046948357
19736 0.0046948357
4635 0.014084507
9245 0.0046948357
12830 0.0093896715
6435 0.0046948357
2605 0.0046948357
8237 0.0046948357
14381 0.0093896715
21813 0.028169014
14650 0.014084507
4923 0.0046948357
14398 0.0046948357
18239 0.02347418
1858 0.0046948357
10821 0.0093896715
18758 0.0046948357
12871 0.0046948357
18251 0.0046948357
21325 0.0046948357
14158 0.0046948357
2897 0.0046948357
15960 0.0046948357
15196 0.0046948357
16481 0.0046948357
2914 0.0046948357
20579 0.0046948357
3430 0.014084507
15975 0.0046948357
13160 0.0046948357
8297 0.0093896715
13929 0.0093896715
10605 0.0046948357
9073 0.0093896715
11635 0.0046948357
884 0.0046948357
19581 0.0046948357
21632 0.0046948357
2690 0.0046948357
11151 0.0093896715
17553 0.0046948357
10897 0.0093896715
20883 0.02347418
5782 0.0046948357
7830 0.0046948357
20886 0.014084507
8343 0.0046948357
21401 0.0046948357
15003 0.0046948357
11932 0.0046948357
3745 0.014084507
15011 0.0046948357
3491 0.0046948357
14757 0.0046948357
9893 0.0046948357
12710 0.0046948357
11431 0.0046948357
10409 0.0046948357
2731 0.0046948357
12205 0.0046948357
19886 0.018779343
14514 0.014084507
4531 0.0046948357
19126 0.0093896715
11960 0.0046948357
6588 0.0046948357
22207 0.061032865
19137 0.0046948357
10691 0.0093896715
16582 0.0046948357
1734 0.0046948357
19654 0.0046948357
10184 0.018779343
21194 0.0046948357
18378 0.028169014
716 0.0046948357
13260 0.0093896715
718 0.0093896715
13521 0.0046948357
10451 0.02347418
19156 0.0046948357
11221 0.0046948357
3288 0.065727696
15323 0.0046948357
9951 0.0046948357
4319 0.0046948357
5859 0.0046948357
12771 0.0093896715
6116 0.0093896715
5349 0.0046948357
16871 0.0046948357
18410 0.0093896715
14060 0.0046948357
1006 0.0093896715
12271 0.0046948357
19696 0.0046948357
12016 0.0093896715
1266 0.0046948357
20723 0.0046948357
10741 0.0093896715
16375 0.0046948357
11512 0.02347418
8444 0.0093896715
6654 0.0046948357
19199 0.0093896715
6143 0.0093896715
