7680 0.0028248588
14596 0.0028248588
5380 0.0028248588
9988 0.0028248588
5893 0.025423728
10246 0.0028248588
16390 0.008474576
17415 0.011299435
14348 0.0028248588
14860 0.0028248588
16396 0.0028248588
17935 0.0028248588
10512 0.0028248588
8208 0.0056497175
7189 0.0028248588
22294 0.0028248588
278 0.0028248588
19736 0.014124294
3097 0.0028248588
21786 0.0028248588
4635 0.0028248588
797 0.0028248588
6430 0.0028248588
6688 0.0028248588
11298 0.0028248588
22050 0.0028248588
9250 0.016949153
12836 0.0028248588
21541 0.0028248588
13097 0.0056497175
298 0.008474576
6444 0.008474576
13613 0.0028248588
11825 0.0028248588
19250 0.0028248588
10546 0.0028248588
22067 0.0028248588
8243 0.0028248588
20020 0.0028248588
21044 0.0028248588
21813 0.0028248588
311 0.0028248588
14903 0.0056497175
14650 0.0056497175
14398 0.0028248588
6206 0.0028248588
15934 0.0028248588
20030 0.0028248588
11327 0.0056497175
18239 0.014124294
2369 0.0028248588
10817 0.0028248588
1858 0.0028248588
18758 0.0028248588
12871 0.0028248588
8263 0.0028248588
15688 0.0028248588
1864 0.0028248588
18251 0.014124294
3148 0.0028248588
16717 0.0028248588
8019 0.0028248588
20309 0.0056497175
18263 0.059322033
9816 0.0028248588
4697 0.008474576
10331 0.0028248588
14173 0.0056497175
4446 0.0028248588
6239 0.0056497175
13919 0.0056497175
1376 0.0028248588
7264 0.0028248588
21345 0.0028248588
20065 0.0028248588
16481 0.03954802
20579 0.0056497175
11365 0.0056497175
5990 0.0028248588
2662 0.0028248588
3430 0.0056497175
877 0.0028248588
6509 0.0056497175
109 0.0056497175
21872 0.0056497175
11633 0.0028248588
11635 0.008474576
884 0.008474576
21621 0.0056497175
14966 0.008474576
19062 0.014124294
11644 0.0028248588
8573 0.0056497175
19581 0.02259887
21632 0.0028248588
3969 0.0028248588
2690 0.0028248588
11141 0.0028248588
17029 0.0028248588
2693 0.0056497175
9862 0.011299435
20360 0.008474576
3466 0.0028248588
6286 0.0028248588
18064 0.0028248588
9361 0.0028248588
17553 0.0028248588
10897 0.016949153
7830 0.0056497175
1687 0.0028248588
8343 0.0056497175
21401 0.0028248588
156 0.0028248588
13983 0.0028248588
16544 0.0028248588
8097 0.0028248588
3745 0.008474576
14245 0.0028248588
2473 0.0028248588
7082 0.0028248588
19886 0.0028248588
8111 0.0028248588
12208 0.0028248588
8368 0.016949153
7090 0.0056497175
2740 0.014124294
20405 0.0056497175
12470 0.0028248588
8890 0.0028248588
12987 0.0028248588
20158 0.0028248588
12735 0.0028248588
5825 0.0028248588
9666 0.0028248588
3268 0.008474576
14533 0.0028248588
16582 0.0028248588
11718 0.0028248588
20167 0.0028248588
12744 0.0056497175
3530 0.0028248588
716 0.0028248588
13260 0.008474576
6862 0.0028248588
13521 0.0028248588
10451 0.02259887
11734 0.0056497175
13784 0.0028248588
3288 0.008474576
20696 0.011299435
21465 0.0028248588
1754 0.0028248588
18394 0.011299435
3293 0.0028248588
16605 0.0056497175
18910 0.0028248588
4319 0.011299435
10465 0.0028248588
9188 0.0028248588
6116 0.0028248588
5349 0.0028248588
5861 0.0028248588
8422 0.0028248588
6886 0.011299435
16871 0.0028248588
2791 0.0028248588
20712 0.0028248588
19178 0.0028248588
7914 0.0056497175
1261 0.0028248588
21487 0.0028248588
12016 0.0028248588
17139 0.0028248588
19192 0.0028248588
11512 0.048022598
2041 0.0056497175
14587 0.0028248588
6143 0.0056497175
