5893 0.021052632
17415 0.003508772
5900 0.003508772
16140 0.007017544
10767 0.003508772
10512 0.003508772
8978 0.003508772
13844 0.003508772
6165 0.003508772
22294 0.003508772
12055 0.007017544
19736 0.007017544
21787 0.003508772
4635 0.007017544
13855 0.007017544
6688 0.003508772
11298 0.007017544
9250 0.007017544
38 0.003508772
5417 0.003508772
2089 0.003508772
18987 0.003508772
10284 0.014035088
13613 0.003508772
18991 0.003508772
22067 0.003508772
11827 0.003508772
2613 0.003508772
6199 0.003508772
14903 0.003508772
15160 0.007017544
9017 0.003508772
14394 0.003508772
14398 0.003508772
18239 0.003508772
11327 0.03508772
13891 0.003508772
5187 0.003508772
10821 0.007017544
18758 0.003508772
4934 0.007017544
2119 0.003508772
12871 0.007017544
18251 0.045614034
19020 0.003508772
16717 0.003508772
10065 0.003508772
12370 0.003508772
1364 0.003508772
4440 0.003508772
17760 0.003508772
9057 0.003508772
16481 0.007017544
7265 0.042105265
20579 0.003508772
10350 0.003508772
11121 0.003508772
11635 0.003508772
5236 0.003508772
14966 0.003508772
3449 0.003508772
8573 0.003508772
19581 0.007017544
21632 0.003508772
18305 0.021052632
16003 0.07368421
13958 0.003508772
8070 0.007017544
9862 0.010526316
10896 0.003508772
5264 0.021052632
10897 0.028070176
19348 0.003508772
17301 0.003508772
11925 0.007017544
8343 0.003508772
10649 0.003508772
13210 0.003508772
10651 0.003508772
16543 0.003508772
3745 0.003508772
15011 0.003508772
12710 0.003508772
5801 0.007017544
19886 0.003508772
18864 0.003508772
14514 0.003508772
6325 0.003508772
20405 0.03508772
12470 0.003508772
14525 0.003508772
18877 0.007017544
22206 0.003508772
5825 0.003508772
10949 0.003508772
16582 0.003508772
21704 0.003508772
5580 0.003508772
20942 0.003508772
718 0.014035088
13521 0.003508772
16339 0.010526316
10451 0.021052632
20437 0.003508772
3288 0.003508772
20696 0.007017544
21465 0.014035088
15067 0.003508772
21983 0.003508772
4319 0.038596492
6880 0.003508772
6368 0.014035088
20195 0.003508772
5349 0.003508772
20453 0.007017544
7914 0.003508772
14060 0.014035088
1006 0.010526316
8175 0.003508772
12016 0.007017544
20723 0.003508772
2292 0.003508772
7160 0.003508772
11512 0.05964912
3323 0.01754386
4351 0.003508772
