5892 0.0037593986
5893 0.011278195
10246 0.0037593986
16390 0.007518797
17415 0.007518797
2061 0.0037593986
5647 0.0037593986
17935 0.0037593986
18449 0.0037593986
278 0.0037593986
22294 0.007518797
19736 0.011278195
4635 0.011278195
13343 0.0037593986
13855 0.0037593986
6688 0.0037593986
22050 0.0037593986
9250 0.007518797
16676 0.0037593986
21541 0.0037593986
13097 0.015037594
298 0.0037593986
6444 0.0037593986
4652 0.0037593986
11825 0.0037593986
14129 0.007518797
19250 0.0037593986
10546 0.007518797
8243 0.0037593986
20789 0.0037593986
14650 0.02631579
11837 0.0037593986
14398 0.0037593986
15934 0.0037593986
11327 0.0037593986
18239 0.007518797
17473 0.0037593986
10821 0.0037593986
18758 0.0037593986
4934 0.0037593986
12871 0.0037593986
8263 0.011278195
18251 0.0037593986
2640 0.0037593986
21076 0.0037593986
9813 0.0037593986
18263 0.0037593986
1627 0.0037593986
6239 0.0037593986
16481 0.007518797
7265 0.037593983
10083 0.0037593986
2915 0.0037593986
20579 0.007518797
3430 0.007518797
2662 0.007518797
15975 0.0037593986
17513 0.0037593986
15209 0.0037593986
9836 0.0037593986
14189 0.0037593986
6509 0.0037593986
21872 0.0037593986
21621 0.007518797
19062 0.0037593986
12664 0.0037593986
19581 0.007518797
21632 0.0037593986
18816 0.0037593986
13186 0.0037593986
22147 0.0037593986
16003 0.0037593986
9862 0.033834588
3724 0.0037593986
17294 0.0037593986
3982 0.007518797
20624 0.0037593986
10896 0.0037593986
10897 0.018796992
13714 0.0037593986
9362 0.0037593986
6293 0.0037593986
7830 0.0037593986
8855 0.007518797
8343 0.018796992
16024 0.0037593986
1948 0.0037593986
2204 0.0037593986
4510 0.0037593986
16543 0.0037593986
4767 0.0037593986
20127 0.007518797
3745 0.011278195
15272 0.0037593986
8616 0.0037593986
15528 0.007518797
3243 0.0037593986
12205 0.0037593986
13485 0.007518797
12464 0.0037593986
14514 0.0037593986
20402 0.011278195
8371 0.007518797
18613 0.0037593986
20405 0.037593983
4285 0.0037593986
3262 0.0037593986
5825 0.0037593986
18369 0.0037593986
10691 0.0037593986
3268 0.0037593986
14022 0.0037593986
7110 0.0037593986
16582 0.007518797
19657 0.0037593986
13260 0.0037593986
716 0.0037593986
9935 0.0037593986
1488 0.007518797
13521 0.0037593986
10451 0.02631579
20437 0.007518797
11734 0.018796992
3288 0.0037593986
20696 0.015037594
21465 0.0037593986
17882 0.007518797
22235 0.007518797
13532 0.011278195
19165 0.0037593986
4319 0.0037593986
18656 0.0037593986
6116 0.007518797
20453 0.0037593986
15078 0.0037593986
6886 0.007518797
19688 0.0037593986
7914 0.0037593986
20715 0.0037593986
14060 0.015037594
1006 0.007518797
12016 0.007518797
20723 0.02255639
21236 0.0037593986
11512 0.02631579
3323 0.011278195
22268 0.0037593986
7421 0.0037593986
253 0.0037593986
6654 0.0037593986
6143 0.007518797
