5122 0.0021008404
8194 0.0021008404
5893 0.05042017
16390 0.0021008404
10246 0.010504202
19463 0.0021008404
17415 0.006302521
4874 0.0021008404
9227 0.0021008404
19980 0.0021008404
15629 0.0021008404
20750 0.0021008404
5903 0.0021008404
17935 0.0021008404
18706 0.0021008404
21779 0.0021008404
2836 0.0021008404
278 0.0021008404
22294 0.016806724
14616 0.0021008404
19736 0.025210084
16409 0.0021008404
21786 0.0021008404
8218 0.0021008404
4635 0.006302521
10012 0.0021008404
16161 0.0021008404
13090 0.0021008404
11298 0.0021008404
9250 0.006302521
3619 0.0021008404
12325 0.004201681
38 0.0021008404
7209 0.0021008404
13610 0.0021008404
18731 0.0021008404
1324 0.004201681
1837 0.0021008404
558 0.0021008404
7982 0.0021008404
2352 0.0021008404
19250 0.0021008404
16691 0.0021008404
14388 0.0021008404
21813 0.004201681
311 0.0021008404
3130 0.0021008404
14650 0.018907564
3645 0.0021008404
14398 0.0021008404
8254 0.006302521
11327 0.004201681
18239 0.023109244
7489 0.0021008404
1858 0.0021008404
5698 0.012605042
14406 0.0021008404
18758 0.0021008404
12871 0.0021008404
6215 0.004201681
2119 0.006302521
20554 0.006302521
18251 0.006302521
6222 0.0021008404
11598 0.0021008404
7246 0.0021008404
2900 0.0021008404
11607 0.0021008404
18263 0.010504202
11611 0.0021008404
9310 0.004201681
16736 0.0021008404
16481 0.0021008404
13921 0.0021008404
21345 0.004201681
10083 0.0021008404
20579 0.0021008404
2662 0.0021008404
3430 0.012605042
5735 0.0021008404
15975 0.004201681
13929 0.004201681
6509 0.0021008404
12398 0.006302521
16495 0.0021008404
21872 0.004201681
17265 0.0021008404
11121 0.004201681
13426 0.0021008404
884 0.0021008404
18038 0.0021008404
18298 0.0021008404
19581 0.006302521
17023 0.004201681
21632 0.0021008404
7299 0.0021008404
1411 0.0021008404
13701 0.0021008404
8837 0.006302521
9862 0.0021008404
16520 0.0021008404
13448 0.0021008404
20360 0.006302521
6286 0.0021008404
7567 0.012605042
10896 0.0021008404
8592 0.004201681
18064 0.004201681
12945 0.0021008404
10897 0.014705882
9619 0.004201681
15765 0.0021008404
150 0.0021008404
8342 0.0021008404
7830 0.0021008404
8855 0.0021008404
8343 0.004201681
10651 0.027310925
11932 0.014705882
13983 0.0021008404
3745 0.0021008404
14757 0.0021008404
15528 0.004201681
10409 0.0021008404
7082 0.0021008404
11948 0.0021008404
19886 0.008403362
8368 0.065126054
10417 0.008403362
8371 0.0021008404
19636 0.004201681
20405 0.027310925
22198 0.0021008404
1718 0.0021008404
20150 0.0021008404
15034 0.0021008404
8384 0.0021008404
6336 0.0021008404
5825 0.0021008404
21698 0.0021008404
10691 0.006302521
3268 0.0021008404
4293 0.0021008404
2758 0.0021008404
16582 0.012605042
10184 0.0021008404
4809 0.0021008404
1993 0.0021008404
19917 0.0021008404
1488 0.014705882
13521 0.0021008404
5585 0.0021008404
10451 0.025210084
20696 0.010504202
21465 0.006302521
4314 0.0021008404
4570 0.0021008404
7642 0.0021008404
10460 0.0021008404
15838 0.0021008404
9183 0.0021008404
4319 0.006302521
5859 0.0021008404
6115 0.029411765
6116 0.0021008404
5861 0.0021008404
5349 0.004201681
16869 0.0021008404
8422 0.0021008404
6886 0.004201681
2791 0.0021008404
11240 0.0021008404
7914 0.014705882
14060 0.006302521
7661 0.012605042
1006 0.012605042
19183 0.0021008404
18159 0.0021008404
496 0.0021008404
241 0.0021008404
16625 0.004201681
6646 0.0021008404
15608 0.0021008404
7160 0.004201681
11512 0.05042017
6654 0.004201681
4095 0.0021008404
5631 0.0021008404
19199 0.0021008404
6143 0.004201681
