5892 0.010526316
5893 0.010526316
10246 0.005263158
17415 0.005263158
2315 0.005263158
10763 0.005263158
10767 0.010526316
5399 0.005263158
14616 0.005263158
19736 0.010526316
4635 0.005263158
14365 0.005263158
5149 0.005263158
12830 0.005263158
6688 0.005263158
11298 0.005263158
13090 0.005263158
9250 0.010526316
1576 0.005263158
2601 0.005263158
9264 0.005263158
21813 0.005263158
3130 0.005263158
4923 0.005263158
1083 0.005263158
3645 0.036842104
14398 0.005263158
18239 0.005263158
11327 0.010526316
1858 0.005263158
2374 0.005263158
12871 0.005263158
2119 0.010526316
15688 0.005263158
15945 0.005263158
18251 0.031578947
17486 0.005263158
335 0.005263158
9810 0.010526316
18003 0.005263158
21076 0.005263158
18263 0.005263158
10583 0.005263158
20571 0.005263158
9310 0.005263158
1376 0.005263158
16481 0.005263158
7265 0.010526316
10083 0.005263158
3430 0.005263158
13670 0.015789473
15975 0.005263158
10344 0.005263158
4714 0.010526316
109 0.005263158
11635 0.010526316
884 0.005263158
21621 0.021052632
19062 0.005263158
19581 0.021052632
19327 0.005263158
21632 0.005263158
16003 0.036842104
9862 0.005263158
5511 0.005263158
16520 0.005263158
17553 0.005263158
10897 0.02631579
20883 0.005263158
9363 0.010526316
8342 0.005263158
8343 0.005263158
16032 0.015789473
3745 0.005263158
4513 0.005263158
12710 0.005263158
431 0.005263158
12208 0.005263158
2994 0.005263158
14515 0.005263158
8371 0.021052632
20405 0.036842104
17338 0.005263158
5825 0.021052632
963 0.005263158
16582 0.005263158
2758 0.005263158
966 0.005263158
1224 0.010526316
19917 0.005263158
15056 0.005263158
13521 0.005263158
10451 0.031578947
9685 0.005263158
18394 0.005263158
4319 0.021052632
5861 0.005263158
15333 0.005263158
20453 0.005263158
2281 0.005263158
18410 0.005263158
18414 0.005263158
1006 0.005263158
21487 0.005263158
12016 0.005263158
13301 0.005263158
7160 0.010526316
11512 0.057894737
20218 0.005263158
6654 0.005263158
10750 0.015789473
6143 0.010526316
