8193 0.0056818184
8194 0.0056818184
5893 0.028409092
10246 0.0056818184
10767 0.0056818184
13844 0.0056818184
8984 0.011363637
19736 0.022727273
4635 0.011363637
10783 0.0056818184
13343 0.0056818184
13855 0.0056818184
18208 0.0056818184
6688 0.011363637
11298 0.0056818184
9250 0.011363637
21541 0.017045455
13610 0.0056818184
5164 0.011363637
13613 0.0056818184
10546 0.017045455
21813 0.017045455
14650 0.017045455
2621 0.0056818184
14398 0.0056818184
18239 0.0056818184
11327 0.011363637
1858 0.0056818184
4674 0.0056818184
5957 0.0056818184
18758 0.0056818184
12871 0.0056818184
8263 0.011363637
4169 0.0056818184
18251 0.028409092
11598 0.0056818184
2897 0.0056818184
18263 0.011363637
15196 0.011363637
16481 0.0056818184
20579 0.0056818184
2662 0.0056818184
13426 0.0056818184
11635 0.011363637
884 0.0056818184
14204 0.0056818184
8573 0.0056818184
19581 0.011363637
21632 0.0056818184
4484 0.0056818184
9862 0.0056818184
1166 0.0056818184
17294 0.017045455
18064 0.0056818184
10897 0.011363637
2197 0.0056818184
20886 0.0056818184
8343 0.0056818184
18842 0.0056818184
10651 0.011363637
11932 0.0056818184
3745 0.011363637
18599 0.011363637
3753 0.0056818184
2473 0.0056818184
7082 0.051136363
19886 0.028409092
9393 0.0056818184
20405 0.022727273
5825 0.0056818184
19137 0.022727273
16582 0.0056818184
7110 0.0056818184
2758 0.011363637
14279 0.0056818184
10442 0.0056818184
2510 0.0056818184
13521 0.0056818184
10451 0.03409091
7892 0.0056818184
11221 0.0056818184
731 0.0056818184
18653 0.0056818184
16605 0.0056818184
4319 0.028409092
18656 0.0056818184
8163 0.0056818184
19683 0.0056818184
20712 0.0056818184
14314 0.0056818184
1006 0.017045455
9710 0.022727273
5615 0.011363637
11512 0.045454547
2041 0.0056818184
22270 0.0056818184
6654 0.0056818184
19199 0.011363637
