5893 0.00952381
10246 0.023809524
17415 0.004761905
6409 0.014285714
1803 0.004761905
10767 0.00952381
15120 0.00952381
22035 0.004761905
21779 0.004761905
2327 0.004761905
19736 0.004761905
4635 0.00952381
16161 0.014285714
13611 0.004761905
13613 0.004761905
2605 0.01904762
7471 0.004761905
18991 0.004761905
3376 0.004761905
4923 0.004761905
14398 0.004761905
11327 0.00952381
18239 0.014285714
1858 0.00952381
18501 0.004761905
10821 0.014285714
18758 0.00952381
12871 0.004761905
8263 0.01904762
6728 0.004761905
18251 0.023809524
2380 0.00952381
16717 0.004761905
6222 0.014285714
15959 0.004761905
11607 0.004761905
18263 0.023809524
15960 0.004761905
16733 0.004761905
16481 0.004761905
20579 0.004761905
10083 0.00952381
2662 0.004761905
3430 0.004761905
13929 0.00952381
12142 0.004761905
11635 0.004761905
16243 0.004761905
19062 0.004761905
19579 0.004761905
19581 0.01904762
14207 0.004761905
21632 0.004761905
2435 0.004761905
9862 0.004761905
16520 0.004761905
11660 0.004761905
17294 0.004761905
7567 0.00952381
10896 0.004761905
6032 0.00952381
10897 0.023809524
20883 0.004761905
7830 0.004761905
8343 0.00952381
11932 0.004761905
3745 0.004761905
21665 0.004761905
15011 0.004761905
15528 0.004761905
5801 0.004761905
2731 0.004761905
10412 0.004761905
5036 0.004761905
13485 0.004761905
19886 0.004761905
4274 0.004761905
8371 0.004761905
20405 0.028571429
17079 0.004761905
3259 0.004761905
6588 0.004761905
12220 0.00952381
20925 0.004761905
16064 0.004761905
5825 0.014285714
16582 0.004761905
18118 0.004761905
2758 0.014285714
16841 0.00952381
2765 0.023809524
20942 0.00952381
13521 0.004761905
10451 0.01904762
1242 0.004761905
6623 0.004761905
4319 0.01904762
5349 0.004761905
20453 0.00952381
6888 0.004761905
3306 0.00952381
14060 0.004761905
1006 0.00952381
12016 0.014285714
8433 0.004761905
12786 0.004761905
16375 0.052380953
11512 0.057142857
15354 0.004761905
7421 0.004761905
6654 0.014285714
19199 0.004761905
