7680 0.0037037036
9988 0.011111111
5893 0.018518519
10246 0.0037037036
20998 0.0037037036
17415 0.0037037036
10763 0.0074074073
10767 0.0037037036
22294 0.0037037036
5911 0.0037037036
19736 0.0074074073
16409 0.0037037036
4635 0.018518519
15900 0.0037037036
13855 0.0037037036
2335 0.0037037036
6688 0.014814815
802 0.0037037036
9250 0.0074074073
8743 0.0074074073
7209 0.0037037036
10025 0.014814815
10027 0.0037037036
18222 0.0037037036
19249 0.0074074073
10546 0.0037037036
14650 0.0074074073
4923 0.0037037036
14398 0.0037037036
19518 0.0037037036
18239 0.0037037036
11327 0.0037037036
7747 0.0037037036
10821 0.044444446
11847 0.0037037036
12871 0.0074074073
17738 0.0037037036
18251 0.0037037036
5453 0.0037037036
18007 0.0037037036
18263 0.04074074
13659 0.0037037036
15196 0.0074074073
19548 0.011111111
16481 0.0037037036
21345 0.0074074073
10083 0.0037037036
11363 0.0037037036
15209 0.011111111
10605 0.0037037036
10094 0.0037037036
11635 0.011111111
884 0.0037037036
21621 0.011111111
14968 0.0037037036
19581 0.0074074073
126 0.0037037036
21632 0.0037037036
2176 0.0037037036
13186 0.0037037036
8836 0.0037037036
9862 0.0037037036
18566 0.011111111
20360 0.0037037036
17549 0.0037037036
17294 0.0074074073
6032 0.0037037036
10897 0.014814815
15765 0.0037037036
7830 0.0037037036
8343 0.0037037036
16795 0.0074074073
21403 0.011111111
8860 0.0037037036
4253 0.0037037036
3745 0.0037037036
20129 0.0074074073
18340 0.0037037036
20648 0.0037037036
10409 0.0074074073
8111 0.014814815
2224 0.0037037036
7090 0.0037037036
20405 0.011111111
19385 0.0074074073
21696 0.0037037036
4290 0.0037037036
2758 0.0037037036
16582 0.0074074073
2763 0.0037037036
13260 0.16666667
19917 0.0037037036
19149 0.0037037036
20943 0.0037037036
12495 0.0037037036
14288 0.0074074073
1488 0.0074074073
13521 0.0037037036
10451 0.037037037
16599 0.0037037036
20696 0.02962963
4319 0.0037037036
20196 0.0037037036
8422 0.0037037036
6886 0.0074074073
3306 0.0037037036
7914 0.0074074073
1006 0.0037037036
18414 0.0074074073
2292 0.0037037036
5623 0.0037037036
7160 0.0037037036
11512 0.06666667
7931 0.0037037036
19199 0.0037037036
