9988 0.003508772
5893 0.010526316
17926 0.003508772
16390 0.003508772
10246 0.007017544
17415 0.010526316
21514 0.007017544
9227 0.003508772
15629 0.003508772
2061 0.003508772
10767 0.007017544
8468 0.003508772
19736 0.003508772
12059 0.003508772
4635 0.007017544
15900 0.007017544
12830 0.003508772
12321 0.003508772
9250 0.007017544
12325 0.003508772
38 0.010526316
6440 0.003508772
298 0.003508772
13613 0.003508772
15662 0.003508772
19249 0.003508772
10546 0.003508772
19250 0.003508772
311 0.003508772
5434 0.003508772
14650 0.007017544
14398 0.003508772
15422 0.010526316
18239 0.003508772
11327 0.003508772
1600 0.003508772
10821 0.01754386
20550 0.003508772
12871 0.003508772
8263 0.003508772
18251 0.003508772
16717 0.010526316
11598 0.007017544
20818 0.003508772
7252 0.003508772
18263 0.06666667
3419 0.003508772
13659 0.003508772
19548 0.007017544
14173 0.003508772
9310 0.010526316
13919 0.003508772
14432 0.007017544
16736 0.014035088
16481 0.003508772
2915 0.003508772
20579 0.010526316
12645 0.003508772
5990 0.003508772
3430 0.007017544
2662 0.007017544
18536 0.003508772
15208 0.010526316
6509 0.007017544
11635 0.007017544
884 0.003508772
15222 0.007017544
19062 0.007017544
1399 0.003508772
9591 0.003508772
12157 0.003508772
8573 0.003508772
19581 0.01754386
21632 0.003508772
2176 0.003508772
13186 0.003508772
11141 0.007017544
9862 0.003508772
1671 0.003508772
16520 0.003508772
20360 0.007017544
13709 0.003508772
3982 0.003508772
17294 0.007017544
18064 0.003508772
20624 0.003508772
21649 0.003508772
10897 0.010526316
1427 0.003508772
7830 0.003508772
8343 0.021052632
10649 0.003508772
19867 0.003508772
4253 0.003508772
2973 0.007017544
927 0.003508772
3745 0.003508772
20648 0.007017544
2731 0.003508772
19886 0.007017544
8111 0.003508772
7346 0.003508772
14514 0.003508772
8371 0.003508772
9139 0.003508772
20405 0.021052632
19385 0.003508772
4025 0.007017544
187 0.003508772
16064 0.014035088
20163 0.007017544
3268 0.007017544
16582 0.003508772
19143 0.003508772
21192 0.003508772
3530 0.01754386
716 0.003508772
13260 0.024561403
19917 0.007017544
17614 0.003508772
20943 0.003508772
1488 0.003508772
13521 0.003508772
1746 0.003508772
19667 0.003508772
10451 0.038596492
7124 0.003508772
11734 0.003508772
18134 0.007017544
15831 0.003508772
20696 0.003508772
21465 0.003508772
9689 0.003508772
20446 0.003508772
4319 0.003508772
2785 0.003508772
8163 0.003508772
20196 0.003508772
8422 0.007017544
7914 0.038596492
14060 0.007017544
1006 0.01754386
19188 0.003508772
2294 0.003508772
15606 0.003508772
11512 0.042105265
6143 0.01754386
