4865 0.004166667
8194 0.004166667
8709 0.004166667
5893 0.025
10246 0.008333334
16390 0.025
3339 0.004166667
1295 0.004166667
10767 0.008333334
8208 0.004166667
278 0.004166667
19736 0.0125
4635 0.004166667
9250 0.0125
22050 0.0125
4903 0.0125
10025 0.008333334
22064 0.025
7474 0.004166667
20020 0.004166667
13621 0.008333334
21558 0.008333334
4665 0.004166667
14650 0.004166667
14398 0.004166667
11073 0.004166667
10821 0.008333334
12871 0.004166667
8263 0.008333334
4169 0.0125
18251 0.004166667
11598 0.004166667
337 0.004166667
10065 0.008333334
21588 0.004166667
18263 0.083333336
9310 0.004166667
6239 0.016666668
16481 0.0125
19044 0.004166667
15464 0.004166667
16495 0.004166667
13426 0.004166667
11635 0.0125
16756 0.004166667
5236 0.004166667
21621 0.016666668
19062 0.004166667
19581 0.016666668
21632 0.004166667
11905 0.004166667
11141 0.004166667
11653 0.004166667
9862 0.008333334
8070 0.016666668
9095 0.004166667
20360 0.008333334
19594 0.004166667
13453 0.004166667
17294 0.004166667
6286 0.004166667
17553 0.004166667
9617 0.004166667
10897 0.0125
8343 0.008333334
21401 0.004166667
10649 0.004166667
16543 0.004166667
4513 0.004166667
3745 0.008333334
18340 0.004166667
10409 0.004166667
8111 0.004166667
9139 0.008333334
20405 0.029166667
4023 0.004166667
15543 0.004166667
4025 0.004166667
7865 0.008333334
6588 0.008333334
16064 0.004166667
14273 0.004166667
4290 0.004166667
9666 0.004166667
10691 0.008333334
3268 0.004166667
16582 0.004166667
2758 0.004166667
20942 0.004166667
1488 0.029166667
13521 0.004166667
10451 0.0125
5077 0.004166667
11734 0.004166667
3288 0.008333334
20696 0.016666668
21465 0.0125
13532 0.016666668
4319 0.004166667
3300 0.004166667
6886 0.008333334
14060 0.004166667
1006 0.016666668
16625 0.004166667
12017 0.004166667
13044 0.004166667
21236 0.004166667
19188 0.004166667
11512 0.07083333
3323 0.008333334
7421 0.0125
6654 0.008333334
5631 0.004166667
6143 0.008333334
