7680 0.0043668123
4100 0.0043668123
5893 0.030567685
10246 0.008733625
16390 0.013100437
17415 0.008733625
3339 0.0043668123
14348 0.0043668123
15629 0.008733625
13334 0.0043668123
19736 0.008733625
4635 0.0043668123
13345 0.0043668123
11297 0.0043668123
13090 0.0043668123
9250 0.008733625
16164 0.0043668123
12325 0.0043668123
550 0.0043668123
13097 0.0043668123
1322 0.0043668123
21295 0.0043668123
14129 0.0043668123
10546 0.0043668123
19250 0.008733625
8243 0.0043668123
7220 0.0043668123
3129 0.0043668123
14650 0.0043668123
14398 0.0043668123
11327 0.0043668123
18239 0.008733625
10821 0.0043668123
2119 0.0043668123
12871 0.008733625
8263 0.008733625
18251 0.01746725
12621 0.0043668123
16717 0.0043668123
20566 0.0043668123
18263 0.08733624
20571 0.008733625
14173 0.0043668123
9310 0.0043668123
17760 0.0043668123
16481 0.008733625
10340 0.0043668123
11365 0.0043668123
5990 0.0043668123
15975 0.0043668123
874 0.013100437
14443 0.0043668123
109 0.0043668123
7022 0.0043668123
17262 0.0043668123
10094 0.013100437
21872 0.008733625
11121 0.0043668123
884 0.0043668123
19062 0.008733625
15484 0.013100437
19581 0.013100437
6525 0.013100437
21632 0.0043668123
2690 0.008733625
8070 0.0043668123
9862 0.008733625
8843 0.0043668123
9616 0.0043668123
4241 0.0043668123
10897 0.008733625
3730 0.0043668123
10651 0.0043668123
13983 0.0043668123
3745 0.0043668123
20385 0.0043668123
18858 0.0043668123
20402 0.0043668123
14514 0.0043668123
9139 0.0043668123
14515 0.008733625
2740 0.0043668123
20405 0.01746725
10691 0.008733625
16582 0.0043668123
11718 0.0043668123
2758 0.01746725
1224 0.0043668123
12744 0.0043668123
13260 0.0043668123
8140 0.008733625
19917 0.008733625
20943 0.0043668123
20176 0.0043668123
13521 0.0043668123
10451 0.026200874
7124 0.0043668123
20696 0.02183406
7897 0.0043668123
18394 0.0043668123
1754 0.0043668123
11482 0.02183406
2269 0.0043668123
4573 0.0043668123
6111 0.0043668123
4319 0.0043668123
6116 0.013100437
6886 0.008733625
7914 0.0043668123
16621 0.008733625
1006 0.026200874
16625 0.0043668123
20723 0.0043668123
2292 0.0043668123
13044 0.0043668123
14838 0.04366812
11512 0.048034936
2041 0.0043668123
2043 0.0043668123
5631 0.0043668123
6143 0.008733625
