7680 0.00591716
5893 0.03254438
16390 0.03550296
17415 0.00295858
5900 0.00591716
15629 0.00887574
22035 0.00295858
275 0.00591716
8468 0.00295858
7189 0.00295858
13334 0.00295858
22294 0.00887574
19736 0.01183432
16409 0.00295858
21786 0.00295858
4635 0.0295858
16926 0.00295858
22050 0.00295858
9250 0.00295858
302 0.00295858
10546 0.00295858
13621 0.00295858
311 0.00295858
3130 0.00295858
14650 0.00591716
14398 0.00295858
18239 0.00887574
11327 0.01775148
11073 0.00295858
1858 0.00295858
8260 0.00295858
10821 0.00591716
18758 0.00591716
12871 0.00295858
2119 0.00591716
8263 0.00591716
6215 0.00591716
14153 0.00295858
18251 0.01183432
20813 0.00295858
12365 0.00295858
2897 0.00295858
10321 0.00295858
20821 0.00591716
18263 0.01183432
4440 0.00295858
13659 0.00295858
20571 0.00295858
14173 0.00591716
9310 0.00295858
2142 0.00295858
15966 0.00591716
6239 0.00295858
13919 0.00887574
16481 0.00295858
20579 0.00591716
10083 0.00591716
17252 0.00295858
4198 0.00295858
3430 0.00887574
15209 0.00887574
9836 0.00295858
17262 0.00295858
21872 0.0147929
8561 0.00295858
11121 0.00295858
2674 0.00295858
11635 0.00591716
884 0.00295858
19062 0.00591716
8570 0.00295858
6525 0.00295858
20349 0.00295858
19581 0.01775148
3199 0.00295858
21632 0.00295858
4736 0.00295858
2176 0.00295858
6787 0.00295858
11396 0.00295858
19333 0.00295858
8326 0.00295858
18566 0.00295858
13960 0.00295858
16520 0.00295858
17549 0.00295858
6286 0.00295858
10896 0.00591716
10897 0.00887574
7830 0.00295858
8343 0.00295858
10649 0.00591716
21403 0.00295858
10651 0.00295858
13211 0.00591716
11932 0.00295858
2204 0.00295858
20385 0.00295858
3745 0.00591716
6566 0.00295858
15528 0.00295858
18858 0.00295858
6828 0.00295858
19886 0.00591716
15024 0.00295858
8368 0.03550296
7090 0.00295858
20405 0.00887574
22205 0.00295858
6849 0.00295858
5825 0.00591716
1217 0.00887574
14533 0.00295858
2758 0.00295858
16582 0.00887574
21194 0.00295858
17612 0.00295858
6862 0.00295858
20942 0.00295858
20176 0.00295858
14288 0.00295858
1488 0.01183432
13521 0.00295858
13778 0.00295858
5843 0.00295858
10451 0.026627218
9685 0.00295858
17366 0.00295858
3288 0.00887574
20696 0.04733728
7897 0.00591716
21465 0.00591716
5849 0.00591716
18394 0.00295858
1498 0.00295858
4314 0.00295858
13532 0.020710059
4319 0.00887574
6368 0.0147929
5859 0.00295858
3300 0.00295858
6116 0.01183432
20453 0.00295858
6886 0.00591716
16618 0.00295858
1006 0.00295858
12271 0.00591716
12016 0.00591716
3058 0.00295858
13043 0.00295858
12277 0.00295858
15606 0.00295858
14584 0.00295858
11512 0.0739645
14330 0.00591716
16892 0.00295858
7421 0.00295858
19199 0.00295858
