7680 0.0032894737
8194 0.023026315
10499 0.0032894737
5893 0.029605264
16390 0.0065789474
10246 0.023026315
17415 0.009868421
16396 0.0065789474
18958 0.0032894737
3859 0.0032894737
13844 0.0032894737
19736 0.009868421
4635 0.009868421
10012 0.0032894737
13343 0.009868421
18208 0.0032894737
17440 0.0032894737
13857 0.0032894737
38 0.0065789474
11303 0.0032894737
7209 0.0032894737
298 0.0032894737
18731 0.013157895
1837 0.0032894737
21813 0.016447369
1081 0.0032894737
4665 0.0065789474
14650 0.009868421
22076 0.0032894737
14398 0.0032894737
18239 0.0032894737
11327 0.016447369
5698 0.0032894737
10821 0.0065789474
8263 0.0065789474
12871 0.009868421
3144 0.0032894737
18251 0.02631579
21325 0.0032894737
16717 0.009868421
21076 0.0065789474
16981 0.0032894737
18263 0.0032894737
16736 0.016447369
16481 0.0065789474
21345 0.0065789474
20579 0.0032894737
3430 0.009868421
13929 0.013157895
6509 0.0032894737
10095 0.0032894737
111 0.0065789474
11635 0.0065789474
884 0.0032894737
8569 0.02631579
15484 0.0032894737
12413 0.0032894737
19581 0.023026315
6527 0.0032894737
21632 0.0032894737
16003 0.0032894737
8837 0.04605263
8070 0.0032894737
9862 0.0032894737
18822 0.0032894737
21640 0.0032894737
7567 0.0065789474
18064 0.0032894737
6032 0.009868421
10897 0.02631579
10651 0.0032894737
11932 0.013157895
14750 0.0032894737
8097 0.0032894737
3745 0.009868421
14755 0.013157895
12710 0.049342107
15528 0.0032894737
1451 0.0032894737
13485 0.0032894737
14768 0.0032894737
12208 0.0032894737
4274 0.0032894737
14514 0.0032894737
7090 0.019736841
9139 0.0032894737
17076 0.0032894737
20405 0.016447369
2231 0.0032894737
12220 0.0032894737
6588 0.0065789474
4286 0.02631579
14273 0.0032894737
18369 0.0032894737
16582 0.0032894737
4809 0.0032894737
3530 0.0032894737
10702 0.0032894737
11215 0.0032894737
13521 0.0032894737
10451 0.02631579
7637 0.0032894737
20438 0.0065789474
16599 0.0032894737
15323 0.0032894737
5083 0.0065789474
4319 0.019736841
9441 0.0065789474
6115 0.0032894737
6116 0.0032894737
5861 0.0065789474
6886 0.0065789474
2791 0.0032894737
16108 0.0032894737
14060 0.009868421
1006 0.0065789474
2288 0.0032894737
19696 0.0065789474
241 0.0032894737
2550 0.0032894737
16375 0.0032894737
11512 0.04276316
6654 0.0032894737
4351 0.0032894737
