8194 0.0069124424
11012 0.0023041475
5893 0.03456221
16390 0.0069124424
10246 0.013824885
19723 0.0023041475
2829 0.0023041475
10767 0.0023041475
19472 0.0023041475
3605 0.0023041475
19736 0.00921659
19737 0.0023041475
5149 0.0023041475
16926 0.00921659
13345 0.0023041475
9250 0.013824885
12325 0.0023041475
38 0.0023041475
4649 0.0023041475
2602 0.0023041475
298 0.004608295
21804 0.0023041475
17196 0.0023041475
6188 0.0023041475
8749 0.0023041475
13613 0.011520738
18991 0.0023041475
10546 0.0069124424
19250 0.016129032
21044 0.0023041475
17462 0.023041476
5175 0.0023041475
15415 0.0023041475
14650 0.02764977
14398 0.0023041475
11327 0.004608295
18239 0.004608295
10817 0.0069124424
1858 0.0023041475
8260 0.0023041475
11845 0.0023041475
12871 0.0023041475
6215 0.0023041475
2119 0.004608295
8263 0.00921659
1864 0.0023041475
18251 0.0023041475
9036 0.0023041475
16717 0.0023041475
13391 0.0023041475
18769 0.0023041475
4950 0.0023041475
18263 0.00921659
15960 0.0023041475
2393 0.004608295
20571 0.0023041475
13659 0.0069124424
2397 0.0023041475
6239 0.004608295
1376 0.0023041475
7264 0.0023041475
8288 0.0023041475
16481 0.0023041475
21345 0.004608295
1635 0.0023041475
20579 0.011520738
2662 0.0023041475
3430 0.01843318
20841 0.0023041475
15209 0.004608295
8811 0.0023041475
109 0.0023041475
7022 0.0023041475
10350 0.0023041475
21872 0.0069124424
884 0.0069124424
8309 0.0023041475
19062 0.0069124424
9591 0.0023041475
12664 0.0023041475
8571 0.0023041475
11644 0.0023041475
15484 0.013824885
19581 0.0069124424
18813 0.0069124424
21632 0.0023041475
2176 0.0023041475
18816 0.0023041475
13186 0.0069124424
16003 0.0023041475
7812 0.0023041475
11141 0.0023041475
9862 0.020737328
6538 0.0023041475
19594 0.0023041475
6286 0.0023041475
9615 0.0023041475
399 0.0023041475
20879 0.004608295
18064 0.004608295
17553 0.0023041475
10897 0.0069124424
3730 0.0023041475
1939 0.0023041475
20883 0.0023041475
8085 0.0023041475
8342 0.0023041475
17815 0.0023041475
8343 0.0069124424
11932 0.013824885
2973 0.0023041475
4510 0.0069124424
13983 0.004608295
8097 0.0023041475
3745 0.0069124424
15011 0.0023041475
12710 0.0023041475
10409 0.0023041475
6317 0.0023041475
20402 0.0023041475
20405 0.0023041475
17334 0.0023041475
18872 0.004608295
3513 0.0023041475
12734 0.0023041475
4286 0.0023041475
18623 0.004608295
3268 0.013824885
16582 0.0023041475
1224 0.0023041475
12489 0.0023041475
16841 0.004608295
3530 0.0023041475
17867 0.0023041475
1739 0.0023041475
8140 0.00921659
2509 0.0023041475
10448 0.0023041475
13521 0.0023041475
15057 0.0023041475
10451 0.016129032
9685 0.0023041475
20437 0.0023041475
8662 0.0023041475
11734 0.004608295
20438 0.004608295
20696 0.004608295
21465 0.011520738
14043 0.0023041475
22235 0.011520738
14556 0.004608295
7647 0.0023041475
4319 0.004608295
6116 0.01843318
2791 0.0023041475
19688 0.0023041475
7914 0.004608295
14314 0.004608295
14060 0.09907834
7406 0.0023041475
1006 0.0069124424
5615 0.0023041475
241 0.0023041475
20723 0.0069124424
11252 0.0023041475
13301 0.0023041475
17653 0.004608295
16375 0.0023041475
11512 0.05299539
2041 0.0069124424
10492 0.0023041475
8956 0.029953917
18431 0.004608295
6143 0.004608295
