8194 0.0042918455
5893 0.017167382
16396 0.0042918455
15120 0.021459227
13844 0.012875536
19736 0.025751073
4635 0.017167382
6688 0.0042918455
12321 0.0042918455
9250 0.0042918455
2854 0.0042918455
6952 0.008583691
18731 0.0042918455
13613 0.008583691
2605 0.06437768
16174 0.0042918455
19250 0.008583691
8761 0.0042918455
14650 0.0042918455
14398 0.0042918455
18239 0.0042918455
21312 0.0042918455
20550 0.0042918455
18758 0.0042918455
8263 0.0042918455
12871 0.008583691
4169 0.0042918455
18251 0.0042918455
16717 0.008583691
14158 0.0042918455
6222 0.017167382
3922 0.008583691
6229 0.0042918455
7007 0.0042918455
16736 0.0042918455
16481 0.0042918455
3430 0.021459227
15209 0.0042918455
13929 0.017167382
10605 0.0042918455
20854 0.0042918455
19062 0.008583691
19581 0.012875536
21632 0.0042918455
18304 0.008583691
2690 0.008583691
11141 0.0042918455
9862 0.008583691
16520 0.0042918455
7564 0.0042918455
11660 0.0042918455
4237 0.0042918455
7567 0.008583691
18064 0.0042918455
10897 0.017167382
3730 0.0042918455
8343 0.012875536
19100 0.0042918455
4510 0.008583691
3745 0.008583691
15011 0.0042918455
14757 0.0042918455
2731 0.008583691
4274 0.0042918455
4531 0.0042918455
13492 0.0042918455
20405 0.012875536
14011 0.0042918455
4285 0.0042918455
704 0.0042918455
5825 0.008583691
21957 0.0042918455
16582 0.0042918455
2758 0.0042918455
2765 0.115879826
1488 0.008583691
13521 0.0042918455
10451 0.030042918
8662 0.0042918455
20696 0.012875536
3288 0.012875536
7642 0.0042918455
14300 0.0042918455
6623 0.0042918455
4319 0.0042918455
6116 0.0042918455
5349 0.008583691
2791 0.008583691
16871 0.017167382
11241 0.008583691
3306 0.0042918455
14060 0.0042918455
18414 0.0042918455
1006 0.008583691
19696 0.025751073
5623 0.0042918455
16375 0.021459227
11512 0.06866953
22270 0.0042918455
5631 0.0042918455
