5892 0.0033333334
5380 0.006666667
8709 0.0033333334
5893 0.0033333334
10246 0.006666667
16390 0.013333334
17928 0.0033333334
3339 0.02
16396 0.0033333334
22029 0.0033333334
13326 0.0033333334
1295 0.0033333334
10767 0.0033333334
17935 0.0033333334
22035 0.016666668
13844 0.006666667
13334 0.0033333334
19736 0.01
4635 0.0033333334
15900 0.0033333334
6687 0.006666667
2081 0.0033333334
22050 0.0033333334
11298 0.01
9250 0.013333334
16676 0.0033333334
4903 0.01
10538 0.0033333334
298 0.0033333334
18987 0.0033333334
15662 0.0033333334
10546 0.006666667
21813 0.0033333334
6710 0.0033333334
311 0.0033333334
14903 0.006666667
14650 0.006666667
14398 0.0033333334
18239 0.006666667
11327 0.016666668
13890 0.0033333334
10821 0.0033333334
12614 0.0033333334
18246 0.0033333334
18758 0.0033333334
12871 0.006666667
8263 0.01
7752 0.0033333334
18251 0.0033333334
16717 0.006666667
9810 0.0033333334
595 0.0033333334
9813 0.01
18263 0.0033333334
16471 0.0033333334
13146 0.006666667
13659 0.0033333334
14684 0.0033333334
9053 0.01
97 0.0033333334
21345 0.0033333334
16481 0.01
2915 0.0033333334
10598 0.0033333334
15975 0.0033333334
5735 0.0033333334
13929 0.006666667
18541 0.0033333334
12398 0.0033333334
21872 0.0033333334
22130 0.0033333334
21621 0.0033333334
12149 0.0033333334
19062 0.01
19581 0.006666667
21632 0.0033333334
5505 0.0033333334
2690 0.0033333334
7812 0.0033333334
17029 0.006666667
11141 0.02
9862 0.0033333334
8070 0.0033333334
5000 0.0033333334
20360 0.0033333334
4490 0.0033333334
13709 0.0033333334
6286 0.0033333334
8592 0.0033333334
6032 0.006666667
18064 0.006666667
17553 0.0033333334
10897 0.02
20883 0.006666667
4758 0.083333336
8343 0.0033333334
22169 0.0033333334
15257 0.0033333334
4510 0.0033333334
3745 0.006666667
8097 0.006666667
3491 0.0033333334
6564 0.0033333334
7847 0.0033333334
20648 0.0033333334
15528 0.0033333334
2476 0.0033333334
8111 0.0033333334
14514 0.0033333334
14515 0.0033333334
18613 0.0033333334
20405 0.016666668
19126 0.0033333334
19127 0.0033333334
16058 0.0033333334
6588 0.0033333334
4286 0.0033333334
19137 0.0033333334
5825 0.02
14274 0.0033333334
3522 0.006666667
9666 0.013333334
10691 0.0033333334
9157 0.0033333334
16582 0.0033333334
2758 0.0033333334
14022 0.0033333334
7110 0.0033333334
13260 0.0033333334
716 0.0033333334
5581 0.0033333334
462 0.0033333334
11215 0.0033333334
13521 0.0033333334
18385 0.0033333334
14803 0.01
10451 0.01
20696 0.0033333334
3288 0.006666667
7642 0.0033333334
18910 0.0033333334
735 0.0033333334
4319 0.0033333334
18401 0.0033333334
12771 0.006666667
6116 0.0033333334
5349 0.0033333334
8422 0.01
14060 0.0033333334
19438 0.0033333334
1006 0.013333334
18159 0.0033333334
21487 0.026666667
12016 0.0033333334
12020 0.0033333334
2550 0.006666667
11512 0.046666667
17146 0.0033333334
8955 0.0033333334
12283 0.0033333334
10237 0.0033333334
6141 0.0033333334
6143 0.016666668
