1793 0.005235602
19461 0.005235602
18693 0.005235602
5893 0.005235602
16390 0.005235602
16646 0.005235602
17415 0.005235602
3339 0.005235602
20750 0.005235602
10767 0.005235602
14352 0.005235602
8208 0.010471204
22035 0.015706806
10005 0.005235602
22294 0.005235602
13334 0.005235602
4635 0.015706806
15645 0.005235602
16669 0.005235602
12832 0.005235602
11298 0.005235602
9250 0.010471204
20516 0.015706806
8237 0.036649216
311 0.005235602
14650 0.005235602
14398 0.005235602
11327 0.005235602
18239 0.015706806
10821 0.005235602
12871 0.005235602
8263 0.005235602
6215 0.005235602
4169 0.005235602
14153 0.005235602
18251 0.015706806
16717 0.005235602
14158 0.005235602
10321 0.005235602
3922 0.010471204
10837 0.005235602
8021 0.005235602
20309 0.005235602
18263 0.005235602
19548 0.010471204
16736 0.010471204
16481 0.005235602
7265 0.005235602
7010 0.005235602
19557 0.005235602
15209 0.010471204
10094 0.005235602
8561 0.010471204
11635 0.010471204
15484 0.005235602
19581 0.005235602
15742 0.005235602
3199 0.005235602
21632 0.005235602
8070 0.005235602
9862 0.015706806
16520 0.005235602
8843 0.005235602
18064 0.005235602
8592 0.005235602
14992 0.005235602
10897 0.010471204
3730 0.005235602
19603 0.005235602
8342 0.020942409
8343 0.005235602
15257 0.005235602
21403 0.005235602
11932 0.010471204
16032 0.005235602
3745 0.015706806
930 0.005235602
21667 0.005235602
15011 0.020942409
9892 0.005235602
15528 0.005235602
8107 0.005235602
9387 0.015706806
19886 0.015706806
7090 0.010471204
20405 0.03141361
20150 0.005235602
4025 0.005235602
3262 0.06282722
13251 0.005235602
10691 0.015706806
16582 0.010471204
15052 0.005235602
716 0.005235602
13260 0.005235602
11215 0.005235602
4303 0.005235602
13521 0.005235602
10451 0.010471204
17366 0.010471204
7127 0.005235602
3288 0.005235602
20696 0.005235602
12765 0.010471204
4319 0.005235602
18913 0.005235602
8163 0.005235602
6116 0.010471204
6886 0.005235602
8422 0.005235602
15342 0.005235602
18414 0.005235602
1006 0.015706806
11504 0.005235602
241 0.005235602
7416 0.005235602
11512 0.02617801
22009 0.005235602
8444 0.005235602
19711 0.005235602
17919 0.005235602
