12032 0.0038910506
8194 0.007782101
16390 0.0116731515
10246 0.015564202
20231 0.0038910506
10759 0.007782101
14860 0.0038910506
10767 0.0038910506
17935 0.007782101
275 0.0038910506
19736 0.007782101
18972 0.0038910506
14365 0.0038910506
9502 0.015564202
9250 0.0116731515
6181 0.0038910506
12325 0.015564202
4903 0.0116731515
18217 0.0038910506
13097 0.007782101
10025 0.007782101
301 0.0038910506
22064 0.007782101
20020 0.0038910506
21813 0.015564202
14650 0.0038910506
3130 0.027237354
11837 0.0116731515
14398 0.0038910506
18239 0.023346303
7747 0.0038910506
10821 0.0116731515
12871 0.0038910506
5192 0.0038910506
18251 0.0116731515
3149 0.0038910506
16717 0.007782101
11598 0.007782101
6222 0.0038910506
9810 0.0038910506
16981 0.0038910506
15196 0.0038910506
9310 0.0038910506
22111 0.0038910506
13919 0.0038910506
16736 0.015564202
16481 0.0038910506
20065 0.0038910506
610 0.0038910506
20579 0.0038910506
10083 0.007782101
2662 0.0038910506
3430 0.0038910506
15209 0.0038910506
13929 0.0038910506
14442 0.0038910506
11883 0.0038910506
18795 0.0038910506
12396 0.0038910506
11635 0.0038910506
21621 0.0116731515
15484 0.0038910506
19581 0.0038910506
3455 0.0038910506
21632 0.0038910506
16520 0.0038910506
1930 0.0038910506
7567 0.046692606
14992 0.0038910506
6032 0.007782101
10897 0.015564202
13714 0.0038910506
15509 0.0038910506
21141 0.0038910506
1686 0.0038910506
8342 0.0038910506
17819 0.0038910506
7323 0.007782101
3745 0.0038910506
11682 0.0038910506
3491 0.015564202
12710 0.007782101
8616 0.007782101
5290 0.007782101
2731 0.0038910506
13485 0.0038910506
19886 0.0038910506
19887 0.0038910506
21679 0.0038910506
10417 0.0116731515
8371 0.007782101
10677 0.0038910506
20405 0.035019454
17337 0.0038910506
16058 0.0038910506
6588 0.0038910506
16577 0.007782101
10691 0.0038910506
14019 0.0038910506
14788 0.0038910506
9157 0.0038910506
16582 0.0038910506
16841 0.0038910506
716 0.0038910506
2765 0.0038910506
19917 0.007782101
2511 0.0038910506
20176 0.0038910506
13521 0.0038910506
18898 0.0116731515
10451 0.031128405
20437 0.007782101
16599 0.0038910506
3288 0.007782101
20696 0.0116731515
2265 0.0038910506
7897 0.0038910506
9951 0.0038910506
4319 0.007782101
5859 0.007782101
6116 0.0116731515
5349 0.007782101
14060 0.007782101
6636 0.0038910506
1006 0.0038910506
19183 0.0038910506
496 0.019455252
19188 0.0038910506
18932 0.0038910506
14838 0.007782101
11512 0.035019454
22010 0.0038910506
253 0.0038910506
6654 0.0116731515
19199 0.0038910506
6143 0.0116731515
