19712 0.011235955
5893 0.033707865
16390 0.011235955
7179 0.0037453184
5900 0.011235955
20750 0.0037453184
1812 0.0037453184
13844 0.0037453184
22294 0.007490637
4635 0.014981274
15900 0.007490637
2078 0.0037453184
18208 0.0037453184
9250 0.007490637
12325 0.0037453184
17446 0.0037453184
38 0.0037453184
10284 0.011235955
20269 0.0037453184
1072 0.0037453184
3634 0.0037453184
10546 0.011235955
8243 0.0037453184
7220 0.0037453184
14650 0.0037453184
14652 0.0037453184
8508 0.0037453184
14398 0.0037453184
11327 0.011235955
18239 0.011235955
11073 0.0037453184
18758 0.0037453184
4934 0.0037453184
12871 0.007490637
6215 0.011235955
9544 0.0037453184
18251 0.02247191
20813 0.011235955
11598 0.0037453184
9810 0.0037453184
3922 0.0037453184
6995 0.0037453184
21076 0.007490637
16724 0.007490637
18263 0.029962547
20824 0.0037453184
15961 0.0037453184
19034 0.0037453184
14173 0.007490637
6239 0.0037453184
1376 0.0037453184
16481 0.0037453184
21345 0.0037453184
2662 0.0037453184
5735 0.0037453184
15208 0.0037453184
20841 0.0037453184
4714 0.0037453184
10350 0.0037453184
21872 0.0037453184
14705 0.011235955
13426 0.007490637
5235 0.0037453184
11635 0.0037453184
884 0.0037453184
21621 0.0037453184
12664 0.0037453184
3449 0.0037453184
6525 0.0037453184
19581 0.011235955
5502 0.0037453184
21887 0.0037453184
21632 0.0037453184
2176 0.0037453184
16003 0.011235955
9862 0.0037453184
16520 0.0037453184
20104 0.011235955
19594 0.0037453184
13709 0.0037453184
17294 0.0037453184
20367 0.0037453184
9361 0.0037453184
10897 0.007490637
19603 0.007490637
1427 0.011235955
150 0.0037453184
8343 0.011235955
10649 0.007490637
10651 0.0037453184
13212 0.0037453184
11932 0.007490637
3745 0.007490637
15011 0.0037453184
18340 0.0037453184
14757 0.0037453184
15528 0.0037453184
18606 0.0037453184
7087 0.02247191
9393 0.0037453184
13235 0.0037453184
6325 0.007490637
20405 0.037453182
11447 0.007490637
5825 0.007490637
3522 0.0037453184
10691 0.0037453184
3268 0.007490637
9157 0.0037453184
14533 0.0037453184
2758 0.0037453184
16582 0.011235955
13255 0.0037453184
2509 0.0037453184
11215 0.0037453184
1488 0.0037453184
13521 0.0037453184
10451 0.026217228
7124 0.007490637
20438 0.0037453184
20696 0.0037453184
3288 0.007490637
7897 0.0037453184
17882 0.007490637
14300 0.0037453184
12765 0.0037453184
20959 0.0037453184
4319 0.02247191
5859 0.0037453184
8163 0.0037453184
6116 0.0037453184
5861 0.0037453184
5093 0.0037453184
6886 0.0037453184
16871 0.0037453184
8937 0.0037453184
7914 0.011235955
1006 0.007490637
1011 0.0037453184
20723 0.0037453184
13044 0.0037453184
1524 0.018726591
11512 0.041198503
20217 0.0037453184
3323 0.007490637
10492 0.0037453184
6654 0.0037453184
6143 0.007490637
