3842 0.0027247956
8194 0.005449591
8709 0.0027247956
5893 0.013623978
9478 0.0027247956
10246 0.010899182
17415 0.0027247956
9480 0.005449591
5387 0.0027247956
21262 0.0027247956
5903 0.0027247956
10767 0.010899182
8468 0.0027247956
2836 0.0027247956
13844 0.005449591
19736 0.01907357
4635 0.013623978
18204 0.0027247956
9250 0.008174387
21797 0.0027247956
21541 0.010899182
38 0.0027247956
7208 0.0027247956
6952 0.027247956
1324 0.0027247956
1837 0.0027247956
13613 0.008174387
18991 0.0027247956
1327 0.005449591
20020 0.0027247956
16180 0.0027247956
14903 0.005449591
7479 0.005449591
14650 0.0027247956
14398 0.0027247956
11327 0.005449591
18239 0.010899182
8001 0.0027247956
10821 0.0027247956
4934 0.008174387
12871 0.0027247956
8263 0.005449591
20554 0.0027247956
18251 0.013623978
6477 0.029972753
14158 0.0027247956
337 0.005449591
8021 0.005449591
20823 0.0027247956
15959 0.008174387
18263 0.010899182
12890 0.0027247956
20571 0.0027247956
13659 0.0027247956
8797 0.0027247956
6239 0.0027247956
13919 0.008174387
16736 0.005449591
16481 0.0027247956
7265 0.0626703
20579 0.0027247956
17252 0.01907357
4710 0.0027247956
2662 0.0027247956
3430 0.005449591
17513 0.005449591
14443 0.0027247956
7019 0.0027247956
109 0.0027247956
6509 0.005449591
10094 0.005449591
884 0.005449591
21621 0.005449591
19062 0.005449591
9591 0.0027247956
19581 0.021798365
1150 0.0027247956
21632 0.0027247956
13186 0.005449591
16003 0.046321526
8836 0.0027247956
9862 0.008174387
13448 0.005449591
3210 0.0027247956
17294 0.0027247956
3982 0.0027247956
1166 0.0027247956
7054 0.0027247956
18064 0.005449591
9361 0.0027247956
10897 0.013623978
16531 0.0027247956
20883 0.0027247956
2197 0.0027247956
11925 0.0027247956
8343 0.013623978
18077 0.0027247956
3745 0.005449591
19620 0.005449591
2473 0.0027247956
7082 0.0027247956
19886 0.005449591
14514 0.0027247956
9139 0.005449591
20405 0.021798365
2231 0.0027247956
8890 0.008174387
9403 0.0027247956
12221 0.0027247956
4286 0.0027247956
18367 0.0027247956
16064 0.005449591
19137 0.0027247956
10691 0.0027247956
3524 0.0027247956
16582 0.0027247956
11718 0.0027247956
21446 0.0027247956
7110 0.005449591
1224 0.0027247956
10184 0.0027247956
4809 0.0027247956
19917 0.0027247956
718 0.0027247956
14798 0.0027247956
20942 0.0027247956
13521 0.0027247956
18385 0.0027247956
10451 0.05722071
20950 0.0027247956
20696 0.016348774
21465 0.0027247956
14300 0.0027247956
6623 0.005449591
4319 0.010899182
6368 0.0027247956
6881 0.0027247956
3300 0.0027247956
20453 0.008174387
17896 0.0027247956
12012 0.0027247956
1006 0.013623978
12016 0.0027247956
2288 0.0027247956
12018 0.005449591
20723 0.0027247956
2292 0.0027247956
21493 0.0027247956
14070 0.0027247956
14838 0.005449591
11512 0.04359673
3323 0.005449591
5631 0.008174387
