1024 0.004464286
5892 0.004464286
5893 0.013392857
10246 0.004464286
17415 0.004464286
5900 0.02232143
7950 0.004464286
5903 0.008928572
13844 0.008928572
4635 0.013392857
10012 0.004464286
21277 0.004464286
12830 0.008928572
13855 0.004464286
13345 0.004464286
4130 0.004464286
9250 0.013392857
20516 0.004464286
14884 0.004464286
21541 0.004464286
6952 0.017857144
20521 0.004464286
13870 0.004464286
10030 0.008928572
21044 0.004464286
21300 0.004464286
21813 0.008928572
7479 0.004464286
19512 0.008928572
4665 0.004464286
14398 0.004464286
18239 0.02232143
3907 0.004464286
17476 0.004464286
12871 0.004464286
8778 0.004464286
18251 0.026785715
16717 0.013392857
20821 0.004464286
18263 0.008928572
19034 0.004464286
20315 0.004464286
16736 0.013392857
16481 0.004464286
7265 0.013392857
11363 0.004464286
20579 0.004464286
2662 0.004464286
15465 0.004464286
15209 0.013392857
8297 0.02232143
14705 0.004464286
7793 0.004464286
11635 0.004464286
884 0.004464286
11644 0.004464286
4477 0.004464286
19581 0.008928572
21632 0.004464286
2176 0.004464286
9862 0.004464286
3466 0.004464286
11151 0.004464286
18064 0.004464286
10897 0.03125
8343 0.02232143
20891 0.013392857
11932 0.004464286
1952 0.004464286
8097 0.008928572
3745 0.026785715
21679 0.004464286
9393 0.004464286
14515 0.017857144
2740 0.004464286
20405 0.017857144
2231 0.008928572
16058 0.008928572
10691 0.013392857
16582 0.008928572
2758 0.013392857
8135 0.008928572
10184 0.004464286
13521 0.004464286
10451 0.008928572
20696 0.004464286
3288 0.008928572
7642 0.004464286
4319 0.026785715
6623 0.05357143
20450 0.026785715
5349 0.004464286
5861 0.008928572
8422 0.008928572
16871 0.008928572
3306 0.004464286
14314 0.004464286
1006 0.035714287
8175 0.004464286
2288 0.004464286
20723 0.004464286
14838 0.004464286
1527 0.008928572
21752 0.004464286
6904 0.004464286
11512 0.03125
2041 0.004464286
14587 0.004464286
6143 0.008928572
