8194 0.010067114
5892 0.0033557047
5893 0.020134227
10246 0.0067114094
20231 0.0067114094
17415 0.026845638
5900 0.0033557047
10767 0.0033557047
2836 0.0033557047
13844 0.0033557047
7189 0.0033557047
278 0.0033557047
16408 0.0033557047
19736 0.0067114094
9250 0.0067114094
12325 0.0033557047
21541 0.0033557047
4903 0.0033557047
8743 0.0067114094
2345 0.0033557047
13097 0.0033557047
13610 0.0033557047
10027 0.0033557047
18731 0.0067114094
13613 0.0033557047
1837 0.0033557047
21806 0.0033557047
10546 0.0033557047
2356 0.0033557047
20020 0.0033557047
21044 0.0067114094
5428 0.016778523
21813 0.0067114094
20280 0.010067114
1081 0.0033557047
20538 0.0033557047
14650 0.0067114094
11837 0.0033557047
14398 0.0033557047
7486 0.0033557047
11327 0.0033557047
18239 0.0067114094
5698 0.0033557047
10821 0.023489933
18758 0.0033557047
12871 0.0033557047
8263 0.0033557047
14153 0.0033557047
11594 0.0033557047
18251 0.0033557047
10065 0.0033557047
8021 0.0067114094
18263 0.0033557047
2393 0.016778523
5210 0.0033557047
11611 0.0033557047
13659 0.0067114094
19548 0.0033557047
15196 0.010067114
6239 0.0033557047
1376 0.0033557047
16481 0.0033557047
21345 0.0033557047
6243 0.0033557047
2915 0.0033557047
10083 0.020134227
2662 0.0067114094
10344 0.0033557047
13929 0.0067114094
6254 0.0033557047
21872 0.010067114
2674 0.0033557047
21621 0.0033557047
13689 0.0033557047
19581 0.020134227
21632 0.0033557047
3456 0.0033557047
384 0.0033557047
8837 0.0033557047
11141 0.0067114094
8070 0.0067114094
9862 0.0067114094
7567 0.010067114
18064 0.0067114094
10897 0.016778523
9876 0.0033557047
8343 0.0033557047
22169 0.0033557047
3745 0.0033557047
2721 0.0033557047
15011 0.0033557047
7082 0.0033557047
2731 0.0033557047
19886 0.0033557047
9393 0.0033557047
4274 0.0033557047
20402 0.0033557047
8371 0.0067114094
9139 0.010067114
20405 0.016778523
19641 0.0033557047
4286 0.0033557047
16064 0.0067114094
5825 0.0067114094
9666 0.0033557047
3522 0.0067114094
10691 0.0067114094
7877 0.0033557047
16582 0.0033557047
4809 0.0033557047
13260 0.10738255
13521 0.0033557047
10451 0.033557046
20437 0.0067114094
11734 0.0033557047
13784 0.0033557047
3288 0.0067114094
5083 0.0033557047
13532 0.0033557047
6364 0.0033557047
16605 0.0067114094
4319 0.0033557047
18144 0.0033557047
18912 0.020134227
6116 0.0067114094
5349 0.0033557047
9957 0.0033557047
20453 0.0067114094
15078 0.0033557047
8422 0.0067114094
6886 0.016778523
18410 0.033557046
14060 0.0033557047
8940 0.0033557047
18414 0.010067114
1006 0.013422819
12016 0.0033557047
7160 0.0033557047
11512 0.026845638
20217 0.0033557047
2300 0.0033557047
22270 0.0033557047
19199 0.0033557047
