19712 0.0022727272
8194 0.0045454544
5891 0.0022727272
4100 0.0045454544
5893 0.013636364
20231 0.0022727272
10763 0.006818182
7950 0.0022727272
5646 0.006818182
5903 0.0022727272
10767 0.027272727
13844 0.013636364
19736 0.0045454544
8475 0.0022727272
4635 0.009090909
7965 0.0022727272
13343 0.0022727272
2335 0.0022727272
802 0.0022727272
9250 0.0045454544
2596 0.0022727272
19236 0.0022727272
21541 0.0045454544
4903 0.0022727272
20520 0.0022727272
6952 0.006818182
13610 0.0022727272
298 0.006818182
21291 0.0022727272
18731 0.0045454544
10284 0.0022727272
8493 0.0022727272
13613 0.0022727272
18222 0.0022727272
1072 0.0022727272
11825 0.0022727272
16690 0.0022727272
10546 0.0045454544
8243 0.0022727272
21044 0.0022727272
14903 0.009090909
4665 0.0022727272
14650 0.0045454544
3130 0.006818182
13883 0.0022727272
3900 0.0022727272
14398 0.0022727272
8254 0.0022727272
12095 0.0022727272
18239 0.006818182
11327 0.009090909
1858 0.0022727272
10821 0.027272727
12871 0.0022727272
4169 0.0022727272
18251 0.03181818
16717 0.0022727272
5710 0.0022727272
9295 0.006818182
10321 0.0022727272
2897 0.0045454544
337 0.006818182
21589 0.0045454544
16471 0.0022727272
18263 0.009090909
347 0.0045454544
2140 0.0022727272
16736 0.0022727272
1376 0.006818182
16481 0.0022727272
7265 0.018181818
20579 0.0022727272
2915 0.0022727272
17252 0.0022727272
2662 0.0022727272
3430 0.006818182
13160 0.0022727272
15208 0.013636364
13426 0.0022727272
11635 0.0022727272
9843 0.0022727272
884 0.006818182
10101 0.0022727272
21621 0.0022727272
19062 0.0022727272
20349 0.0022727272
12413 0.0022727272
19581 0.006818182
21632 0.0022727272
2690 0.0045454544
16003 0.027272727
8837 0.01590909
9862 0.0022727272
13958 0.0022727272
3719 0.0022727272
652 0.0022727272
4238 0.0022727272
3982 0.0045454544
20367 0.006818182
11151 0.006818182
6032 0.0022727272
13457 0.0022727272
10897 0.038636364
3730 0.0045454544
9362 0.0045454544
1427 0.0022727272
20883 0.006818182
8853 0.009090909
13718 0.0022727272
8343 0.011363637
17819 0.0022727272
10651 0.0022727272
11932 0.006818182
3745 0.0022727272
18081 0.0022727272
21921 0.0022727272
1955 0.0022727272
6308 0.0022727272
4004 0.011363637
11430 0.0022727272
12710 0.006818182
4262 0.011363637
15528 0.0045454544
2731 0.0022727272
18091 0.0045454544
13485 0.0022727272
19886 0.0022727272
20402 0.0022727272
5298 0.0045454544
14514 0.006818182
9139 0.0022727272
17587 0.009090909
17588 0.0045454544
20405 0.013636364
12470 0.0022727272
15543 0.0022727272
6588 0.0022727272
18877 0.0045454544
6336 0.0022727272
5825 0.009090909
10691 0.0022727272
9157 0.0022727272
16582 0.0022727272
1224 0.0045454544
1482 0.0022727272
5580 0.0022727272
2509 0.0022727272
1488 0.0022727272
13521 0.0022727272
10451 0.03409091
7124 0.0022727272
8151 0.0022727272
16599 0.009090909
3288 0.0045454544
21465 0.0022727272
4570 0.0045454544
15323 0.0022727272
6364 0.0045454544
13532 0.006818182
6623 0.006818182
4319 0.03181818
5088 0.0022727272
16097 0.0022727272
20195 0.0022727272
6116 0.0022727272
20453 0.0022727272
5861 0.0045454544
8422 0.0022727272
16871 0.009090909
17896 0.0022727272
7914 0.0022727272
8172 0.0022727272
1006 0.006818182
4335 0.0022727272
20723 0.0022727272
12020 0.0022727272
16375 0.0022727272
7160 0.0022727272
11512 0.052272726
14585 0.0022727272
10492 0.0022727272
19199 0.0022727272
5631 0.0022727272
6143 0.01590909
