9988 0.015151516
8709 0.003787879
16390 0.003787879
10246 0.015151516
3339 0.011363637
10767 0.003787879
20496 0.003787879
275 0.011363637
6164 0.003787879
13334 0.011363637
19736 0.011363637
17690 0.003787879
4635 0.011363637
15902 0.003787879
12321 0.003787879
13857 0.003787879
9250 0.003787879
6435 0.007575758
21541 0.003787879
4647 0.003787879
4903 0.003787879
13613 0.007575758
8237 0.022727273
15662 0.003787879
10546 0.003787879
19250 0.003787879
20020 0.007575758
14650 0.011363637
13883 0.003787879
14398 0.003787879
12095 0.003787879
11327 0.007575758
18239 0.011363637
21312 0.003787879
11073 0.003787879
1858 0.003787879
3907 0.003787879
18758 0.015151516
12871 0.003787879
8263 0.003787879
6215 0.007575758
14153 0.003787879
18251 0.007575758
6988 0.003787879
11602 0.003787879
3922 0.003787879
20821 0.007575758
18263 0.007575758
11872 0.003787879
16736 0.015151516
8545 0.003787879
16481 0.007575758
2915 0.003787879
20579 0.011363637
10083 0.015151516
6757 0.003787879
13670 0.003787879
2662 0.003787879
6509 0.007575758
3950 0.003787879
22128 0.003787879
4466 0.003787879
5235 0.003787879
884 0.007575758
18298 0.003787879
7292 0.003787879
19581 0.018939395
21632 0.003787879
7299 0.007575758
9862 0.007575758
16520 0.003787879
3464 0.003787879
8843 0.003787879
9868 0.003787879
3982 0.007575758
20367 0.003787879
20624 0.003787879
6032 0.007575758
8592 0.011363637
10897 0.011363637
11666 0.003787879
150 0.003787879
17815 0.003787879
8343 0.007575758
9368 0.003787879
13210 0.003787879
11932 0.003787879
16032 0.011363637
3745 0.003787879
8097 0.015151516
17573 0.003787879
15528 0.003787879
7082 0.003787879
2731 0.007575758
7090 0.003787879
8371 0.011363637
4789 0.003787879
20405 0.011363637
4025 0.003787879
12987 0.003787879
19899 0.003787879
21696 0.007575758
14273 0.007575758
17858 0.003787879
10691 0.003787879
17091 0.003787879
9157 0.011363637
16582 0.003787879
2758 0.015151516
1224 0.003787879
716 0.007575758
15821 0.003787879
14798 0.003787879
718 0.003787879
20942 0.003787879
462 0.011363637
13521 0.003787879
10451 0.045454547
18134 0.003787879
20696 0.011363637
7897 0.003787879
21465 0.003787879
731 0.003787879
13532 0.007575758
9951 0.003787879
4319 0.003787879
12771 0.003787879
3300 0.003787879
20453 0.003787879
8422 0.003787879
16871 0.003787879
7914 0.003787879
1006 0.018939395
12016 0.003787879
2292 0.007575758
11512 0.06818182
20217 0.007575758
22010 0.003787879
8442 0.003787879
22270 0.003787879
5631 0.003787879
6143 0.022727273
