5380 0.001814882
9988 0.001814882
5892 0.005444646
5893 0.016333938
10246 0.001814882
20231 0.01814882
9480 0.001814882
4617 0.001814882
10763 0.005444646
5900 0.001814882
17676 0.010889292
15374 0.001814882
21262 0.001814882
10767 0.003629764
13844 0.001814882
2836 0.001814882
22294 0.001814882
5143 0.001814882
280 0.001814882
19736 0.012704174
16409 0.001814882
21787 0.001814882
4635 0.005444646
15900 0.001814882
18208 0.005444646
12321 0.001814882
11298 0.001814882
9250 0.001814882
38 0.001814882
8743 0.001814882
4649 0.001814882
10027 0.003629764
18731 0.005444646
15662 0.001814882
7474 0.005444646
17715 0.001814882
18996 0.001814882
5428 0.010889292
3893 0.001814882
21813 0.005444646
1081 0.001814882
3130 0.001814882
14650 0.001814882
4923 0.005444646
2620 0.001814882
14398 0.001814882
7486 0.001814882
12095 0.001814882
11327 0.005444646
18239 0.007259528
11073 0.003629764
1858 0.001814882
19269 0.001814882
18501 0.001814882
10821 0.04537205
12871 0.001814882
2119 0.003629764
8263 0.003629764
4169 0.001814882
8009 0.003629764
17738 0.001814882
18251 0.016333938
20813 0.001814882
5453 0.001814882
11598 0.001814882
84 0.001814882
18263 0.01814882
19548 0.003629764
15196 0.058076225
16481 0.001814882
11617 0.001814882
21345 0.003629764
15971 0.001814882
2915 0.001814882
20579 0.003629764
11363 0.003629764
10083 0.01814882
3685 0.001814882
2662 0.001814882
3430 0.005444646
15209 0.001814882
10605 0.003629764
8046 0.001814882
111 0.007259528
11635 0.001814882
884 0.005444646
21621 0.010889292
19062 0.019963702
19581 0.012704174
21632 0.001814882
9856 0.001814882
20608 0.001814882
8837 0.001814882
11141 0.001814882
9862 0.003629764
8070 0.007259528
8585 0.001814882
3210 0.003629764
17549 0.001814882
11406 0.001814882
17294 0.001814882
910 0.001814882
6032 0.00907441
17553 0.003629764
10897 0.019963702
20883 0.001814882
12180 0.001814882
8852 0.001814882
7830 0.001814882
20886 0.001814882
5782 0.001814882
150 0.003629764
8343 0.003629764
12952 0.001814882
3225 0.001814882
22170 0.001814882
21151 0.001814882
13983 0.001814882
3745 0.001814882
3489 0.001814882
21667 0.003629764
12710 0.001814882
17318 0.001814882
7082 0.00907441
6828 0.001814882
19886 0.00907441
9393 0.001814882
9139 0.003629764
8371 0.007259528
14772 0.001814882
20405 0.021778584
19126 0.001814882
12470 0.001814882
3768 0.010889292
11193 0.001814882
6336 0.001814882
16064 0.005444646
5825 0.00907441
22210 0.001814882
4290 0.003629764
10691 0.001814882
3268 0.005444646
16582 0.001814882
18378 0.007259528
716 0.00907441
13260 0.112522684
19917 0.001814882
1488 0.003629764
13521 0.001814882
13010 0.001814882
10451 0.012704174
6612 0.001814882
20438 0.005444646
16599 0.001814882
20696 0.003629764
3288 0.010889292
15834 0.001814882
5083 0.001814882
731 0.001814882
13532 0.007259528
16605 0.003629764
10463 0.001814882
9951 0.003629764
4319 0.010889292
9441 0.001814882
18146 0.001814882
20453 0.001814882
15078 0.001814882
8422 0.003629764
1513 0.001814882
7914 0.00907441
18410 0.016333938
1006 0.00907441
21487 0.001814882
8175 0.001814882
241 0.003629764
19188 0.005444646
14838 0.001814882
21752 0.001814882
11512 0.025408348
16892 0.001814882
6654 0.001814882
4351 0.001814882
19199 0.003629764
6143 0.010889292
