9988 0.008
8709 0.004
5893 0.06
16390 0.004
10767 0.008
18452 0.004
5396 0.02
22294 0.032
19736 0.008
4635 0.012
12321 0.004
9250 0.008
11298 0.008
38 0.008
15912 0.004
13097 0.012
2602 0.004
13610 0.008
298 0.012
1324 0.004
13613 0.004
1837 0.004
14129 0.004
19250 0.008
14650 0.012
1851 0.004
14398 0.004
15422 0.004
11327 0.004
21312 0.008
10821 0.02
4934 0.004
12871 0.004
6215 0.004
8263 0.008
15946 0.004
18251 0.004
9813 0.004
18263 0.008
4440 0.004
19548 0.008
16481 0.004
21345 0.004
15971 0.004
2915 0.004
20579 0.008
17252 0.004
2662 0.004
5990 0.004
6509 0.004
10094 0.004
5231 0.004
21872 0.02
21106 0.008
11635 0.012
884 0.004
19062 0.004
19581 0.004
4477 0.004
3710 0.004
21632 0.004
2176 0.004
13186 0.004
10115 0.008
5253 0.004
9862 0.004
19335 0.004
4743 0.004
10888 0.004
12937 0.004
17294 0.004
6286 0.004
8592 0.004
5776 0.004
17553 0.004
10897 0.012
15510 0.004
8343 0.02
10651 0.004
4253 0.004
3745 0.008
7847 0.004
15528 0.004
9901 0.032
1966 0.004
14514 0.004
8371 0.004
11701 0.004
20405 0.02
4286 0.004
18623 0.008
5825 0.008
8898 0.004
10691 0.004
3524 0.004
3268 0.008
16582 0.004
1224 0.004
1482 0.008
19917 0.004
12495 0.004
1488 0.004
13521 0.004
10451 0.032
11220 0.004
11734 0.012
3288 0.008
20696 0.04
217 0.004
21465 0.048
16605 0.004
4319 0.004
8163 0.004
6116 0.004
5349 0.004
20453 0.004
8422 0.008
19688 0.004
18410 0.004
3306 0.004
7914 0.012
20203 0.004
20723 0.004
12020 0.004
1524 0.012
4342 0.004
11512 0.016
2041 0.004
14330 0.004
3323 0.008
19199 0.004
