8194 0.0029761905
15875 0.0029761905
10244 0.011904762
5893 0.005952381
16390 0.005952381
17415 0.005952381
20231 0.014880952
1035 0.0029761905
15629 0.0029761905
10767 0.005952381
22035 0.0029761905
13844 0.0029761905
19736 0.014880952
13594 0.005952381
4635 0.008928572
5149 0.029761905
1566 0.0029761905
13090 0.0029761905
9250 0.005952381
12325 0.0029761905
12841 0.0029761905
298 0.008928572
13613 0.008928572
10546 0.0029761905
4658 0.0029761905
20020 0.0029761905
14903 0.0029761905
4408 0.0029761905
20538 0.0029761905
4923 0.0029761905
12606 0.0029761905
11327 0.005952381
18239 0.008928572
11073 0.0029761905
326 0.0029761905
12871 0.0029761905
8263 0.014880952
3144 0.0029761905
2632 0.0029761905
4169 0.0029761905
18251 0.0029761905
16717 0.005952381
7252 0.0029761905
21588 0.0029761905
20309 0.0029761905
8021 0.005952381
20823 0.0029761905
18263 0.0029761905
347 0.0029761905
3419 0.0029761905
13659 0.005952381
21340 0.0029761905
10589 0.0029761905
14173 0.005952381
4446 0.0029761905
18270 0.0029761905
7007 0.0029761905
12640 0.0029761905
16736 0.0029761905
16481 0.0029761905
20579 0.0029761905
15209 0.0029761905
13929 0.0029761905
874 0.0029761905
2413 0.0029761905
7790 0.0029761905
11635 0.011904762
884 0.005952381
19062 0.0029761905
18298 0.0029761905
8573 0.0029761905
19581 0.032738097
21632 0.0029761905
6785 0.0029761905
16002 0.0029761905
2690 0.0029761905
16003 0.008928572
11396 0.0029761905
11141 0.0029761905
8070 0.0029761905
17294 0.0029761905
19086 0.0029761905
143 0.0029761905
20367 0.0029761905
6032 0.0029761905
8592 0.017857144
17553 0.0029761905
10897 0.011904762
13714 0.005952381
150 0.0029761905
8342 0.0029761905
7830 0.0029761905
8343 0.005952381
13210 0.0029761905
21660 0.0029761905
3484 0.0029761905
4253 0.0029761905
20127 0.008928572
928 0.0029761905
3745 0.0029761905
11425 0.0029761905
3491 0.005952381
17318 0.0029761905
12710 0.023809524
11432 0.0029761905
20648 0.005952381
1706 0.0029761905
2731 0.005952381
13485 0.0029761905
19886 0.005952381
9393 0.0029761905
10417 0.0029761905
6579 0.0029761905
20405 0.014880952
20150 0.0029761905
15286 0.0029761905
9398 0.0029761905
21432 0.011904762
4025 0.0029761905
21178 0.0029761905
6588 0.008928572
3520 0.0029761905
19137 0.0029761905
5825 0.005952381
3268 0.0029761905
16582 0.0029761905
7110 0.0029761905
2758 0.005952381
13255 0.005952381
1224 0.0029761905
3530 0.0029761905
17867 0.0029761905
17355 0.008928572
13260 0.005952381
19917 0.005952381
13521 0.0029761905
3539 0.0029761905
10451 0.029761905
20437 0.0029761905
11990 0.0029761905
20696 0.008928572
3288 0.008928572
1241 0.0029761905
21465 0.005952381
2265 0.035714287
14300 0.0029761905
13532 0.005952381
12765 0.0029761905
479 0.0029761905
6623 0.0029761905
4319 0.0029761905
8163 0.005952381
5859 0.008928572
6116 0.0029761905
20453 0.011904762
8422 0.005952381
6886 0.017857144
16871 0.0029761905
14060 0.008928572
1006 0.0029761905
12271 0.0029761905
19183 0.0029761905
11504 0.005952381
241 0.0029761905
3058 0.008928572
3829 0.0029761905
9974 0.0029761905
11512 0.05357143
20217 0.0029761905
2041 0.005952381
6143 0.020833334
