15875 0.004
1027 0.004
5893 0.02
4614 0.004
16390 0.008
10246 0.02
20231 0.008
1295 0.012
10767 0.024
20752 0.004
17172 0.004
22294 0.004
19736 0.012
4122 0.004
4635 0.004
10012 0.004
16669 0.004
14365 0.004
12321 0.004
9250 0.004
22050 0.004
38 0.004
4903 0.004
6952 0.004
13097 0.004
12841 0.008
13613 0.008
18222 0.004
22064 0.008
10546 0.004
8243 0.004
21044 0.004
21559 0.004
14650 0.008
1851 0.004
11327 0.004
18239 0.008
1858 0.004
10821 0.004
13637 0.004
18758 0.004
12871 0.004
8263 0.016
18251 0.016
11598 0.004
18003 0.004
21589 0.004
18263 0.008
19034 0.004
10331 0.004
7007 0.016
16481 0.004
13665 0.004
20579 0.004
5990 0.004
15208 0.004
15209 0.004
10095 0.004
8560 0.008
7793 0.004
19059 0.004
5237 0.008
16503 0.004
14456 0.004
15484 0.004
8573 0.004
20349 0.008
19581 0.02
21632 0.004
3456 0.004
11905 0.008
16002 0.004
388 0.008
11141 0.004
5002 0.004
14991 0.004
10896 0.004
18064 0.008
10897 0.032
13714 0.028
20627 0.004
8851 0.004
16533 0.004
8343 0.016
21661 0.028
9374 0.004
18848 0.004
3745 0.004
12710 0.02
12711 0.004
20392 0.004
2731 0.008
13485 0.004
19886 0.012
21679 0.008
18097 0.004
14514 0.004
2226 0.004
8371 0.012
3252 0.004
20405 0.02
6336 0.004
19137 0.004
21698 0.004
10691 0.008
14788 0.004
10949 0.004
16582 0.004
12745 0.004
3530 0.004
17867 0.004
12495 0.008
14544 0.004
20176 0.004
13521 0.004
10451 0.016
20437 0.004
9941 0.004
17109 0.008
11734 0.004
4567 0.004
20696 0.012
20185 0.004
5083 0.004
22235 0.004
14300 0.004
12511 0.004
4319 0.004
20453 0.004
1254 0.016
6888 0.004
14060 0.008
18159 0.004
19695 0.008
10482 0.004
9715 0.004
3576 0.004
7160 0.004
11512 0.064
2041 0.004
6654 0.004
5631 0.004
