8194 0.011952192
15875 0.003984064
6660 0.003984064
8709 0.003984064
5893 0.007968128
16390 0.003984064
10246 0.011952192
519 0.007968128
10763 0.003984064
16396 0.007968128
5900 0.023904383
10767 0.003984064
17935 0.007968128
10512 0.003984064
22035 0.003984064
13844 0.007968128
19736 0.007968128
4635 0.003984064
5661 0.007968128
8735 0.003984064
9250 0.015936255
7208 0.003984064
10546 0.003984064
14650 0.007968128
22076 0.003984064
17215 0.003984064
11327 0.003984064
18239 0.007968128
1858 0.003984064
17476 0.003984064
13637 0.003984064
10821 0.015936255
18758 0.003984064
4934 0.003984064
12871 0.007968128
6215 0.011952192
8263 0.015936255
18251 0.015936255
2892 0.007968128
5197 0.003984064
10831 0.003984064
18263 0.007968128
13659 0.003984064
6491 0.007968128
9310 0.003984064
6239 0.003984064
16481 0.003984064
10083 0.003984064
867 0.003984064
2915 0.003984064
3430 0.003984064
874 0.007968128
109 0.003984064
6509 0.003984064
21872 0.003984064
2674 0.003984064
13426 0.003984064
11635 0.003984064
884 0.003984064
5237 0.003984064
21621 0.007968128
12918 0.003984064
19581 0.01992032
21632 0.003984064
11649 0.003984064
2690 0.007968128
9862 0.007968128
18312 0.007968128
19594 0.003984064
3466 0.003984064
6286 0.011952192
17553 0.003984064
10897 0.007968128
9362 0.003984064
11924 0.003984064
150 0.003984064
7830 0.023904383
8343 0.015936255
9880 0.003984064
21401 0.003984064
8090 0.007968128
11932 0.011952192
416 0.003984064
3745 0.003984064
15011 0.003984064
17062 0.003984064
11944 0.003984064
20648 0.007968128
11433 0.003984064
13485 0.003984064
19886 0.007968128
8371 0.01992032
6836 0.003984064
1716 0.003984064
12980 0.007968128
6325 0.003984064
4277 0.003984064
9397 0.003984064
20405 0.023904383
20150 0.007968128
12734 0.003984064
16064 0.003984064
192 0.003984064
10691 0.011952192
16582 0.003984064
18118 0.003984064
2758 0.003984064
13255 0.003984064
1224 0.003984064
1482 0.011952192
716 0.003984064
12495 0.003984064
13521 0.003984064
10451 0.01992032
20438 0.003984064
3288 0.007968128
20696 0.03984064
21465 0.003984064
7642 0.003984064
731 0.003984064
4319 0.007968128
5861 0.003984064
20453 0.003984064
2791 0.003984064
6888 0.003984064
5096 0.003984064
20712 0.007968128
7914 0.003984064
20203 0.003984064
4076 0.003984064
16621 0.003984064
1261 0.007968128
1006 0.003984064
12016 0.007968128
241 0.011952192
20723 0.003984064
2292 0.003984064
13301 0.003984064
14838 0.007968128
16375 0.007968128
11512 0.047808766
2041 0.003984064
