15875 0.0031152647
6660 0.0031152647
5893 0.012461059
10246 0.021806853
17415 0.0062305294
20231 0.0062305294
10763 0.0031152647
10508 0.0031152647
16396 0.0031152647
15374 0.0031152647
5903 0.0062305294
10767 0.034267914
8208 0.0031152647
15120 0.0062305294
21780 0.0031152647
20501 0.0031152647
19736 0.012461059
21786 0.0031152647
14365 0.0031152647
6687 0.0031152647
6688 0.0031152647
9250 0.0031152647
21541 0.012461059
14374 0.0031152647
6952 0.0031152647
2601 0.0031152647
4652 0.0031152647
20269 0.0031152647
2605 0.07165109
13616 0.0031152647
10546 0.0031152647
3123 0.0031152647
4665 0.0031152647
14650 0.015576324
22077 0.0031152647
18239 0.012461059
11327 0.012461059
20544 0.0031152647
12871 0.0031152647
8263 0.018691588
19785 0.0031152647
18251 0.028037382
20813 0.0031152647
16717 0.0031152647
21841 0.0031152647
18263 0.0062305294
19548 0.0031152647
6239 0.0031152647
16481 0.0031152647
21345 0.0031152647
10083 0.0031152647
20579 0.0062305294
3430 0.009345794
13929 0.0062305294
8560 0.0031152647
13426 0.0031152647
11635 0.012461059
884 0.0031152647
15220 0.0062305294
19062 0.0062305294
19579 0.015576324
12413 0.0031152647
19581 0.009345794
21632 0.0031152647
11396 0.0031152647
6021 0.0031152647
11141 0.0062305294
8070 0.0031152647
3982 0.0031152647
11151 0.0031152647
21136 0.0031152647
18064 0.0062305294
10897 0.015576324
17298 0.0031152647
3730 0.0031152647
20883 0.0031152647
8343 0.009345794
11932 0.0031152647
4509 0.0031152647
3745 0.0031152647
19112 0.0031152647
12205 0.0031152647
4274 0.0031152647
8371 0.0031152647
15028 0.0031152647
20405 0.031152649
6588 0.0031152647
18623 0.0062305294
6336 0.0062305294
16064 0.0062305294
10691 0.0031152647
3268 0.0031152647
16582 0.0031152647
2758 0.0031152647
2765 0.14018692
462 0.0031152647
14798 0.0031152647
1488 0.0031152647
13521 0.0031152647
18385 0.0031152647
13778 0.0031152647
10451 0.021806853
20437 0.0031152647
11734 0.0031152647
6359 0.0031152647
20696 0.0062305294
3288 0.009345794
11482 0.0031152647
17114 0.0031152647
5083 0.0062305294
3293 0.0031152647
13021 0.0031152647
6111 0.0031152647
4319 0.018691588
6368 0.0031152647
6116 0.0031152647
3300 0.0031152647
5349 0.0031152647
6886 0.0031152647
8422 0.0031152647
16871 0.0031152647
7914 0.0031152647
15342 0.0031152647
18414 0.0031152647
1006 0.0062305294
21487 0.0031152647
19695 0.0031152647
241 0.009345794
20723 0.0031152647
4086 0.0031152647
1527 0.0031152647
16375 0.0062305294
11512 0.040498443
2041 0.0031152647
6143 0.0062305294
