15875 0.0030674846
5893 0.027607363
16390 0.0030674846
6409 0.006134969
16396 0.0030674846
2061 0.009202454
5646 0.0030674846
527 0.0030674846
5903 0.0030674846
21265 0.0030674846
2836 0.006134969
13844 0.009202454
21781 0.0030674846
19736 0.018404908
4635 0.012269938
13343 0.012269938
21282 0.0030674846
21541 0.006134969
38 0.0030674846
6952 0.0030674846
2089 0.012269938
13610 0.0030674846
4652 0.0030674846
10284 0.009202454
8243 0.0030674846
22067 0.0030674846
11827 0.0030674846
20020 0.0030674846
12599 0.0030674846
9017 0.0030674846
13883 0.0030674846
13118 0.0030674846
11327 0.0030674846
18239 0.006134969
10821 0.0030674846
21317 0.0030674846
4934 0.006134969
12871 0.0030674846
4169 0.0030674846
20554 0.0030674846
18251 0.030674847
10065 0.006134969
337 0.012269938
6482 0.0030674846
8021 0.0030674846
18263 0.009202454
9310 0.0030674846
8288 0.0030674846
16481 0.0030674846
7265 0.021472393
5730 0.0030674846
10083 0.0030674846
2915 0.0030674846
20579 0.006134969
3430 0.006134969
3944 0.0030674846
17513 0.0030674846
4714 0.0030674846
9836 0.0030674846
15469 0.0030674846
6509 0.0030674846
109 0.0030674846
10350 0.0030674846
10094 0.0030674846
10095 0.0030674846
884 0.006134969
19581 0.024539877
21632 0.0030674846
2690 0.006134969
16003 0.082822084
9862 0.015337423
16520 0.0030674846
137 0.0030674846
12937 0.0030674846
22154 0.0030674846
910 0.0030674846
17294 0.006134969
20624 0.0030674846
17553 0.0030674846
9361 0.0030674846
10897 0.024539877
8083 0.0030674846
11925 0.0030674846
8853 0.009202454
20886 0.0030674846
150 0.006134969
7830 0.018404908
8343 0.006134969
5019 0.0030674846
8604 0.0030674846
11932 0.0030674846
3745 0.006134969
15528 0.0030674846
9387 0.0030674846
19886 0.009202454
9393 0.0030674846
14514 0.012269938
14515 0.0030674846
20405 0.042944785
6588 0.0030674846
16572 0.0030674846
16064 0.0030674846
192 0.0030674846
10691 0.012269938
9926 0.0030674846
16582 0.006134969
1224 0.0030674846
1482 0.015337423
718 0.009202454
1488 0.0030674846
13521 0.0030674846
10451 0.021472393
3288 0.006134969
20696 0.024539877
21465 0.0030674846
5850 0.0030674846
731 0.0030674846
13532 0.006134969
16605 0.0030674846
4319 0.027607363
6116 0.012269938
20453 0.015337423
14061 0.0030674846
1006 0.0030674846
241 0.0030674846
11512 0.049079753
2041 0.006134969
8698 0.0030674846
3323 0.015337423
19199 0.0030674846
5631 0.0030674846
6143 0.012269938
