8194 0.0029850747
15875 0.0029850747
4100 0.0059701493
5893 0.06865671
16390 0.0029850747
10246 0.011940299
17415 0.0029850747
3339 0.0059701493
15629 0.0029850747
10767 0.0029850747
1295 0.026865672
272 0.0029850747
13843 0.0029850747
22035 0.0059701493
8468 0.0029850747
13334 0.0029850747
19736 0.011940299
14618 0.0029850747
7707 0.0029850747
4635 0.011940299
10780 0.0029850747
21278 0.0089552235
6688 0.0059701493
13345 0.0029850747
9250 0.0029850747
4649 0.0029850747
13610 0.0029850747
298 0.011940299
10284 0.0029850747
17196 0.0029850747
13613 0.017910447
14129 0.0029850747
19250 0.0029850747
20275 0.0029850747
21813 0.0029850747
14650 0.026865672
17468 0.0029850747
11327 0.0059701493
18239 0.017910447
11073 0.0029850747
1858 0.0029850747
10821 0.020895522
12614 0.0029850747
4934 0.0059701493
12871 0.0029850747
6215 0.0029850747
8263 0.0059701493
5192 0.0029850747
7752 0.0059701493
18251 0.014925373
16717 0.0029850747
8274 0.0029850747
6738 0.0059701493
3922 0.0059701493
21331 0.0029850747
8021 0.0029850747
20566 0.0029850747
19286 0.0029850747
18263 0.07761194
15193 0.0029850747
20571 0.0029850747
8797 0.0029850747
16481 0.0029850747
21345 0.0089552235
12899 0.0029850747
20579 0.0059701493
15722 0.0029850747
14442 0.0059701493
109 0.0029850747
11635 0.0029850747
884 0.011940299
19062 0.0029850747
14966 0.0059701493
11639 0.0029850747
12664 0.0029850747
22140 0.0029850747
8573 0.0029850747
19581 0.0059701493
21632 0.0029850747
11905 0.0029850747
16003 0.0059701493
9862 0.029850746
4743 0.0059701493
3210 0.0029850747
3982 0.0029850747
17294 0.0059701493
20367 0.0059701493
10897 0.0059701493
4756 0.0029850747
2199 0.0029850747
8343 0.0059701493
8855 0.0089552235
11932 0.0029850747
4510 0.0029850747
20127 0.0029850747
16543 0.0089552235
3745 0.0059701493
12710 0.0029850747
15528 0.0059701493
7082 0.0029850747
2731 0.0029850747
13485 0.0029850747
8111 0.0029850747
12464 0.0029850747
14515 0.0029850747
9141 0.0029850747
20405 0.017910447
20150 0.0029850747
8890 0.0059701493
21947 0.0029850747
12734 0.0029850747
5056 0.0029850747
21696 0.0029850747
16064 0.0089552235
5825 0.0029850747
10691 0.0059701493
3268 0.0029850747
16582 0.0059701493
12745 0.0029850747
715 0.0029850747
1488 0.0029850747
13521 0.0029850747
5585 0.0029850747
3538 0.0029850747
10451 0.011940299
20437 0.011940299
18647 0.0029850747
20696 0.0089552235
22235 0.0029850747
14300 0.0029850747
20959 0.0029850747
4319 0.014925373
7138 0.0029850747
4834 0.0029850747
6116 0.0029850747
3300 0.0029850747
20453 0.0029850747
5861 0.0029850747
2022 0.0029850747
14060 0.0089552235
1261 0.0029850747
1006 0.014925373
12016 0.0089552235
3058 0.0059701493
20723 0.0029850747
6899 0.0029850747
18677 0.0029850747
15606 0.0029850747
16375 0.0029850747
21752 0.0029850747
11512 0.032835823
2041 0.0059701493
18170 0.0029850747
6654 0.0029850747
22270 0.0029850747
3839 0.0029850747
