8194 0.0028735632
15875 0.0028735632
8709 0.0028735632
5893 0.03735632
15629 0.0057471264
10767 0.0028735632
15120 0.0028735632
5651 0.0028735632
13844 0.0028735632
2836 0.0028735632
19736 0.0028735632
4635 0.011494253
15900 0.011494253
13343 0.0028735632
18208 0.0057471264
6688 0.00862069
21541 0.0028735632
20519 0.0028735632
5162 0.0028735632
298 0.0057471264
18731 0.0028735632
6444 0.0028735632
13613 0.0028735632
17710 0.0028735632
4915 0.0028735632
3123 0.00862069
18996 0.0028735632
17464 0.0028735632
14650 0.011494253
18239 0.00862069
11327 0.011494253
5442 0.0028735632
10821 0.0028735632
12871 0.0028735632
8263 0.0028735632
5959 0.0028735632
4682 0.0028735632
18251 0.03448276
16717 0.0028735632
11598 0.0028735632
337 0.0028735632
7252 0.0028735632
20821 0.0028735632
18263 0.01724138
13659 0.0028735632
15196 0.0028735632
11872 0.0028735632
16481 0.0028735632
2915 0.0028735632
3430 0.0028735632
14185 0.0028735632
15209 0.0028735632
19565 0.0028735632
109 0.0028735632
11121 0.0028735632
11635 0.0057471264
2676 0.0028735632
21621 0.0057471264
19062 0.0028735632
19831 0.0028735632
19581 0.0057471264
1662 0.0028735632
13439 0.0028735632
21632 0.0028735632
11141 0.0028735632
8837 0.00862069
16520 0.0028735632
20624 0.0028735632
8592 0.0057471264
10897 0.01724138
19603 0.0028735632
20883 0.0028735632
150 0.0028735632
8342 0.0057471264
8343 0.0028735632
16024 0.0028735632
1945 0.0028735632
11932 0.0057471264
5022 0.0028735632
3745 0.011494253
4513 0.014367816
3491 0.00862069
12710 0.12643678
7594 0.0028735632
3757 0.0028735632
19886 0.0057471264
14514 0.0057471264
9139 0.0028735632
20405 0.022988506
20150 0.0028735632
4030 0.0028735632
16064 0.0057471264
3522 0.0028735632
10691 0.0057471264
16582 0.0028735632
3530 0.03448276
716 0.0028735632
2509 0.0028735632
14798 0.0028735632
718 0.0057471264
8911 0.0028735632
1488 0.0028735632
13521 0.0028735632
3538 0.0028735632
10451 0.08045977
11220 0.0028735632
20437 0.0028735632
3288 0.0057471264
2265 0.020114943
731 0.0028735632
13532 0.0028735632
12765 0.0028735632
4319 0.031609196
21731 0.02586207
5861 0.0028735632
20453 0.0028735632
6886 0.00862069
2791 0.0028735632
231 0.0028735632
18410 0.0028735632
3306 0.0057471264
20203 0.0028735632
1006 0.011494253
496 0.0028735632
11504 0.0057471264
12016 0.00862069
20723 0.0028735632
12020 0.0028735632
19190 0.0028735632
11512 0.03735632
15610 0.0057471264
3323 0.0028735632
7421 0.0028735632
253 0.0028735632
6143 0.00862069
