20482 0.0020408162
8194 0.0020408162
15875 0.0020408162
5380 0.0020408162
9988 0.0020408162
8709 0.0020408162
5893 0.006122449
16390 0.0040816325
10246 0.0040816325
17415 0.0020408162
17928 0.0020408162
9480 0.0020408162
17676 0.0020408162
4111 0.0020408162
10767 0.006122449
19736 0.01632653
14618 0.15102041
4635 0.006122449
15902 0.0020408162
12830 0.0020408162
31 0.0020408162
6687 0.008163265
9250 0.018367346
15908 0.008163265
17704 0.006122449
10025 0.0040816325
18731 0.0040816325
13613 0.0020408162
21038 0.0020408162
8498 0.020408163
21044 0.0020408162
5428 0.0040816325
20020 0.006122449
21813 0.010204081
311 0.0020408162
14650 0.006122449
11327 0.0040816325
18239 0.01632653
21827 0.0040816325
10821 0.01632653
12871 0.0020408162
2119 0.0020408162
8263 0.0020408162
18251 0.020408163
20813 0.0020408162
16717 0.006122449
10321 0.0020408162
3922 0.0020408162
18003 0.0020408162
18263 0.0020408162
2393 0.012244898
15196 0.006122449
15966 0.0040816325
6239 0.0020408162
11872 0.0020408162
16481 0.0020408162
20065 0.0020408162
21345 0.0040816325
10083 0.0040816325
20579 0.014285714
2662 0.0020408162
3430 0.006122449
13929 0.0020408162
10605 0.0020408162
9073 0.0020408162
2674 0.0020408162
11635 0.0020408162
884 0.0040816325
21621 0.0040816325
19062 0.014285714
20345 0.0020408162
19581 0.0040816325
21632 0.0020408162
11905 0.0020408162
11396 0.0020408162
8836 0.0020408162
9862 0.0020408162
17294 0.0020408162
11151 0.0020408162
6032 0.0020408162
18064 0.0020408162
10897 0.012244898
20883 0.0020408162
8343 0.0020408162
19865 0.0020408162
3745 0.0040816325
20133 0.0020408162
17318 0.0020408162
20648 0.0040816325
7082 0.0020408162
9387 0.0020408162
19886 0.012244898
14770 0.0020408162
14515 0.006122449
20405 0.006122449
19126 0.0040816325
2231 0.0020408162
1722 0.03469388
6588 0.0020408162
10944 0.0020408162
3520 0.0020408162
16064 0.012244898
19137 0.0020408162
10691 0.0020408162
3268 0.0020408162
14022 0.0020408162
2758 0.0020408162
16582 0.0040816325
10699 0.0020408162
13260 0.026530612
13521 0.0020408162
10451 0.02244898
20438 0.026530612
16599 0.006122449
20696 0.006122449
21465 0.01632653
7642 0.0020408162
19931 0.012244898
13532 0.010204081
7135 0.0020408162
9183 0.006122449
4319 0.018367346
5859 0.006122449
6116 0.0020408162
5349 0.0040816325
20198 0.0040816325
16871 0.0020408162
20712 0.0020408162
18410 0.04489796
1006 0.006122449
11504 0.0020408162
20723 0.0040816325
19188 0.0020408162
2292 0.0020408162
500 0.014285714
17653 0.0020408162
4343 0.0020408162
7160 0.0020408162
11512 0.053061225
2041 0.0020408162
16892 0.0020408162
6654 0.014285714
6143 0.0040816325
