15875 0.0034965035
4100 0.0034965035
5893 0.013986014
10246 0.01048951
2571 0.0034965035
16396 0.0034965035
5900 0.01048951
2836 0.0034965035
13844 0.006993007
5396 0.01048951
10005 0.01048951
22294 0.006993007
19736 0.006993007
6939 0.013986014
6688 0.0034965035
13345 0.013986014
22050 0.0034965035
9250 0.0034965035
6952 0.0034965035
18217 0.0034965035
13097 0.0034965035
10284 0.024475524
8237 0.0034965035
13613 0.0034965035
10288 0.0034965035
8497 0.0034965035
14129 0.006993007
10546 0.01048951
21813 0.0034965035
14650 0.006993007
7996 0.006993007
15422 0.0034965035
10303 0.0034965035
18239 0.01048951
11073 0.0034965035
10821 0.0034965035
4934 0.0034965035
18758 0.01048951
12871 0.0034965035
8263 0.01048951
18251 0.031468533
17228 0.0034965035
16717 0.0034965035
17486 0.0034965035
14158 0.006993007
9552 0.0034965035
17490 0.0034965035
2900 0.0034965035
5460 0.01048951
11607 0.0034965035
15959 0.006993007
18263 0.013986014
6491 0.0034965035
11611 0.0034965035
13659 0.01048951
7007 0.0034965035
13664 0.0034965035
16736 0.0034965035
16481 0.0034965035
2401 0.0034965035
10083 0.0034965035
2662 0.006993007
3430 0.006993007
8297 0.0034965035
4714 0.013986014
4971 0.0034965035
8811 0.0034965035
109 0.0034965035
12398 0.0034965035
10094 0.0034965035
17265 0.0034965035
884 0.0034965035
5237 0.0034965035
19062 0.0034965035
119 0.006993007
13176 0.0034965035
8573 0.01048951
19581 0.03846154
3455 0.0034965035
21632 0.0034965035
3456 0.0034965035
16003 0.006993007
11141 0.006993007
8070 0.0034965035
9862 0.013986014
16520 0.0034965035
8843 0.0034965035
10897 0.01048951
18834 0.0034965035
150 0.0034965035
7830 0.034965035
13463 0.0034965035
8087 0.01048951
8343 0.027972028
1948 0.0034965035
10908 0.0034965035
4510 0.0034965035
3745 0.006993007
13480 0.006993007
12205 0.0034965035
19886 0.0034965035
20405 0.02097902
20150 0.0034965035
19126 0.006993007
16058 0.0034965035
16064 0.0034965035
5825 0.0034965035
4290 0.0034965035
11971 0.0034965035
3525 0.0034965035
9157 0.0034965035
16582 0.0034965035
13255 0.0034965035
1224 0.0034965035
718 0.006993007
13521 0.0034965035
12242 0.0034965035
10451 0.017482517
20437 0.0034965035
20696 0.0034965035
7642 0.0034965035
14300 0.0034965035
4319 0.027972028
2016 0.0034965035
21218 0.0034965035
6116 0.01048951
20453 0.006993007
16871 0.0034965035
20712 0.006993007
1006 0.013986014
12016 0.006993007
241 0.0034965035
20723 0.0034965035
12020 0.006993007
7926 0.0034965035
15608 0.0034965035
11512 0.02097902
2041 0.0034965035
17659 0.0034965035
17148 0.0034965035
8444 0.0034965035
6143 0.01048951
3839 0.03846154
