8194 0.0026385225
15875 0.0026385225
9988 0.0026385225
5892 0.005277045
5893 0.039577838
10246 0.015831135
5639 0.0026385225
20231 0.034300793
16396 0.0026385225
15629 0.0026385225
10767 0.0026385225
15121 0.0026385225
22294 0.0026385225
19736 0.023746701
4635 0.013192612
15900 0.007915568
15902 0.0026385225
13343 0.0026385225
11298 0.0026385225
22050 0.0026385225
9250 0.007915568
4649 0.0026385225
19754 0.0026385225
298 0.0026385225
14891 0.0026385225
6444 0.0026385225
8493 0.0026385225
14381 0.0026385225
1837 0.0026385225
13613 0.005277045
13872 0.0026385225
10546 0.005277045
7479 0.0026385225
14650 0.0026385225
3130 0.005277045
11327 0.005277045
18239 0.013192612
1600 0.0026385225
1858 0.0026385225
14147 0.0026385225
18501 0.0026385225
10821 0.015831135
8263 0.005277045
12871 0.005277045
2119 0.005277045
9544 0.0026385225
14153 0.0026385225
4169 0.02110818
18251 0.013192612
16717 0.0026385225
9810 0.0026385225
5210 0.0026385225
11611 0.0026385225
19803 0.0026385225
14431 0.0026385225
7007 0.0026385225
8288 0.0026385225
16481 0.0026385225
21345 0.007915568
14691 0.0026385225
2915 0.0026385225
20579 0.005277045
13670 0.0026385225
3430 0.005277045
2662 0.007915568
15208 0.01055409
15209 0.0026385225
11114 0.0026385225
14443 0.0026385225
8811 0.0026385225
10605 0.0026385225
9073 0.0026385225
11635 0.0026385225
884 0.0026385225
21110 0.0026385225
19062 0.007915568
7031 0.0026385225
12413 0.0026385225
12925 0.0026385225
19581 0.023746701
21632 0.0026385225
11905 0.005277045
16002 0.015831135
8070 0.0026385225
14731 0.0026385225
17294 0.0026385225
3982 0.0026385225
7567 0.0026385225
11151 0.0026385225
8592 0.007915568
10897 0.029023746
8851 0.0026385225
8343 0.029023746
4760 0.0026385225
12440 0.0026385225
19098 0.0026385225
14490 0.0026385225
11932 0.005277045
4253 0.0026385225
928 0.013192612
3745 0.0026385225
10916 0.0026385225
12710 0.058047492
13480 0.0026385225
1192 0.0026385225
13741 0.0026385225
19886 0.0026385225
10415 0.0026385225
19889 0.0026385225
10417 0.0026385225
14514 0.0026385225
20405 0.034300793
6070 0.0026385225
20921 0.0026385225
6588 0.0026385225
5825 0.0026385225
10691 0.0026385225
3524 0.0026385225
16582 0.005277045
10184 0.0026385225
12745 0.0026385225
3530 0.018469658
715 0.0026385225
13260 0.005277045
1998 0.0026385225
14798 0.0026385225
462 0.0026385225
12495 0.0026385225
13521 0.0026385225
209 0.007915568
10451 0.013192612
8661 0.0026385225
9685 0.0026385225
16599 0.0026385225
20696 0.007915568
3288 0.005277045
21465 0.0026385225
2265 0.01055409
7130 0.0026385225
4314 0.005277045
13532 0.0026385225
4319 0.0026385225
18410 0.0026385225
14060 0.0026385225
16621 0.0026385225
1006 0.007915568
21487 0.005277045
12016 0.0026385225
3058 0.050131924
2292 0.007915568
14838 0.0026385225
11512 0.029023746
253 0.005277045
22270 0.0026385225
19199 0.0026385225
5631 0.0026385225
6143 0.02110818
