8193 0.0063492064
15875 0.0031746032
5893 0.015873017
10246 0.012698413
17415 0.0063492064
14090 0.0031746032
17419 0.0031746032
10763 0.0031746032
16396 0.0063492064
1805 0.0031746032
5135 0.0031746032
18706 0.0031746032
275 0.0063492064
13334 0.0031746032
19736 0.022222223
6425 0.0063492064
4635 0.0063492064
15900 0.0031746032
14365 0.0031746032
13855 0.0031746032
4903 0.0031746032
8743 0.05079365
13613 0.0063492064
5422 0.0031746032
22064 0.012698413
10546 0.0031746032
20275 0.0031746032
21813 0.0031746032
18745 0.0031746032
14650 0.01904762
3130 0.123809524
11327 0.0031746032
18239 0.015873017
4416 0.0063492064
8257 0.0031746032
5698 0.06984127
18501 0.0031746032
12871 0.0031746032
6215 0.0031746032
8263 0.00952381
4682 0.0031746032
18251 0.025396826
20813 0.0063492064
3922 0.0031746032
18263 0.00952381
11611 0.0031746032
6239 0.0031746032
16481 0.0031746032
21345 0.0031746032
20579 0.0063492064
3430 0.0063492064
21607 0.0031746032
13929 0.01904762
21621 0.012698413
18806 0.0031746032
19062 0.0063492064
8573 0.0031746032
12413 0.00952381
21632 0.0031746032
2690 0.0063492064
9862 0.0031746032
3982 0.0031746032
6286 0.0031746032
7567 0.0031746032
10896 0.0031746032
18064 0.0031746032
10897 0.00952381
13714 0.0031746032
8343 0.015873017
2714 0.0031746032
3745 0.0031746032
4003 0.0031746032
19886 0.00952381
21679 0.0031746032
8111 0.00952381
7090 0.0031746032
4274 0.0031746032
14514 0.0031746032
12980 0.0031746032
20405 0.028571429
20150 0.0031746032
2231 0.0031746032
6588 0.012698413
445 0.0031746032
5825 0.0031746032
10691 0.0031746032
3268 0.0031746032
16582 0.0031746032
2758 0.0031746032
14795 0.0031746032
5580 0.0031746032
1488 0.0031746032
13521 0.0031746032
10451 0.01904762
7892 0.0063492064
11478 0.0031746032
11734 0.0031746032
20696 0.01904762
7897 0.0031746032
1241 0.0031746032
21465 0.0031746032
4314 0.0031746032
13532 0.0031746032
6623 0.0031746032
9183 0.0031746032
4319 0.022222223
19937 0.00952381
6115 0.0063492064
6116 0.0031746032
5349 0.0031746032
1254 0.0031746032
2791 0.0031746032
7914 0.0031746032
18414 0.00952381
1006 0.015873017
496 0.0063492064
12016 0.0063492064
14834 0.0031746032
20723 0.0063492064
18677 0.0031746032
7160 0.0031746032
11512 0.031746034
6654 0.0031746032
