7680 0.0089552235
8194 0.0029850747
15875 0.0029850747
17156 0.0029850747
8709 0.0029850747
5893 0.029850746
20231 0.0029850747
16396 0.0029850747
5133 0.0029850747
7950 0.0029850747
15374 0.0029850747
4111 0.0029850747
5903 0.0059701493
10767 0.0059701493
6160 0.0029850747
8208 0.0029850747
3859 0.0029850747
19736 0.0089552235
4635 0.0029850747
15900 0.0089552235
12830 0.023880597
13345 0.0029850747
16161 0.0029850747
1314 0.0029850747
11298 0.0029850747
9250 0.0089552235
21541 0.0029850747
38 0.0029850747
16168 0.0059701493
13610 0.0029850747
22064 0.014925373
21553 0.011940299
8243 0.0029850747
2356 0.0029850747
21813 0.0089552235
14650 0.0029850747
22076 0.011940299
3902 0.0029850747
11327 0.0029850747
18239 0.0059701493
4416 0.0089552235
8001 0.0029850747
1858 0.0029850747
14915 0.0029850747
12871 0.0029850747
2119 0.0029850747
8263 0.0059701493
18251 0.041791044
20813 0.0029850747
11598 0.0029850747
18263 0.0089552235
7007 0.0029850747
16736 0.0029850747
2912 0.0029850747
16481 0.0029850747
21345 0.0089552235
20579 0.0059701493
3430 0.0029850747
5990 0.0029850747
15209 0.0029850747
11373 0.0029850747
6509 0.014925373
12398 0.0059701493
884 0.0089552235
19062 0.0029850747
11644 0.0029850747
15484 0.0029850747
19581 0.017910447
21632 0.0029850747
2176 0.0029850747
2435 0.0029850747
9862 0.0029850747
16520 0.0029850747
3210 0.0059701493
13708 0.0029850747
910 0.03880597
18064 0.011940299
9361 0.0029850747
10897 0.017910447
913 0.020895522
3730 0.0029850747
20883 0.0059701493
18836 0.0029850747
150 0.0029850747
7830 0.0059701493
8343 0.026865672
13210 0.0029850747
21403 0.0059701493
11932 0.0059701493
16286 0.0029850747
16032 0.011940299
3745 0.0029850747
10922 0.026865672
8371 0.0029850747
4531 0.0029850747
14515 0.023880597
20405 0.017910447
18872 0.0029850747
16058 0.08059701
18620 0.0029850747
18623 0.0029850747
6336 0.0029850747
10691 0.0059701493
3268 0.0029850747
3524 0.0029850747
16582 0.0029850747
2758 0.0089552235
718 0.0029850747
14798 0.0029850747
1488 0.0029850747
13521 0.0029850747
10451 0.014925373
10200 0.0029850747
13274 0.0029850747
731 0.0029850747
16605 0.0029850747
6623 0.023880597
4319 0.03880597
5859 0.0029850747
5349 0.0029850747
2791 0.0029850747
20712 0.0029850747
7914 0.0029850747
1006 0.011940299
13039 0.0029850747
12016 0.0029850747
241 0.0029850747
1780 0.0059701493
14070 0.0029850747
16375 0.0059701493
7160 0.0059701493
11512 0.020895522
4095 0.0029850747
5631 0.0029850747
6143 0.0059701493
