15875 0.004830918
5893 0.004830918
16390 0.004830918
10246 0.004830918
20231 0.009661836
17415 0.014492754
11539 0.004830918
3861 0.004830918
19736 0.033816423
3097 0.004830918
21786 0.004830918
4635 0.009661836
6688 0.004830918
12064 0.004830918
13345 0.004830918
9250 0.004830918
6435 0.009661836
20516 0.009661836
6952 0.004830918
1064 0.004830918
10025 0.004830918
298 0.004830918
4652 0.004830918
10284 0.009661836
18991 0.009661836
20020 0.004830918
13621 0.004830918
14650 0.004830918
11327 0.004830918
18239 0.019323671
11073 0.004830918
5698 0.004830918
18758 0.004830918
12871 0.004830918
8263 0.009661836
7752 0.004830918
18251 0.028985508
16717 0.004830918
9810 0.004830918
10836 0.004830918
18263 0.12077295
14173 0.004830918
1376 0.004830918
16481 0.004830918
7265 0.014492754
20579 0.004830918
2915 0.004830918
10083 0.019323671
17252 0.004830918
3430 0.014492754
9836 0.009661836
11635 0.004830918
4725 0.004830918
19062 0.004830918
6010 0.004830918
15484 0.004830918
380 0.004830918
6525 0.004830918
19581 0.009661836
21632 0.004830918
16003 0.004830918
2693 0.004830918
9862 0.014492754
10636 0.004830918
17294 0.004830918
10896 0.009661836
10897 0.04347826
8342 0.004830918
150 0.004830918
7830 0.004830918
6039 0.004830918
8855 0.014492754
8343 0.014492754
21401 0.009661836
18077 0.009661836
3745 0.019323671
15011 0.004830918
17318 0.004830918
1192 0.004830918
2731 0.004830918
8883 0.004830918
20405 0.033816423
6588 0.004830918
9666 0.004830918
16582 0.004830918
14022 0.004830918
4809 0.004830918
4556 0.004830918
460 0.004830918
13521 0.004830918
10451 0.019323671
17367 0.004830918
20696 0.004830918
18393 0.004830918
4319 0.028985508
7905 0.004830918
6116 0.004830918
20453 0.004830918
2022 0.004830918
6886 0.009661836
1006 0.004830918
4590 0.004830918
20723 0.004830918
13044 0.004830918
16886 0.004830918
21752 0.004830918
11512 0.028985508
2041 0.004830918
253 0.004830918
22270 0.004830918
10495 0.004830918
