7680 0.0016778524
1 0.0016778524
8194 0.005033557
15875 0.0016778524
8195 0.0033557047
8709 0.0016778524
10246 0.0016778524
5126 0.0016778524
10767 0.0033557047
13844 0.0016778524
10776 0.0016778524
4635 0.023489933
15900 0.0016778524
11298 0.0033557047
9250 0.0033557047
20516 0.0033557047
38 0.0016778524
4649 0.0016778524
2602 0.0016778524
16427 0.0016778524
10284 0.005033557
11827 0.0016778524
21044 0.0016778524
4665 0.0016778524
11321 0.0016778524
3130 0.0016778524
13883 0.0016778524
6716 0.0016778524
11837 0.0016778524
11327 0.0033557047
18501 0.0016778524
10821 0.008389262
12871 0.0016778524
8263 0.0016778524
7752 0.0016778524
1101 0.0016778524
9295 0.0016778524
15961 0.0016778524
20571 0.0016778524
9310 0.0016778524
6239 0.0016778524
16481 0.0016778524
7265 0.010067114
11363 0.0016778524
20579 0.0067114094
2662 0.0033557047
6255 0.0033557047
13426 0.0016778524
2674 0.0067114094
5235 0.0016778524
19062 0.005033557
11895 0.0016778524
6265 0.0016778524
19581 0.0067114094
21632 0.0016778524
5760 0.0016778524
16003 0.09060403
9862 0.005033557
6286 0.0016778524
20624 0.0016778524
10896 0.0016778524
18064 0.0033557047
17553 0.0016778524
10897 0.015100671
9362 0.0016778524
11925 0.005033557
8343 0.011744967
11932 0.0033557047
13983 0.0016778524
3745 0.005033557
675 0.0016778524
15528 0.0016778524
13485 0.0033557047
9393 0.0016778524
14515 0.0033557047
6325 0.0033557047
19126 0.0033557047
19127 0.0016778524
16058 0.0067114094
16064 0.0016778524
5825 0.0033557047
16582 0.0016778524
3272 0.0016778524
1224 0.005033557
22219 0.0016778524
19147 0.0016778524
13521 0.0016778524
10451 0.031879194
3288 0.0016778524
20696 0.030201342
217 0.0016778524
4825 0.0033557047
15067 0.0016778524
10463 0.0016778524
9951 0.0016778524
5855 0.0016778524
735 0.0016778524
4319 0.02852349
20195 0.0016778524
5861 0.0016778524
5349 0.005033557
8422 0.005033557
2791 0.0016778524
20712 0.0016778524
21737 0.0033557047
7914 0.005033557
12016 0.0033557047
17653 0.0016778524
15606 0.0016778524
11512 0.07214765
3323 0.026845638
19199 0.0016778524
5892 0.0016778524
5893 0.023489933
9478 0.0033557047
6409 0.0016778524
5900 0.0033557047
15117 0.0016778524
15629 0.0016778524
5903 0.0033557047
272 0.0067114094
3859 0.0016778524
8468 0.0033557047
19736 0.015100671
17690 0.0016778524
14117 0.0033557047
6952 0.010067114
298 0.0016778524
21290 0.005033557
6444 0.0016778524
17196 0.0033557047
13613 0.0033557047
19250 0.0016778524
14650 0.008389262
18239 0.011744967
6976 0.0016778524
11073 0.0016778524
1858 0.0016778524
18758 0.0016778524
4934 0.0033557047
9544 0.0016778524
4425 0.0016778524
14153 0.0033557047
18251 0.031879194
11598 0.0016778524
18263 0.021812081
3419 0.0016778524
13659 0.0016778524
7007 0.0016778524
1376 0.0067114094
9057 0.0016778524
8545 0.0016778524
10083 0.0016778524
3430 0.0016778524
13160 0.0016778524
15209 0.0016778524
6509 0.0016778524
10094 0.0016778524
17262 0.005033557
12147 0.0016778524
11635 0.0033557047
884 0.008389262
12664 0.0016778524
11643 0.0033557047
5500 0.0016778524
11644 0.0016778524
11141 0.0016778524
17294 0.0016778524
11151 0.0016778524
6032 0.0016778524
1427 0.0016778524
20886 0.0016778524
11163 0.0016778524
3491 0.0016778524
18340 0.0033557047
7082 0.0016778524
19886 0.010067114
19892 0.0016778524
19381 0.0033557047
20405 0.023489933
18872 0.0016778524
6588 0.0016778524
18877 0.0033557047
15808 0.0016778524
18369 0.0016778524
3522 0.0016778524
18882 0.0016778524
10691 0.010067114
13255 0.0016778524
3530 0.0016778524
1482 0.011744967
20942 0.0016778524
1488 0.0016778524
18384 0.0016778524
8145 0.0033557047
18385 0.0033557047
9685 0.0016778524
20437 0.0033557047
21465 0.0033557047
14300 0.0016778524
6623 0.0033557047
14818 0.0016778524
6116 0.0067114094
20453 0.005033557
16871 0.0016778524
3566 0.0016778524
1006 0.0067114094
8175 0.0016778524
1524 0.0016778524
14838 0.0016778524
7160 0.0016778524
2041 0.0016778524
5631 0.0016778524
