15875 0.002538071
5892 0.002538071
6660 0.002538071
9988 0.005076142
22277 0.010152284
5893 0.010152284
10246 0.007614213
6409 0.005076142
14090 0.005076142
10763 0.02538071
14860 0.002538071
17167 0.002538071
10767 0.007614213
2836 0.005076142
22294 0.002538071
278 0.005076142
19736 0.012690355
21786 0.002538071
4635 0.010152284
21020 0.002538071
15900 0.002538071
13343 0.007614213
16161 0.007614213
22050 0.002538071
9250 0.012690355
21541 0.002538071
38 0.002538071
8743 0.002538071
4903 0.002538071
13613 0.002538071
7474 0.002538071
21044 0.005076142
21813 0.005076142
6454 0.002538071
311 0.002538071
1851 0.005076142
316 0.002538071
19516 0.002538071
18239 0.005076142
11327 0.007614213
1858 0.002538071
5698 0.010152284
21827 0.002538071
10821 0.020304568
12871 0.002538071
8263 0.005076142
11591 0.007614213
14665 0.002538071
18251 0.02538071
2380 0.002538071
16717 0.002538071
12365 0.002538071
8017 0.002538071
10321 0.002538071
7252 0.002538071
16471 0.002538071
18263 0.010152284
2393 0.010152284
19034 0.002538071
20571 0.002538071
13659 0.002538071
15196 0.002538071
8797 0.002538071
14173 0.002538071
4446 0.005076142
1376 0.002538071
16481 0.002538071
4963 0.002538071
2915 0.002538071
20579 0.010152284
3430 0.007614213
5735 0.002538071
13929 0.002538071
15209 0.002538071
10605 0.002538071
109 0.002538071
9073 0.002538071
14451 0.002538071
21621 0.010152284
19062 0.005076142
19581 0.007614213
21632 0.002538071
13952 0.005076142
3456 0.012690355
2690 0.002538071
14722 0.002538071
1922 0.005076142
11141 0.002538071
9862 0.012690355
8070 0.015228426
10379 0.002538071
17294 0.002538071
14223 0.002538071
7567 0.005076142
14992 0.002538071
6032 0.015228426
9617 0.002538071
10897 0.020304568
18834 0.002538071
20883 0.002538071
4758 0.002538071
8342 0.002538071
16024 0.002538071
21401 0.002538071
10651 0.017766498
11932 0.002538071
4253 0.002538071
8095 0.005076142
19872 0.002538071
3745 0.007614213
11682 0.005076142
15011 0.002538071
8355 0.005076142
15528 0.002538071
20648 0.005076142
7082 0.015228426
12205 0.002538071
19886 0.007614213
8368 0.010152284
4274 0.002538071
20402 0.002538071
14514 0.002538071
14515 0.002538071
18613 0.002538071
20405 0.017766498
11193 0.005076142
15034 0.002538071
16064 0.015228426
5825 0.010152284
963 0.002538071
10691 0.005076142
16582 0.002538071
12745 0.002538071
18378 0.007614213
11979 0.002538071
13260 0.040609136
20686 0.002538071
13521 0.002538071
10451 0.02284264
9429 0.002538071
20437 0.002538071
11734 0.005076142
3288 0.007614213
21465 0.002538071
7642 0.002538071
14300 0.005076142
18397 0.002538071
4319 0.02538071
12771 0.002538071
6115 0.002538071
5861 0.005076142
20453 0.005076142
6886 0.002538071
11241 0.002538071
7914 0.005076142
18410 0.020304568
20203 0.002538071
21483 0.002538071
1006 0.010152284
18159 0.002538071
3062 0.005076142
7160 0.010152284
11512 0.05076142
11259 0.005076142
6654 0.002538071
6143 0.007614213
