8193 0.006116208
15875 0.003058104
5893 0.0091743115
17669 0.021406727
11784 0.003058104
5900 0.0091743115
7950 0.027522936
8468 0.003058104
2836 0.003058104
13844 0.003058104
19736 0.0091743115
4635 0.006116208
11303 0.003058104
298 0.003058104
10546 0.003058104
5170 0.003058104
19250 0.006116208
21813 0.003058104
14903 0.006116208
14650 0.006116208
20542 0.003058104
18239 0.0091743115
11327 0.01529052
10306 0.006116208
10821 0.021406727
18758 0.003058104
12871 0.003058104
4169 0.03058104
18251 0.003058104
20813 0.003058104
11598 0.003058104
3922 0.003058104
8021 0.003058104
20821 0.003058104
18263 0.0091743115
1114 0.006116208
20571 0.003058104
15196 0.06422018
10589 0.003058104
14173 0.0091743115
9310 0.003058104
15966 0.003058104
6239 0.003058104
16481 0.003058104
8545 0.006116208
10083 0.006116208
3430 0.003058104
13160 0.003058104
20073 0.003058104
8297 0.006116208
6509 0.006116208
6255 0.003058104
2674 0.006116208
11635 0.003058104
18803 0.003058104
14966 0.003058104
3449 0.0091743115
8573 0.003058104
19581 0.021406727
21632 0.003058104
2176 0.003058104
2690 0.006116208
902 0.003058104
9862 0.012232416
20360 0.006116208
21642 0.003058104
17294 0.003058104
6286 0.003058104
7567 0.003058104
18064 0.003058104
10896 0.003058104
10897 0.006116208
20883 0.003058104
20886 0.003058104
8343 0.006116208
21401 0.003058104
19356 0.003058104
19100 0.003058104
11932 0.006116208
4509 0.003058104
3745 0.006116208
6058 0.006116208
19886 0.003058104
9903 0.003058104
8368 0.018348623
17841 0.003058104
14514 0.006116208
20402 0.006116208
8371 0.003058104
13235 0.003058104
14515 0.003058104
10677 0.003058104
20405 0.012232416
2231 0.003058104
20151 0.006116208
9144 0.003058104
6588 0.0091743115
18623 0.003058104
192 0.0091743115
3522 0.003058104
10691 0.006116208
16582 0.003058104
1224 0.003058104
10184 0.012232416
2249 0.003058104
4556 0.003058104
716 0.0091743115
718 0.003058104
14798 0.003058104
18640 0.0091743115
13521 0.003058104
10451 0.01529052
9685 0.0091743115
10454 0.003058104
16599 0.006116208
20696 0.0091743115
3288 0.055045873
21465 0.003058104
7897 0.0091743115
14300 0.003058104
3549 0.003058104
4319 0.003058104
7135 0.006116208
2016 0.003058104
6368 0.003058104
18656 0.003058104
14306 0.003058104
8163 0.003058104
3300 0.003058104
20196 0.003058104
6116 0.012232416
21733 0.003058104
20453 0.006116208
5349 0.0091743115
2791 0.003058104
20712 0.003058104
7914 0.003058104
3306 0.003058104
1006 0.01529052
8175 0.003058104
1263 0.003058104
12016 0.0091743115
9461 0.003058104
1527 0.003058104
11512 0.033639144
2041 0.003058104
8444 0.003058104
22268 0.003058104
22270 0.003058104
6654 0.003058104
19199 0.024464833
