7680 0.003021148
8194 0.003021148
15875 0.003021148
5893 0.027190333
10246 0.009063444
16390 0.01510574
14090 0.006042296
17935 0.003021148
5903 0.003021148
22294 0.003021148
19736 0.012084592
4635 0.009063444
13343 0.003021148
9250 0.006042296
6435 0.003021148
21541 0.003021148
21291 0.003021148
18731 0.003021148
17708 0.003021148
18222 0.003021148
4658 0.003021148
14650 0.012084592
21308 0.003021148
22076 0.006042296
15422 0.003021148
15934 0.006042296
12095 0.003021148
11327 0.006042296
18239 0.03021148
11073 0.003021148
10821 0.009063444
4934 0.003021148
12871 0.003021148
8263 0.006042296
4169 0.003021148
18251 0.018126888
20813 0.003021148
16717 0.006042296
14158 0.003021148
10065 0.006042296
3922 0.006042296
21588 0.003021148
7766 0.003021148
10331 0.003021148
6491 0.003021148
19805 0.003021148
14173 0.003021148
5982 0.003021148
6239 0.003021148
13919 0.006042296
1376 0.003021148
16481 0.003021148
20579 0.003021148
3430 0.012084592
15209 0.006042296
874 0.003021148
14443 0.003021148
6509 0.006042296
5231 0.003021148
16495 0.006042296
8561 0.003021148
13426 0.006042296
6515 0.003021148
11635 0.003021148
884 0.009063444
21621 0.006042296
12664 0.006042296
20601 0.003021148
8573 0.003021148
19581 0.021148037
21632 0.003021148
2690 0.003021148
13958 0.003021148
18566 0.003021148
8070 0.003021148
9862 0.012084592
16520 0.003021148
20360 0.006042296
21642 0.003021148
17294 0.006042296
6032 0.003021148
9361 0.003021148
10897 0.006042296
17553 0.006042296
19603 0.024169184
150 0.003021148
7830 0.006042296
7319 0.003021148
8343 0.009063444
21401 0.003021148
8090 0.009063444
2204 0.003021148
11932 0.003021148
5534 0.003021148
3745 0.009063444
8355 0.003021148
15011 0.003021148
6308 0.003021148
934 0.012084592
19886 0.003021148
12208 0.003021148
8368 0.06344411
16049 0.003021148
14514 0.003021148
8372 0.003021148
20405 0.027190333
4285 0.003021148
16064 0.006042296
10691 0.006042296
16582 0.003021148
1224 0.003021148
19917 0.003021148
1488 0.01510574
13521 0.003021148
3538 0.003021148
10451 0.024169184
16084 0.003021148
5589 0.003021148
20437 0.003021148
9685 0.006042296
11734 0.006042296
3288 0.006042296
20696 0.03323263
7897 0.003021148
21465 0.006042296
2269 0.003021148
21983 0.003021148
4319 0.003021148
7906 0.003021148
6116 0.009063444
20453 0.003021148
5349 0.003021148
8422 0.003021148
7914 0.01510574
15851 0.003021148
18414 0.003021148
21487 0.003021148
12020 0.003021148
2292 0.006042296
15606 0.003021148
21752 0.003021148
11512 0.10876133
20217 0.003021148
3323 0.003021148
5631 0.003021148
