7680 0.005181347
15875 0.005181347
5893 0.010362694
10246 0.015544041
20231 0.025906736
5645 0.005181347
10767 0.005181347
8463 0.005181347
21779 0.010362694
19736 0.010362694
14618 0.031088082
9243 0.005181347
13596 0.005181347
12064 0.005181347
13613 0.005181347
19249 0.005181347
10546 0.005181347
7220 0.005181347
14650 0.010362694
22076 0.005181347
18239 0.015544041
10821 0.010362694
12871 0.005181347
2119 0.005181347
11591 0.005181347
8263 0.015544041
18251 0.031088082
20556 0.010362694
2892 0.010362694
18263 0.005181347
15196 0.010362694
16736 0.005181347
16481 0.005181347
21345 0.010362694
2662 0.005181347
3430 0.015544041
13929 0.005181347
3950 0.010362694
11635 0.005181347
884 0.005181347
20085 0.005181347
19062 0.005181347
20345 0.005181347
18298 0.005181347
19581 0.020725388
21632 0.005181347
14976 0.005181347
7299 0.005181347
8070 0.020725388
16520 0.005181347
14217 0.005181347
21388 0.005181347
4237 0.010362694
17294 0.005181347
7567 0.005181347
20624 0.005181347
6032 0.010362694
19088 0.010362694
13713 0.005181347
10897 0.025906736
2965 0.005181347
6039 0.005181347
11932 0.015544041
12956 0.020725388
11165 0.005181347
3745 0.010362694
8097 0.010362694
15011 0.010362694
11431 0.010362694
7082 0.005181347
19886 0.015544041
12207 0.005181347
4274 0.005181347
14514 0.005181347
14515 0.005181347
6325 0.005181347
20405 0.025906736
12983 0.005181347
14011 0.005181347
16064 0.005181347
3522 0.005181347
8898 0.005181347
2242 0.005181347
10691 0.015544041
3268 0.005181347
16582 0.005181347
2758 0.010362694
1739 0.005181347
6091 0.005181347
13260 0.010362694
20942 0.005181347
13521 0.005181347
209 0.010362694
10451 0.046632126
6612 0.010362694
4319 0.025906736
5349 0.005181347
5861 0.005181347
20712 0.005181347
18414 0.010362694
1006 0.015544041
18159 0.005181347
7160 0.005181347
11512 0.03626943
6654 0.010362694
