15875 0.005181347
10243 0.005181347
5893 0.020725388
17415 0.005181347
10763 0.005181347
16396 0.005181347
5900 0.010362694
15629 0.010362694
18452 0.005181347
13844 0.015544041
19736 0.015544041
4635 0.010362694
6688 0.005181347
12321 0.005181347
13345 0.005181347
8485 0.005181347
21541 0.015544041
7208 0.005181347
4141 0.005181347
21813 0.010362694
20538 0.005181347
14650 0.010362694
15677 0.005181347
18239 0.020725388
10817 0.010362694
18758 0.005181347
12871 0.005181347
8263 0.005181347
18251 0.041450776
18263 0.005181347
15193 0.005181347
13659 0.005181347
15966 0.005181347
1376 0.005181347
16481 0.005181347
11363 0.010362694
17252 0.005181347
3430 0.020725388
5736 0.005181347
5226 0.005181347
21872 0.005181347
13426 0.005181347
884 0.015544041
19062 0.005181347
19581 0.005181347
21632 0.005181347
2690 0.005181347
6787 0.005181347
17290 0.005181347
11151 0.020725388
6032 0.005181347
10897 0.015544041
3730 0.005181347
7830 0.025906736
5275 0.005181347
155 0.010362694
11932 0.005181347
20127 0.015544041
8097 0.005181347
3745 0.020725388
11428 0.005181347
17318 0.005181347
15528 0.005181347
940 0.005181347
19886 0.010362694
8371 0.005181347
20405 0.010362694
2231 0.005181347
8119 0.015544041
19385 0.005181347
8890 0.010362694
4286 0.005181347
192 0.010362694
18882 0.005181347
10691 0.005181347
16582 0.005181347
2758 0.031088082
21194 0.010362694
6091 0.005181347
4556 0.005181347
13521 0.005181347
10451 0.03626943
7892 0.010362694
4573 0.005181347
18910 0.005181347
6623 0.015544041
4319 0.041450776
6371 0.005181347
16871 0.005181347
7914 0.005181347
14314 0.015544041
3306 0.020725388
21739 0.005181347
8685 0.005181347
1006 0.025906736
18159 0.010362694
15608 0.005181347
11512 0.03626943
14587 0.020725388
19711 0.005181347
