19712 0.007246377
15875 0.0036231885
20740 0.0036231885
5893 0.0036231885
16390 0.007246377
10246 0.014492754
17415 0.0036231885
7177 0.0036231885
10763 0.0036231885
16396 0.0036231885
15117 0.0036231885
10767 0.0036231885
13587 0.007246377
19736 0.025362318
4635 0.014492754
13343 0.0036231885
12321 0.0036231885
22050 0.0036231885
9250 0.0036231885
11298 0.007246377
21541 0.0036231885
21287 0.007246377
4903 0.010869565
13613 0.0036231885
8243 0.0036231885
20020 0.0036231885
21813 0.007246377
3130 0.0036231885
14650 0.007246377
13884 0.0036231885
11837 0.0036231885
11327 0.0036231885
1858 0.0036231885
10821 0.010869565
18758 0.0036231885
12871 0.0036231885
8263 0.0036231885
5447 0.014492754
3147 0.0036231885
18251 0.007246377
15180 0.0036231885
16717 0.0036231885
2897 0.0036231885
9810 0.0036231885
4694 0.050724637
18263 0.014492754
16481 0.0036231885
21345 0.0036231885
20065 0.010869565
20579 0.0036231885
10083 0.014492754
3430 0.0036231885
21607 0.007246377
16491 0.0036231885
10094 0.007246377
8561 0.007246377
11635 0.014492754
21621 0.0036231885
8573 0.0036231885
19581 0.032608695
5502 0.0036231885
9598 0.010869565
21632 0.0036231885
16003 0.010869565
8837 0.007246377
9862 0.02173913
5255 0.0036231885
3464 0.0036231885
9354 0.0036231885
4238 0.0036231885
10897 0.010869565
8342 0.007246377
8343 0.018115941
2968 0.0036231885
19610 0.0036231885
20638 0.0036231885
3745 0.0036231885
12710 0.014492754
11431 0.02173913
15528 0.0036231885
2731 0.0036231885
6317 0.007246377
19886 0.0036231885
12208 0.0036231885
4531 0.0036231885
12980 0.0036231885
20405 0.02173913
11447 0.0036231885
15543 0.0036231885
2231 0.0036231885
21432 0.0036231885
6588 0.0036231885
18877 0.0036231885
18112 0.0036231885
5825 0.010869565
9666 0.0036231885
10691 0.007246377
14788 0.0036231885
18116 0.0036231885
16582 0.0036231885
6086 0.0036231885
2758 0.0036231885
2506 0.007246377
5580 0.0036231885
13521 0.0036231885
10451 0.04347826
20696 0.014492754
21465 0.0036231885
18394 0.0036231885
4059 0.0036231885
12511 0.0036231885
4319 0.007246377
6368 0.0036231885
21218 0.010869565
8163 0.0036231885
19683 0.0036231885
5859 0.007246377
5349 0.0036231885
6886 0.0036231885
8422 0.007246377
16871 0.0036231885
20712 0.0036231885
7914 0.007246377
15597 0.0036231885
17902 0.0036231885
1006 0.007246377
18159 0.0036231885
12016 0.0036231885
241 0.0036231885
20723 0.0036231885
12020 0.0036231885
5366 0.0036231885
15606 0.0036231885
16375 0.0036231885
11512 0.07971015
3323 0.0036231885
15103 0.0036231885
