15875 0.0045871558
9988 0.0091743115
5893 0.027522936
16390 0.0045871558
10246 0.0091743115
6409 0.0045871558
16396 0.0045871558
6413 0.041284405
10767 0.013761468
22294 0.0091743115
280 0.0045871558
16161 0.0045871558
12321 0.0045871558
9250 0.0045871558
13097 0.0091743115
13610 0.0091743115
8237 0.0045871558
11825 0.0045871558
22067 0.0045871558
21813 0.0091743115
10295 0.0045871558
1081 0.0045871558
14650 0.036697246
11327 0.0045871558
18239 0.0045871558
21312 0.0045871558
11073 0.0091743115
1858 0.0045871558
21317 0.0045871558
18758 0.0045871558
12871 0.0045871558
8263 0.0091743115
14153 0.0045871558
18251 0.0045871558
21325 0.0091743115
11598 0.0091743115
18263 0.0045871558
16736 0.0045871558
16481 0.0045871558
10083 0.0045871558
2662 0.0045871558
3430 0.013761468
13929 0.027522936
10605 0.0045871558
12398 0.0045871558
6255 0.0045871558
21872 0.0045871558
11635 0.0045871558
884 0.0091743115
21621 0.0045871558
19062 0.0045871558
8570 0.0045871558
19581 0.013761468
21632 0.0045871558
3456 0.0045871558
11141 0.0045871558
9862 0.02293578
4237 0.0045871558
6286 0.0045871558
11151 0.0045871558
7567 0.013761468
18064 0.0045871558
10896 0.0091743115
10897 0.018348623
19858 0.0045871558
20883 0.013761468
15765 0.0045871558
8342 0.0045871558
7830 0.0045871558
8343 0.02293578
10649 0.0045871558
5019 0.0045871558
10651 0.018348623
11932 0.0045871558
4510 0.0091743115
3745 0.0045871558
18340 0.0045871558
15528 0.0045871558
10409 0.0045871558
18858 0.0045871558
2731 0.0045871558
13485 0.0045871558
7090 0.0045871558
8371 0.0045871558
14515 0.0045871558
20405 0.0091743115
2231 0.0045871558
15034 0.0091743115
6588 0.0045871558
3262 0.0045871558
9918 0.0045871558
10691 0.0045871558
19395 0.0045871558
9413 0.0091743115
16582 0.0045871558
21194 0.0045871558
18378 0.018348623
4556 0.03211009
6862 0.0045871558
11215 0.0045871558
1488 0.0045871558
13521 0.0045871558
10451 0.0091743115
7892 0.0045871558
20696 0.0045871558
13532 0.0045871558
4319 0.0045871558
19683 0.0045871558
6116 0.0045871558
16871 0.0045871558
11241 0.0091743115
3306 0.0045871558
18410 0.013761468
14061 0.0091743115
18414 0.0045871558
19696 0.0045871558
241 0.0045871558
7160 0.0045871558
11512 0.050458714
2041 0.0045871558
20217 0.0091743115
12283 0.0045871558
8444 0.0045871558
6654 0.0091743115
5631 0.0045871558
6143 0.0091743115
