7680 0.004
8193 0.004
15875 0.004
9988 0.004
8709 0.004
10246 0.008
10767 0.008
20496 0.004
22035 0.004
20501 0.004
12053 0.004
19736 0.024
4635 0.012
15900 0.004
9250 0.004
1060 0.004
298 0.004
13613 0.004
8237 0.008
10546 0.008
21558 0.004
7479 0.004
311 0.004
14394 0.004
8250 0.004
14650 0.008
1851 0.004
11327 0.012
18239 0.02
1858 0.008
3907 0.008
10821 0.008
4934 0.004
18758 0.008
12871 0.004
8263 0.008
18251 0.028
14158 0.008
9810 0.004
3922 0.004
21076 0.004
21588 0.008
20571 0.004
15967 0.004
13919 0.012
16481 0.004
21345 0.008
10083 0.004
2662 0.008
5990 0.008
15209 0.008
14442 0.004
8811 0.004
21872 0.004
11635 0.016
884 0.004
19581 0.024
21632 0.004
5760 0.004
6021 0.004
9862 0.008
16520 0.004
17294 0.004
10895 0.004
8592 0.004
20624 0.004
10897 0.02
2450 0.004
11672 0.004
15257 0.004
11932 0.008
3745 0.004
15011 0.004
2731 0.004
17324 0.004
8368 0.064
17329 0.004
6836 0.004
10677 0.004
20405 0.012
20150 0.004
22208 0.004
4290 0.004
3268 0.004
7110 0.008
12486 0.016
16582 0.032
19917 0.004
14798 0.004
11215 0.004
9935 0.008
1488 0.004
13521 0.004
18385 0.004
13778 0.004
10451 0.04
9685 0.004
20696 0.036
1241 0.004
7897 0.008
21465 0.012
4319 0.008
5859 0.008
6116 0.004
6886 0.004
8422 0.004
7654 0.004
7914 0.012
1006 0.012
21487 0.012
12016 0.004
11504 0.004
20723 0.004
13044 0.004
13556 0.008
15606 0.008
11512 0.08
20217 0.004
18170 0.004
3323 0.004
22268 0.004
