8193 0.0054054055
3842 0.0027027028
15875 0.0027027028
4100 0.0027027028
9988 0.0027027028
5380 0.010810811
5893 0.021621622
10246 0.0054054055
17415 0.008108108
9226 0.0027027028
12557 0.008108108
3092 0.0027027028
13844 0.0027027028
10005 0.0027027028
22294 0.0027027028
19736 0.018918918
4635 0.024324324
10780 0.0027027028
15900 0.0027027028
13343 0.0027027028
9250 0.0054054055
38 0.0027027028
10025 0.0027027028
21291 0.0027027028
18731 0.008108108
13613 0.010810811
4656 0.0027027028
14129 0.008108108
20020 0.0027027028
14650 0.0054054055
11327 0.008108108
18239 0.013513514
13379 0.0027027028
8259 0.0027027028
12871 0.0027027028
8775 0.0027027028
2119 0.0054054055
8263 0.008108108
18251 0.0027027028
16717 0.0054054055
14158 0.0027027028
18263 0.18108109
11611 0.0027027028
13659 0.0054054055
9310 0.0027027028
16736 0.016216217
16481 0.0027027028
21345 0.0027027028
10083 0.0027027028
20579 0.0027027028
14691 0.0054054055
2662 0.0054054055
6759 0.0027027028
18538 0.0027027028
14443 0.0027027028
8811 0.0054054055
10605 0.0027027028
109 0.0027027028
7022 0.0027027028
9839 0.0027027028
21872 0.0054054055
11635 0.0054054055
884 0.0054054055
21621 0.0054054055
19062 0.0027027028
15484 0.0027027028
19581 0.010810811
21632 0.0027027028
11905 0.0027027028
10115 0.0027027028
8836 0.0027027028
16773 0.0027027028
11141 0.008108108
18566 0.0027027028
6286 0.0027027028
17294 0.008108108
20367 0.0027027028
20624 0.0054054055
6032 0.013513514
10897 0.021621622
9362 0.0027027028
7830 0.0054054055
8343 0.013513514
13464 0.0027027028
10651 0.0027027028
21403 0.0054054055
925 0.0027027028
3745 0.0027027028
3489 0.0027027028
18340 0.0027027028
10409 0.0027027028
15529 0.0027027028
1195 0.0027027028
6828 0.0027027028
10412 0.0027027028
17329 0.0027027028
7090 0.010810811
20405 0.008108108
20150 0.0027027028
8890 0.0027027028
6588 0.0027027028
16064 0.0054054055
9666 0.0027027028
10691 0.0054054055
16582 0.018918918
10184 0.0054054055
1737 0.0027027028
13260 0.016216217
19917 0.0054054055
12495 0.0027027028
21968 0.0027027028
14288 0.013513514
13521 0.0027027028
1746 0.0054054055
10451 0.035135135
20437 0.0054054055
3288 0.0027027028
20696 0.018918918
1241 0.0027027028
1754 0.0054054055
731 0.0027027028
4574 0.0027027028
4319 0.0027027028
20959 0.0054054055
18914 0.0027027028
6116 0.0027027028
5861 0.0027027028
5349 0.0027027028
14314 0.010810811
20203 0.0027027028
14060 0.010810811
16621 0.0027027028
1006 0.013513514
18414 0.016216217
20723 0.0054054055
12020 0.0027027028
18677 0.0027027028
15606 0.0027027028
11512 0.02972973
6143 0.016216217
