19712 0.006369427
15362 0.0031847134
15875 0.0031847134
4100 0.0031847134
5893 0.015923567
17415 0.006369427
4617 0.0031847134
10763 0.006369427
16396 0.0031847134
5646 0.006369427
13592 0.012738854
4635 0.01910828
14365 0.0031847134
13343 0.0031847134
3104 0.006369427
9250 0.006369427
12325 0.0031847134
21541 0.0031847134
5930 0.0031847134
18731 0.0031847134
10284 0.012738854
13613 0.0031847134
22067 0.0031847134
7479 0.0031847134
14650 0.025477707
18239 0.012738854
19779 0.0031847134
13891 0.006369427
21317 0.0031847134
10821 0.006369427
4934 0.0031847134
12871 0.0031847134
8263 0.0031847134
1607 0.00955414
4169 0.0031847134
18251 0.03821656
20813 0.0031847134
12109 0.025477707
11598 0.0031847134
8274 0.0031847134
4438 0.0031847134
18263 0.00955414
19034 0.006369427
15196 0.0031847134
4960 0.0031847134
16481 0.0031847134
12646 0.0031847134
2662 0.0031847134
3430 0.00955414
4714 0.015923567
6509 0.0031847134
18797 0.006369427
2674 0.0031847134
19570 0.02866242
5235 0.0031847134
884 0.0031847134
7031 0.0031847134
12664 0.0031847134
11644 0.0031847134
8573 0.006369427
19581 0.035031848
21632 0.0031847134
16003 0.035031848
11141 0.006369427
16520 0.0031847134
10125 0.0031847134
18064 0.006369427
17553 0.0031847134
10897 0.012738854
20886 0.0031847134
13463 0.0031847134
8855 0.0031847134
8343 0.00955414
8090 0.0031847134
11932 0.006369427
13983 0.0031847134
3745 0.006369427
8355 0.0031847134
19886 0.00955414
7087 0.0031847134
14514 0.00955414
20405 0.05732484
12470 0.0031847134
18872 0.0031847134
3268 0.0031847134
16582 0.0031847134
2758 0.0031847134
716 0.0031847134
1488 0.0031847134
13521 0.0031847134
977 0.0031847134
12498 0.0031847134
18387 0.0031847134
10451 0.025477707
16599 0.006369427
3288 0.006369427
20696 0.03821656
217 0.00955414
15323 0.00955414
5083 0.03821656
16605 0.0031847134
4319 0.035031848
13538 0.0031847134
20451 0.0031847134
8163 0.0031847134
5859 0.006369427
6116 0.0031847134
7914 0.0031847134
1006 0.0031847134
8175 0.0031847134
2292 0.0031847134
22005 0.0031847134
7669 0.0031847134
2550 0.0031847134
7160 0.0031847134
11512 0.08598726
2041 0.0031847134
5631 0.0031847134
6143 0.006369427
