15875 0.0028571428
8709 0.0057142857
5893 0.008571428
10246 0.0057142857
3339 0.0028571428
10763 0.011428571
16396 0.0028571428
13326 0.0028571428
10767 0.011428571
8208 0.0028571428
275 0.0057142857
8468 0.008571428
19736 0.028571429
13855 0.0028571428
6688 0.0028571428
18208 0.0028571428
9250 0.0028571428
6435 0.0028571428
18979 0.011428571
4903 0.0057142857
16426 0.0028571428
13610 0.0028571428
18731 0.0028571428
4141 0.0057142857
22064 0.057142857
10546 0.0057142857
15413 0.0028571428
21558 0.0028571428
14903 0.0028571428
20792 0.0028571428
14650 0.0028571428
12346 0.0028571428
15934 0.0028571428
3390 0.0028571428
7486 0.0028571428
18239 0.008571428
11327 0.017142856
1858 0.011428571
10821 0.017142856
8262 0.0028571428
2119 0.0028571428
12871 0.0057142857
8263 0.008571428
18251 0.0028571428
16717 0.0028571428
3922 0.0028571428
9810 0.008571428
6995 0.0028571428
20821 0.0028571428
853 0.0028571428
16981 0.0028571428
18263 0.0028571428
2393 0.0028571428
13659 0.0057142857
8795 0.0057142857
15196 0.022857143
9053 0.0057142857
8797 0.0057142857
9310 0.0028571428
18015 0.0028571428
16736 0.0028571428
16481 0.0028571428
20579 0.0028571428
2915 0.0028571428
13929 0.0028571428
6509 0.0057142857
3950 0.0028571428
21872 0.0028571428
5235 0.0028571428
11635 0.014285714
884 0.017142856
20085 0.0028571428
21621 0.0057142857
19062 0.0028571428
19581 0.008571428
1150 0.0028571428
21632 0.0028571428
17029 0.011428571
18054 0.0028571428
9862 0.0057142857
16520 0.0028571428
15496 0.0028571428
11659 0.0028571428
17294 0.0028571428
20367 0.0057142857
6032 0.008571428
400 0.011428571
10897 0.008571428
150 0.0028571428
4758 0.0028571428
20886 0.0028571428
8343 0.008571428
13466 0.0028571428
11932 0.0028571428
11425 0.0028571428
8097 0.0057142857
3745 0.008571428
6819 0.0028571428
21667 0.0028571428
15528 0.0028571428
4526 0.0028571428
18352 0.0028571428
12208 0.03142857
3762 0.0028571428
14514 0.011428571
8371 0.0028571428
9651 0.0028571428
9139 0.0028571428
20405 0.014285714
12215 0.0028571428
12734 0.0028571428
18623 0.0057142857
16064 0.0028571428
5825 0.011428571
9666 0.02
16582 0.0057142857
2758 0.008571428
3530 0.0028571428
21194 0.0028571428
13259 0.0028571428
13260 0.0028571428
716 0.0028571428
8398 0.0028571428
16847 0.0028571428
13521 0.0028571428
10451 0.037142858
20437 0.0057142857
3543 0.0028571428
20696 0.0057142857
1241 0.0028571428
21465 0.0057142857
11482 0.0028571428
1754 0.0057142857
15323 0.0028571428
5083 0.017142856
13532 0.0028571428
4573 0.0028571428
16605 0.0028571428
12765 0.011428571
16094 0.008571428
9951 0.0028571428
6623 0.0028571428
4319 0.0028571428
20704 0.011428571
19426 0.0028571428
8163 0.0028571428
20453 0.0028571428
8422 0.0028571428
6886 0.0057142857
16871 0.0028571428
20203 0.0028571428
1006 0.011428571
18159 0.0028571428
496 0.0028571428
12016 0.0028571428
8433 0.0028571428
20723 0.0028571428
19188 0.0028571428
12020 0.0028571428
22005 0.0028571428
18677 0.0028571428
17653 0.0028571428
11512 0.04
15610 0.0028571428
16892 0.0028571428
5631 0.0028571428
