21632 0.0067114094
2305 0.0067114094
15875 0.0067114094
5893 0.0067114094
16390 0.0067114094
10246 0.0067114094
15629 0.0067114094
17294 0.013422819
11151 0.0067114094
10767 0.0067114094
10896 0.0067114094
10897 0.020134227
8342 0.0067114094
4758 0.0067114094
8343 0.0067114094
19736 0.013422819
2204 0.0067114094
11932 0.0067114094
5149 0.0067114094
3745 0.0067114094
11298 0.0067114094
13090 0.0067114094
9250 0.013422819
9892 0.0067114094
6444 0.0067114094
1072 0.013422819
14514 0.0067114094
7090 0.026845638
9139 0.060402684
21044 0.0067114094
21813 0.0067114094
20405 0.026845638
14650 0.0067114094
3522 0.0067114094
14788 0.0067114094
10821 0.060402684
16582 0.0067114094
12871 0.013422819
18378 0.0067114094
18251 0.0067114094
13260 0.033557046
1488 0.0067114094
13521 0.0067114094
10451 0.046979867
21972 0.0067114094
7124 0.0067114094
18134 0.013422819
16599 0.0067114094
18263 0.026845638
8408 0.0067114094
16984 0.0067114094
20696 0.060402684
13532 0.0067114094
16605 0.0067114094
8797 0.0067114094
9310 0.0067114094
4319 0.0067114094
16481 0.0067114094
10083 0.013422819
6116 0.013422819
20453 0.013422819
8422 0.0067114094
11241 0.026845638
14314 0.0067114094
14829 0.0067114094
1006 0.026845638
21872 0.0067114094
3058 0.053691275
20723 0.0067114094
15608 0.0067114094
11512 0.046979867
2041 0.0067114094
22268 0.0067114094
8573 0.0067114094
19581 0.013422819
