8193 0.017441861
15875 0.0029069767
5892 0.0029069767
8709 0.0058139535
5893 0.02616279
2566 0.0029069767
10246 0.008720931
5385 0.0029069767
7434 0.0029069767
2061 0.0029069767
15629 0.0029069767
10767 0.0058139535
19736 0.011627907
4635 0.031976745
5149 0.020348838
2335 0.0029069767
16160 0.0029069767
9250 0.0029069767
21541 0.0029069767
38 0.0029069767
6952 0.0058139535
13097 0.0029069767
13610 0.0029069767
6444 0.0029069767
13613 0.0029069767
1072 0.0029069767
11827 0.0058139535
20020 0.0029069767
21559 0.008720931
18239 0.0029069767
11327 0.011627907
19779 0.0029069767
10821 0.0058139535
12871 0.0029069767
2119 0.0029069767
18251 0.0029069767
16717 0.014534884
19034 0.0029069767
13659 0.0029069767
3419 0.0029069767
16481 0.0058139535
21345 0.008720931
7265 0.037790697
8561 0.0029069767
15475 0.0029069767
11635 0.0058139535
884 0.0058139535
21621 0.0029069767
18038 0.0029069767
16503 0.0029069767
14455 0.0029069767
19581 0.020348838
21632 0.0029069767
13186 0.0029069767
2690 0.0029069767
16003 0.058139537
9862 0.0058139535
3464 0.0029069767
11151 0.0029069767
8592 0.0029069767
10897 0.017441861
13714 0.008720931
20627 0.0029069767
16533 0.0029069767
8343 0.023255814
10651 0.0029069767
18081 0.0029069767
3745 0.017441861
12710 0.034883723
18088 0.0029069767
2731 0.0058139535
14514 0.0058139535
1716 0.0029069767
20405 0.031976745
22198 0.0029069767
19126 0.0029069767
4285 0.0029069767
5825 0.0029069767
14788 0.023255814
19397 0.0029069767
16582 0.0029069767
21446 0.0029069767
14022 0.0029069767
2758 0.0058139535
1224 0.0058139535
716 0.0029069767
718 0.0029069767
13521 0.0029069767
14801 0.0058139535
10451 0.02616279
5077 0.0058139535
18390 0.0029069767
20438 0.0029069767
20696 0.011627907
21465 0.0029069767
4570 0.0029069767
731 0.0029069767
2269 0.0029069767
12765 0.011627907
12255 0.0029069767
4319 0.0029069767
9954 0.0029069767
19683 0.0029069767
20453 0.0029069767
5349 0.0029069767
1254 0.07848837
16871 0.0029069767
10983 0.0029069767
20203 0.008720931
1262 0.0029069767
1006 0.0058139535
21487 0.0058139535
11504 0.0058139535
10993 0.0029069767
18162 0.0029069767
2292 0.0058139535
22262 0.0029069767
11512 0.10174418
8953 0.0029069767
5631 0.0029069767
