8194 0.00729927
15875 0.003649635
5892 0.003649635
8709 0.003649635
19461 0.003649635
5893 0.025547445
10246 0.003649635
17415 0.010948905
16396 0.010948905
13581 0.003649635
15629 0.003649635
10767 0.00729927
15120 0.003649635
21265 0.003649635
13586 0.003649635
18452 0.003649635
7189 0.003649635
1302 0.00729927
22294 0.00729927
2845 0.003649635
18208 0.00729927
9250 0.00729927
14884 0.003649635
12325 0.003649635
21541 0.010948905
38 0.003649635
2854 0.003649635
550 0.010948905
4903 0.003649635
4647 0.003649635
17196 0.003649635
15662 0.003649635
7474 0.003649635
13621 0.003649635
5943 0.003649635
5688 0.003649635
1594 0.003649635
14650 0.018248174
18239 0.00729927
10821 0.00729927
18758 0.010948905
12871 0.003649635
8263 0.003649635
4169 0.003649635
15177 0.003649635
15945 0.00729927
18251 0.003649635
10065 0.003649635
337 0.00729927
6738 0.003649635
7766 0.003649635
11350 0.018248174
18263 0.00729927
4440 0.003649635
13659 0.003649635
13919 0.003649635
6239 0.00729927
16736 0.00729927
16481 0.003649635
20579 0.003649635
3430 0.00729927
2662 0.00729927
8297 0.003649635
14443 0.003649635
10094 0.003649635
5236 0.003649635
884 0.00729927
19062 0.003649635
5501 0.003649635
19581 0.018248174
21632 0.003649635
13186 0.003649635
11141 0.003649635
9862 0.00729927
13448 0.003649635
5258 0.003649635
22154 0.003649635
6286 0.00729927
11151 0.003649635
9361 0.003649635
17553 0.003649635
10897 0.00729927
13973 0.003649635
150 0.003649635
8343 0.00729927
16024 0.003649635
8090 0.003649635
5019 0.003649635
21403 0.003649635
11932 0.01459854
2204 0.018248174
18077 0.003649635
4510 0.00729927
3745 0.010948905
8097 0.01459854
17573 0.003649635
15528 0.003649635
5801 0.003649635
6828 0.00729927
17329 0.003649635
7090 0.003649635
9139 0.00729927
9397 0.003649635
20405 0.010948905
19126 0.003649635
17595 0.003649635
6336 0.003649635
16064 0.00729927
14273 0.003649635
4290 0.003649635
10691 0.00729927
16582 0.003649635
17355 0.00729927
1488 0.003649635
13521 0.003649635
5585 0.003649635
10451 0.076642334
18134 0.003649635
3288 0.02189781
20696 0.05109489
5849 0.01459854
13532 0.003649635
4319 0.003649635
5859 0.00729927
3300 0.00729927
20453 0.003649635
5861 0.003649635
8422 0.00729927
6886 0.010948905
2791 0.003649635
14829 0.00729927
1006 0.010948905
12016 0.018248174
241 0.003649635
13044 0.003649635
15348 0.00729927
17653 0.003649635
9463 0.003649635
11512 0.03649635
18938 0.003649635
22270 0.00729927
5631 0.003649635
