7680 0.002915452
15875 0.002915452
5892 0.002915452
5893 0.014577259
10246 0.002915452
16646 0.002915452
20231 0.002915452
17415 0.002915452
16396 0.002915452
5900 0.014577259
10767 0.002915452
5903 0.005830904
15889 0.002915452
2323 0.002915452
2836 0.002915452
13844 0.008746356
19736 0.005830904
20504 0.002915452
4635 0.014577259
15900 0.002915452
12830 0.002915452
12321 0.002915452
13345 0.008746356
11298 0.008746356
9250 0.014577259
6435 0.002915452
20516 0.005830904
4903 0.002915452
10025 0.002915452
298 0.002915452
13610 0.002915452
10284 0.029154519
13613 0.002915452
22064 0.011661808
8497 0.011661808
4658 0.002915452
12084 0.002915452
14903 0.002915452
14650 0.002915452
22078 0.002915452
18239 0.008746356
319 0.011661808
11327 0.011661808
12097 0.020408163
10821 0.002915452
18758 0.002915452
12871 0.002915452
8263 0.005830904
4169 0.002915452
11595 0.002915452
18251 0.020408163
20556 0.002915452
12365 0.005830904
7246 0.002915452
10065 0.002915452
9810 0.002915452
4440 0.002915452
1376 0.002915452
16736 0.002915452
13664 0.005830904
16481 0.002915452
21345 0.002915452
7265 0.005830904
9313 0.005830904
8545 0.011661808
12130 0.002915452
20579 0.005830904
15975 0.002915452
15465 0.002915452
4714 0.014577259
17262 0.002915452
5235 0.002915452
884 0.002915452
12918 0.014577259
15484 0.002915452
19581 0.034985423
3455 0.002915452
21632 0.002915452
2690 0.002915452
7299 0.002915452
16003 0.008746356
8070 0.005830904
9862 0.017492712
16520 0.002915452
3466 0.005830904
10380 0.002915452
1166 0.002915452
3982 0.002915452
7567 0.002915452
17553 0.002915452
10897 0.020408163
18834 0.005830904
18836 0.002915452
12180 0.002915452
150 0.005830904
8342 0.011661808
7830 0.026239067
8343 0.014577259
21401 0.002915452
6045 0.002915452
5022 0.005830904
3745 0.008746356
18340 0.002915452
20648 0.002915452
1192 0.002915452
11690 0.002915452
2731 0.008746356
14000 0.002915452
8368 0.020408163
9393 0.002915452
17842 0.002915452
3762 0.002915452
8371 0.008746356
1716 0.002915452
20405 0.020408163
19126 0.005830904
18872 0.008746356
5821 0.005830904
12734 0.002915452
3522 0.011661808
10691 0.002915452
3524 0.005830904
16582 0.002915452
2758 0.014577259
12745 0.002915452
20942 0.002915452
13521 0.002915452
1747 0.002915452
10451 0.023323616
2006 0.002915452
18391 0.002915452
20696 0.002915452
14300 0.002915452
6623 0.008746356
4319 0.020408163
20450 0.002915452
20706 0.002915452
6116 0.002915452
3300 0.005830904
5349 0.005830904
20453 0.011661808
9449 0.002915452
1006 0.008746356
8175 0.002915452
18159 0.005830904
12016 0.002915452
2288 0.002915452
241 0.008746356
20723 0.002915452
13813 0.002915452
4086 0.002915452
21752 0.002915452
11512 0.020408163
18426 0.002915452
9979 0.002915452
3323 0.005830904
14587 0.005830904
10492 0.002915452
4351 0.002915452
