2048 0.0036231885
15875 0.0036231885
9988 0.025362318
8709 0.007246377
5893 0.032608695
10246 0.007246377
17415 0.0036231885
9227 0.0036231885
15629 0.010869565
15886 0.0036231885
20750 0.007246377
10767 0.007246377
19216 0.0036231885
22294 0.018115941
13847 0.0036231885
19736 0.010869565
4635 0.014492754
9250 0.010869565
7460 0.0036231885
13350 0.007246377
4647 0.007246377
8237 0.0036231885
13613 0.010869565
15662 0.0036231885
19250 0.0036231885
6450 0.0036231885
22067 0.0036231885
21044 0.0036231885
311 0.0036231885
14650 0.007246377
14140 0.010869565
20542 0.0036231885
18239 0.0036231885
11327 0.007246377
11073 0.0036231885
8260 0.0036231885
8263 0.0036231885
2119 0.0036231885
12871 0.010869565
18251 0.007246377
20813 0.0036231885
18263 0.014492754
18010 0.0036231885
9310 0.0036231885
1376 0.007246377
16736 0.014492754
16481 0.0036231885
865 0.0036231885
21345 0.007246377
2915 0.0036231885
3430 0.014492754
9065 0.0036231885
14189 0.0036231885
21872 0.010869565
11635 0.0036231885
884 0.007246377
5237 0.0036231885
19062 0.0036231885
7291 0.007246377
19581 0.007246377
21632 0.0036231885
7808 0.0036231885
1922 0.010869565
19331 0.0036231885
5253 0.0036231885
9862 0.0036231885
18827 0.0036231885
6032 0.0036231885
20624 0.025362318
10897 0.007246377
8855 0.007246377
8343 0.007246377
19865 0.0036231885
21401 0.010869565
13722 0.0036231885
11932 0.010869565
4510 0.010869565
17824 0.0036231885
3745 0.018115941
20648 0.014492754
10409 0.010869565
12205 0.0036231885
7599 0.0036231885
7090 0.039855074
20405 0.014492754
2998 0.0036231885
8890 0.0036231885
21696 0.0036231885
14273 0.007246377
16582 0.007246377
2758 0.007246377
13255 0.0036231885
18378 0.0036231885
8140 0.0036231885
2765 0.010869565
20941 0.010869565
20176 0.0036231885
13521 0.0036231885
5585 0.007246377
10451 0.032608695
20437 0.0036231885
20696 0.061594203
6364 0.0036231885
4573 0.0036231885
20959 0.0036231885
4319 0.007246377
2785 0.0036231885
8163 0.0036231885
6116 0.0036231885
20968 0.007246377
11241 0.0036231885
14314 0.0036231885
13548 0.0036231885
14060 0.032608695
1261 0.010869565
1006 0.0036231885
21231 0.0036231885
241 0.0036231885
20723 0.0036231885
22261 0.0036231885
11512 0.039855074
20217 0.0036231885
22270 0.0036231885
5631 0.007246377
