7680 0.006849315
8194 0.0034246575
15875 0.0034246575
5892 0.0034246575
5893 0.0034246575
10246 0.0034246575
4617 0.0034246575
3339 0.0034246575
9227 0.051369864
8208 0.0034246575
19216 0.006849315
2836 0.0034246575
13844 0.0034246575
8468 0.006849315
278 0.0034246575
19736 0.0102739725
1306 0.0034246575
4635 0.006849315
11298 0.0034246575
3619 0.006849315
4903 0.006849315
3115 0.0034246575
7725 0.0034246575
13613 0.0034246575
4141 0.020547945
4911 0.0034246575
22064 0.0102739725
4658 0.0034246575
14903 0.0034246575
14650 0.006849315
13883 0.0034246575
12603 0.0034246575
13884 0.006849315
18239 0.0034246575
11327 0.006849315
5696 0.006849315
14145 0.0034246575
1858 0.006849315
10821 0.0102739725
18758 0.0034246575
18246 0.0034246575
12871 0.0034246575
8263 0.006849315
18251 0.0034246575
12875 0.0034246575
20556 0.0034246575
11598 0.0034246575
21841 0.0034246575
9810 0.006849315
18263 0.0034246575
8791 0.0034246575
16471 0.0034246575
13659 0.0034246575
9053 0.1369863
9310 0.0034246575
6239 0.0034246575
18528 0.0034246575
16736 0.0102739725
16481 0.0034246575
10083 0.0034246575
3430 0.0034246575
10094 0.0034246575
11635 0.006849315
884 0.0102739725
19062 0.0034246575
19581 0.006849315
18558 0.0034246575
5246 0.006849315
21632 0.0034246575
18304 0.0034246575
2690 0.0034246575
17029 0.020547945
8070 0.0034246575
9862 0.0034246575
18060 0.0034246575
17294 0.0034246575
7567 0.006849315
6032 0.0102739725
10897 0.006849315
17298 0.0034246575
16534 0.0034246575
8342 0.0102739725
8343 0.017123288
19865 0.0034246575
13210 0.0034246575
3745 0.006849315
8355 0.0034246575
19109 0.0034246575
10409 0.0034246575
2731 0.0034246575
8368 0.006849315
14514 0.0034246575
3762 0.006849315
8371 0.0034246575
20405 0.02739726
15034 0.0034246575
4538 0.0034246575
6588 0.0034246575
5825 0.01369863
9666 0.0034246575
10691 0.0034246575
6853 0.0034246575
9157 0.0034246575
16582 0.006849315
2758 0.006849315
716 0.0102739725
19917 0.0034246575
462 0.0034246575
12495 0.0034246575
13521 0.0034246575
10451 0.037671234
11734 0.0034246575
20696 0.0034246575
3288 0.0034246575
20959 0.0034246575
4319 0.0034246575
5859 0.0034246575
6116 0.0102739725
5349 0.0034246575
6886 0.01369863
2791 0.0034246575
15080 0.0034246575
14060 0.0034246575
1006 0.020547945
8176 0.0034246575
11249 0.0034246575
20723 0.006849315
19188 0.0034246575
1524 0.0034246575
2292 0.0034246575
18677 0.0034246575
17653 0.0034246575
15606 0.0034246575
11512 0.05821918
10492 0.006849315
4606 0.0034246575
6143 0.006849315
