15875 0.0050251256
7683 0.0050251256
10499 0.010050251
11012 0.0050251256
5893 0.015075377
16390 0.025125628
7434 0.0050251256
10763 0.0050251256
15374 0.0050251256
17935 0.0050251256
10767 0.010050251
15377 0.0050251256
13843 0.0050251256
16404 0.0050251256
19736 0.010050251
21786 0.015075377
15645 0.0050251256
21278 0.0050251256
6687 0.0050251256
9250 0.0050251256
10789 0.025125628
10280 0.0050251256
13097 0.0050251256
2602 0.0050251256
1324 0.0050251256
10546 0.0050251256
19250 0.010050251
13878 0.0050251256
7479 0.010050251
14650 0.010050251
15934 0.0050251256
18239 0.0050251256
17983 0.0050251256
11327 0.010050251
1858 0.0050251256
7747 0.0050251256
18758 0.010050251
12871 0.0050251256
14153 0.0050251256
18251 0.0050251256
8267 0.010050251
16717 0.010050251
18263 0.0050251256
14173 0.0050251256
9310 0.0050251256
13919 0.010050251
16481 0.010050251
21345 0.010050251
20579 0.0050251256
2915 0.0050251256
3430 0.0050251256
13160 0.0050251256
14442 0.0050251256
874 0.0050251256
18800 0.0050251256
21872 0.010050251
11635 0.06532663
884 0.015075377
21621 0.0050251256
19062 0.010050251
19581 0.020100502
21632 0.0050251256
2690 0.0050251256
11653 0.0050251256
9862 0.010050251
8839 0.0050251256
19082 0.0050251256
17294 0.0050251256
13966 0.010050251
11151 0.0050251256
8592 0.0050251256
10897 0.010050251
9361 0.010050251
20883 0.0050251256
8342 0.0050251256
8343 0.0050251256
19356 0.025125628
3745 0.0050251256
8097 0.0050251256
8355 0.0050251256
9642 0.010050251
2731 0.0050251256
6828 0.0050251256
19886 0.0050251256
21679 0.0050251256
8111 0.010050251
10417 0.010050251
20402 0.0050251256
8371 0.0050251256
10677 0.0050251256
20405 0.010050251
1462 0.0050251256
3262 0.020100502
14533 0.0050251256
16582 0.0050251256
1482 0.0050251256
19917 0.0050251256
13521 0.0050251256
10451 0.020100502
11221 0.0050251256
11734 0.0050251256
3288 0.010050251
3293 0.0050251256
20959 0.0050251256
4319 0.0050251256
6116 0.0050251256
8422 0.0050251256
1001 0.0050251256
14314 0.0050251256
14060 0.015075377
1261 0.0050251256
15854 0.0050251256
1006 0.020100502
20723 0.010050251
14839 0.010050251
11512 0.06030151
20217 0.0050251256
5631 0.0050251256
