15875 0.003773585
5892 0.00754717
5893 0.02264151
10246 0.011320755
16390 0.071698114
15625 0.00754717
7179 0.011320755
10767 0.003773585
5396 0.00754717
19736 0.01509434
4635 0.011320755
16669 0.00754717
9250 0.00754717
10025 0.003773585
298 0.003773585
13613 0.00754717
14127 0.003773585
19249 0.003773585
19250 0.00754717
8243 0.00754717
14903 0.00754717
7736 0.003773585
14650 0.01509434
12095 0.003773585
11327 0.003773585
18239 0.00754717
11073 0.003773585
18501 0.003773585
10821 0.00754717
12614 0.003773585
326 0.003773585
18758 0.003773585
4934 0.003773585
12871 0.003773585
2119 0.003773585
14153 0.003773585
12873 0.003773585
18251 0.011320755
16717 0.00754717
11598 0.003773585
9810 0.00754717
7252 0.00754717
20821 0.003773585
18263 0.00754717
20571 0.003773585
13659 0.003773585
5979 0.00754717
8797 0.003773585
19805 0.003773585
9310 0.003773585
6239 0.003773585
16481 0.011320755
13921 0.011320755
10083 0.003773585
20579 0.00754717
19813 0.003773585
2662 0.003773585
15209 0.003773585
16495 0.003773585
5231 0.003773585
21872 0.00754717
13426 0.003773585
11635 0.03018868
884 0.011320755
13685 0.003773585
12664 0.003773585
8573 0.003773585
19581 0.02264151
21632 0.003773585
16773 0.003773585
8070 0.003773585
9862 0.011320755
3982 0.003773585
17294 0.003773585
10896 0.003773585
6032 0.003773585
8592 0.00754717
9361 0.003773585
10897 0.011320755
4499 0.003773585
8342 0.003773585
150 0.00754717
8855 0.011320755
21401 0.003773585
3745 0.003773585
7333 0.003773585
2731 0.00754717
21166 0.003773585
8111 0.003773585
17329 0.003773585
20405 0.033962265
12734 0.003773585
22210 0.003773585
10691 0.011320755
1221 0.003773585
16582 0.003773585
2758 0.003773585
7110 0.011320755
20167 0.003773585
6862 0.003773585
10702 0.003773585
1488 0.003773585
13521 0.003773585
10451 0.04528302
9685 0.003773585
20696 0.041509435
6116 0.00754717
5349 0.003773585
20453 0.00754717
8422 0.011320755
11241 0.003773585
7914 0.00754717
14060 0.011320755
1006 0.003773585
21487 0.003773585
12016 0.003773585
20723 0.003773585
2292 0.003773585
7669 0.003773585
11512 0.049056605
14074 0.02264151
3323 0.01509434
3581 0.003773585
