20480 0.0040983604
512 0.0040983604
15875 0.0040983604
5893 0.0040983604
8709 0.0040983604
16390 0.0040983604
10246 0.0040983604
20231 0.040983606
10763 0.0040983604
16396 0.008196721
19216 0.0040983604
22035 0.008196721
13844 0.0040983604
19736 0.012295082
4635 0.020491803
5149 0.0040983604
9250 0.0040983604
1571 0.0040983604
14891 0.0040983604
1837 0.0040983604
2349 0.0040983604
13613 0.008196721
22064 0.008196721
11825 0.0040983604
10546 0.0040983604
22067 0.0040983604
20020 0.0040983604
9270 0.0040983604
15158 0.0040983604
14903 0.0040983604
14650 0.008196721
11327 0.0040983604
18239 0.028688524
8000 0.0040983604
1858 0.0040983604
10821 0.024590164
12871 0.0040983604
2119 0.0040983604
6215 0.012295082
8263 0.016393442
18251 0.0040983604
9810 0.0040983604
20309 0.0040983604
15446 0.0040983604
11350 0.012295082
18263 0.0040983604
2393 0.012295082
20571 0.0040983604
19548 0.0040983604
9310 0.012295082
16481 0.0040983604
9057 0.0040983604
10083 0.0040983604
20579 0.0040983604
1125 0.008196721
2662 0.0040983604
3430 0.008196721
6509 0.0040983604
17265 0.0040983604
13426 0.0040983604
11635 0.016393442
884 0.0040983604
19062 0.0040983604
3964 0.0040983604
19581 0.008196721
21632 0.0040983604
2690 0.0040983604
17029 0.0040983604
8070 0.0040983604
9862 0.012295082
8583 0.0040983604
16520 0.0040983604
18059 0.0040983604
3982 0.008196721
10896 0.0040983604
8592 0.0040983604
6032 0.0040983604
18064 0.008196721
10897 0.012295082
8342 0.008196721
8343 0.008196721
11932 0.008196721
671 0.0040983604
3745 0.0040983604
1697 0.0040983604
18851 0.008196721
9892 0.0040983604
12710 0.0040983604
14254 0.0040983604
21679 0.016393442
8371 0.0040983604
10933 0.0040983604
20405 0.020491803
20150 0.0040983604
21432 0.020491803
18623 0.008196721
5825 0.0040983604
9666 0.0040983604
16582 0.0040983604
2758 0.0040983604
16841 0.0040983604
13260 0.028688524
3278 0.0040983604
13521 0.0040983604
10451 0.045081966
20437 0.0040983604
20696 0.0040983604
1241 0.0040983604
7642 0.0040983604
15323 0.0040983604
13532 0.0040983604
4319 0.0040983604
8163 0.0040983604
6116 0.008196721
1254 0.0040983604
742 0.0040983604
8422 0.008196721
4329 0.008196721
7914 0.0040983604
18410 0.008196721
14060 0.0040983604
18414 0.016393442
1006 0.016393442
8433 0.0040983604
3058 0.0040983604
20723 0.0040983604
12020 0.0040983604
13044 0.0040983604
1524 0.0040983604
9973 0.0040983604
5623 0.0040983604
11512 0.04918033
5625 0.0040983604
20217 0.0040983604
6143 0.012295082
