7680 0.002202643
1024 0.004405286
8193 0.004405286
8194 0.004405286
8709 0.002202643
1030 0.002202643
13318 0.002202643
10246 0.0066079297
16390 0.008810572
9735 0.004405286
17415 0.004405286
4617 0.002202643
10767 0.002202643
4111 0.002202643
15889 0.002202643
4635 0.011013215
10780 0.002202643
540 0.002202643
5149 0.002202643
13345 0.004405286
9250 0.011013215
20516 0.002202643
4658 0.002202643
563 0.002202643
21558 0.002202643
13883 0.002202643
3645 0.0066079297
8254 0.002202643
11327 0.008810572
10817 0.002202643
12871 0.004405286
8263 0.0066079297
10321 0.002202643
9810 0.002202643
22101 0.002202643
15446 0.002202643
20571 0.002202643
15963 0.002202643
6239 0.0066079297
16481 0.002202643
13921 0.002202643
20579 0.011013215
2662 0.002202643
13929 0.0066079297
14442 0.002202643
109 0.0066079297
12398 0.004405286
13946 0.002202643
19581 0.008810572
21632 0.002202643
2176 0.008810572
2690 0.002202643
4743 0.002202643
15500 0.002202643
17549 0.002202643
14480 0.002202643
10896 0.002202643
18064 0.004405286
10897 0.004405286
7830 0.004405286
8343 0.011013215
7320 0.002202643
12442 0.004405286
11932 0.008810572
20638 0.002202643
13983 0.002202643
5792 0.002202643
3745 0.002202643
7847 0.002202643
18599 0.002202643
20648 0.002202643
15528 0.002202643
2731 0.002202643
9903 0.004405286
14514 0.004405286
8371 0.002202643
14515 0.004405286
19636 0.002202643
19126 0.002202643
19641 0.002202643
15034 0.004405286
18623 0.004405286
8384 0.002202643
14529 0.002202643
19137 0.002202643
16582 0.002202643
19661 0.002202643
12495 0.002202643
13521 0.002202643
10451 0.030837005
3288 0.0066079297
20696 0.008810572
22233 0.002202643
7897 0.002202643
2265 0.002202643
731 0.002202643
20187 0.002202643
4319 0.002202643
19683 0.004405286
5861 0.008810572
19688 0.002202643
20712 0.002202643
15592 0.002202643
12016 0.0066079297
241 0.004405286
2802 0.002202643
20723 0.004405286
12020 0.002202643
11512 0.046255507
5893 0.024229076
16137 0.002202643
5903 0.004405286
278 0.002202643
22294 0.002202643
19736 0.026431719
19737 0.002202643
2335 0.002202643
6946 0.004405286
19236 0.002202643
17189 0.02202643
298 0.002202643
13610 0.002202643
8493 0.002202643
1837 0.004405286
13613 0.0066079297
15662 0.002202643
21295 0.002202643
14129 0.002202643
8497 0.002202643
19250 0.002202643
17715 0.002202643
21300 0.002202643
21813 0.013215859
3382 0.002202643
14650 0.017621145
18239 0.008810572
833 0.002202643
11073 0.0066079297
18242 0.004405286
18758 0.002202643
18251 0.002202643
21325 0.002202643
16717 0.004405286
853 0.002202643
8021 0.004405286
20823 0.002202643
18263 0.024229076
13659 0.002202643
15196 0.002202643
1376 0.002202643
16736 0.011013215
21345 0.013215859
9061 0.002202643
3430 0.017621145
13160 0.002202643
15209 0.002202643
2413 0.002202643
21872 0.002202643
11635 0.002202643
884 0.013215859
10101 0.004405286
8573 0.002202643
11141 0.002202643
17294 0.002202643
11151 0.002202643
7567 0.004405286
2451 0.002202643
2969 0.002202643
10651 0.019823788
4510 0.0066079297
7082 0.002202643
13227 0.002202643
2476 0.004405286
19886 0.002202643
7090 0.002202643
9139 0.002202643
13235 0.0066079297
9141 0.002202643
20405 0.03524229
12729 0.002202643
12734 0.002202643
3520 0.002202643
18369 0.002202643
10691 0.0154185025
17867 0.002202643
13260 0.002202643
20942 0.004405286
15311 0.002202643
11215 0.002202643
19408 0.002202643
1488 0.011013215
18385 0.002202643
4052 0.002202643
20437 0.002202643
17365 0.002202643
13269 0.002202643
17366 0.002202643
9689 0.002202643
5083 0.002202643
14300 0.002202643
15330 0.002202643
6116 0.008810572
20453 0.002202643
18410 0.008810572
1003 0.002202643
1006 0.008810572
21487 0.002202643
4600 0.002202643
7160 0.002202643
16892 0.002202643
6654 0.004405286
