5892 0.0057803467
5893 0.028901733
16390 0.0057803467
10246 0.0057803467
17415 0.011560693
7434 0.0057803467
3339 0.0057803467
5393 0.0057803467
13844 0.0057803467
22294 0.0057803467
19736 0.011560693
3097 0.0057803467
4635 0.0057803467
13343 0.0057803467
13345 0.0057803467
9250 0.0057803467
13092 0.0057803467
298 0.0057803467
10546 0.011560693
8498 0.023121387
15415 0.0057803467
14650 0.0057803467
8254 0.0057803467
3902 0.0057803467
18239 0.011560693
6976 0.0057803467
10821 0.011560693
4934 0.0057803467
12871 0.0057803467
8263 0.0057803467
2119 0.0057803467
7752 0.011560693
18251 0.03468208
19286 0.0057803467
18263 0.08092485
3419 0.01734104
6239 0.0057803467
16481 0.0057803467
19044 0.0057803467
2662 0.0057803467
3430 0.0057803467
6510 0.0057803467
21362 0.0057803467
884 0.011560693
21621 0.01734104
10874 0.0057803467
19581 0.0057803467
14461 0.0057803467
14719 0.0057803467
13183 0.011560693
21632 0.0057803467
20610 0.0057803467
8836 0.0057803467
8070 0.0057803467
9862 0.07514451
19594 0.0057803467
8331 0.0057803467
17549 0.0057803467
6286 0.011560693
14992 0.0057803467
10897 0.03468208
8343 0.023121387
8855 0.028901733
21401 0.0057803467
10908 0.0057803467
3745 0.0057803467
4513 0.0057803467
8355 0.0057803467
20405 0.011560693
19126 0.0057803467
12470 0.0057803467
12734 0.0057803467
18623 0.0057803467
10691 0.0057803467
18116 0.0057803467
16582 0.0057803467
21966 0.0057803467
14798 0.0057803467
19408 0.0057803467
13521 0.0057803467
977 0.0057803467
10451 0.01734104
11734 0.01734104
20696 0.011560693
22233 0.0057803467
1241 0.0057803467
12765 0.0057803467
4319 0.023121387
6116 0.0057803467
3300 0.0057803467
20453 0.0057803467
7914 0.0057803467
235 0.0057803467
1006 0.011560693
499 0.0057803467
20723 0.0057803467
11512 0.01734104
2041 0.0057803467
9977 0.0057803467
