8194 0.005263158
6660 0.002631579
8709 0.005263158
5893 0.018421052
9478 0.002631579
10246 0.010526316
17415 0.002631579
5900 0.005263158
2061 0.002631579
15374 0.002631579
17935 0.002631579
8208 0.002631579
13844 0.005263158
2837 0.002631579
10518 0.002631579
19736 0.015789473
4635 0.013157895
13855 0.002631579
13343 0.007894737
11298 0.002631579
16676 0.002631579
21796 0.002631579
12325 0.002631579
21541 0.005263158
38 0.002631579
6952 0.023684211
2089 0.018421052
298 0.002631579
10284 0.005263158
13613 0.002631579
16685 0.002631579
4911 0.002631579
11827 0.002631579
7479 0.002631579
14904 0.002631579
4923 0.002631579
8254 0.002631579
11327 0.005263158
18239 0.013157895
1858 0.005263158
15940 0.002631579
10821 0.007894737
18758 0.002631579
4934 0.005263158
6215 0.002631579
12871 0.007894737
4169 0.005263158
4682 0.002631579
18251 0.031578947
16717 0.002631579
21325 0.007894737
14158 0.002631579
16981 0.005263158
20823 0.002631579
18263 0.002631579
19548 0.002631579
9565 0.002631579
20574 0.002631579
8288 0.002631579
7264 0.002631579
16481 0.002631579
7265 0.028947368
10083 0.002631579
2662 0.005263158
6509 0.002631579
109 0.002631579
10094 0.002631579
12398 0.002631579
10095 0.005263158
21872 0.002631579
13426 0.002631579
884 0.005263158
12413 0.002631579
19581 0.023684211
21632 0.002631579
14976 0.002631579
22144 0.005263158
16003 0.078947365
11396 0.002631579
8070 0.015789473
9862 0.015789473
13448 0.002631579
17294 0.007894737
5775 0.002631579
11151 0.002631579
18064 0.005263158
10897 0.023684211
13714 0.005263158
15511 0.005263158
8343 0.010526316
2204 0.002631579
11932 0.002631579
20127 0.002631579
16543 0.002631579
16032 0.002631579
3745 0.002631579
15528 0.002631579
13485 0.013157895
19886 0.007894737
20405 0.031578947
8890 0.002631579
8384 0.002631579
5825 0.002631579
9666 0.002631579
18882 0.002631579
10691 0.007894737
16582 0.002631579
1224 0.005263158
716 0.005263158
19917 0.005263158
13521 0.002631579
10451 0.055263158
5076 0.002631579
1493 0.002631579
16599 0.002631579
20696 0.036842104
22233 0.002631579
21465 0.010526316
4314 0.002631579
15067 0.002631579
15323 0.002631579
14300 0.002631579
19933 0.002631579
11486 0.002631579
4319 0.002631579
20195 0.002631579
3300 0.002631579
6116 0.002631579
10983 0.002631579
6888 0.002631579
14060 0.002631579
1006 0.005263158
18159 0.002631579
1008 0.002631579
12016 0.013157895
241 0.002631579
20723 0.002631579
7160 0.002631579
11512 0.05
2041 0.002631579
21499 0.002631579
3323 0.02631579
5631 0.005263158
6143 0.007894737
