6404 0.004166667
4100 0.004166667
5892 0.004166667
5893 0.020833334
10246 0.004166667
16390 0.0125
16396 0.004166667
8972 0.004166667
15629 0.0125
10767 0.004166667
22035 0.004166667
13844 0.004166667
19736 0.0125
4635 0.004166667
13855 0.004166667
17441 0.004166667
20513 0.004166667
4903 0.008333334
13097 0.004166667
13610 0.004166667
6444 0.004166667
13361 0.004166667
20020 0.004166667
8504 0.004166667
14650 0.004166667
4923 0.004166667
18239 0.004166667
10821 0.004166667
6215 0.008333334
12871 0.008333334
4682 0.004166667
18251 0.029166667
11598 0.004166667
8782 0.004166667
5455 0.004166667
16724 0.004166667
16981 0.004166667
18263 0.004166667
19034 0.004166667
13659 0.004166667
15196 0.004166667
8797 0.004166667
14173 0.004166667
10589 0.004166667
8288 0.008333334
16736 0.0375
16481 0.004166667
21345 0.0125
20579 0.008333334
3430 0.0125
5735 0.008333334
14185 0.004166667
7022 0.004166667
10350 0.029166667
21872 0.004166667
17009 0.004166667
13426 0.004166667
11635 0.0125
18038 0.004166667
19062 0.004166667
19830 0.004166667
16765 0.004166667
11391 0.004166667
21632 0.004166667
2176 0.004166667
9862 0.0125
20360 0.004166667
12172 0.004166667
3982 0.004166667
10896 0.008333334
14992 0.008333334
10897 0.016666668
20886 0.004166667
8342 0.016666668
8343 0.008333334
10651 0.004166667
2973 0.004166667
12703 0.008333334
3745 0.004166667
1697 0.09166667
20405 0.029166667
19126 0.004166667
21432 0.004166667
12476 0.004166667
14273 0.004166667
21698 0.008333334
10691 0.008333334
10949 0.004166667
16582 0.004166667
20423 0.004166667
11721 0.004166667
18381 0.004166667
10189 0.004166667
20176 0.004166667
13521 0.004166667
13778 0.008333334
10451 0.0125
8661 0.004166667
6359 0.008333334
3288 0.004166667
20696 0.004166667
22233 0.004166667
7642 0.004166667
14811 0.004166667
12765 0.008333334
20959 0.004166667
4319 0.0125
480 0.004166667
6880 0.004166667
6368 0.004166667
5349 0.004166667
20453 0.004166667
1254 0.004166667
6886 0.0125
19944 0.004166667
6888 0.008333334
4841 0.004166667
14057 0.004166667
14060 0.008333334
1006 0.008333334
19183 0.004166667
12016 0.004166667
19697 0.004166667
3058 0.054166667
11512 0.016666668
2041 0.008333334
5885 0.008333334
19199 0.004166667
