8194 0.003215434
5893 0.019292604
10246 0.009646302
9227 0.019292604
15629 0.003215434
19216 0.003215434
7955 0.012861736
11540 0.003215434
8468 0.003215434
11542 0.003215434
19736 0.006430868
15900 0.003215434
13853 0.003215434
14365 0.012861736
6435 0.009646302
38 0.003215434
7209 0.003215434
14891 0.006430868
13613 0.006430868
9776 0.003215434
22064 0.006430868
10546 0.003215434
20020 0.009646302
6455 0.003215434
20792 0.003215434
14650 0.009646302
18239 0.006430868
1858 0.003215434
12871 0.006430868
7752 0.003215434
18251 0.03215434
6222 0.003215434
10321 0.003215434
3922 0.003215434
21331 0.003215434
21076 0.003215434
18263 0.025723472
14173 0.003215434
18783 0.003215434
16481 0.012861736
20065 0.01607717
20579 0.009646302
3430 0.006430868
13929 0.003215434
15209 0.006430868
109 0.003215434
884 0.003215434
21621 0.019292604
19062 0.003215434
19831 0.006430868
19581 0.009646302
21632 0.003215434
3456 0.003215434
11905 0.003215434
16003 0.028938906
11396 0.006430868
8070 0.003215434
9862 0.019292604
13197 0.003215434
18064 0.003215434
6032 0.003215434
8592 0.006430868
10897 0.028938906
8851 0.003215434
15511 0.003215434
8343 0.003215434
3224 0.003215434
5275 0.003215434
15259 0.003215434
11932 0.006430868
14750 0.003215434
3745 0.003215434
3491 0.003215434
4003 0.006430868
17318 0.003215434
12710 0.025723472
2731 0.003215434
10412 0.003215434
9393 0.003215434
20402 0.003215434
8371 0.003215434
20405 0.012861736
20150 0.006430868
11958 0.006430868
4024 0.003215434
21432 0.003215434
12220 0.003215434
6336 0.003215434
19137 0.003215434
5825 0.019292604
3268 0.003215434
9926 0.003215434
7878 0.006430868
16582 0.009646302
3530 0.006430868
21195 0.003215434
13260 0.003215434
19917 0.006430868
1229 0.006430868
13775 0.003215434
13521 0.003215434
10451 0.009646302
4052 0.003215434
9685 0.006430868
3288 0.003215434
20696 0.006430868
22233 0.003215434
7897 0.006430868
18394 0.13826367
6364 0.003215434
13532 0.003215434
4573 0.006430868
20959 0.003215434
4319 0.003215434
20450 0.006430868
6116 0.003215434
5861 0.003215434
16357 0.003215434
8422 0.006430868
15847 0.003215434
10983 0.003215434
2791 0.006430868
1006 0.003215434
18414 0.006430868
241 0.006430868
17653 0.003215434
15606 0.003215434
11512 0.048231512
15610 0.003215434
3323 0.006430868
