7680 0.0029761905
8709 0.011904762
5893 0.020833334
16390 0.0029761905
10246 0.005952381
10763 0.0029761905
5900 0.0029761905
16396 0.0029761905
17935 0.005952381
10767 0.005952381
8208 0.0029761905
13844 0.0029761905
22294 0.0029761905
19736 0.020833334
4635 0.020833334
8735 0.0029761905
6688 0.0029761905
9250 0.008928572
550 0.0029761905
4903 0.0029761905
12329 0.0029761905
10025 0.005952381
13613 0.005952381
18222 0.0029761905
7479 0.0029761905
20538 0.0029761905
14650 0.008928572
12603 0.0029761905
18239 0.0029761905
11327 0.017857144
11073 0.0029761905
13125 0.0029761905
18758 0.008928572
12871 0.0029761905
6215 0.0029761905
8263 0.005952381
18251 0.029761905
15948 0.0029761905
16717 0.0029761905
14158 0.005952381
10065 0.0029761905
3922 0.0029761905
21588 0.011904762
20309 0.0029761905
18263 0.04761905
4440 0.0029761905
20571 0.008928572
2140 0.005952381
861 0.005952381
1376 0.005952381
16481 0.005952381
10083 0.0029761905
20579 0.0029761905
1125 0.0029761905
3430 0.0029761905
15209 0.0029761905
20587 0.0029761905
10095 0.0029761905
18800 0.0029761905
21872 0.005952381
5235 0.0029761905
19062 0.005952381
12153 0.0029761905
11644 0.0029761905
15484 0.005952381
17789 0.0029761905
19581 0.026785715
21632 0.0029761905
642 0.0029761905
13186 0.005952381
16003 0.0029761905
11141 0.0029761905
9862 0.008928572
2700 0.0029761905
3982 0.008928572
6286 0.011904762
6032 0.0029761905
21136 0.0029761905
18064 0.0029761905
10896 0.0029761905
14992 0.0029761905
20624 0.011904762
10897 0.023809524
3730 0.0029761905
8342 0.0029761905
150 0.005952381
7830 0.008928572
8343 0.005952381
21401 0.005952381
10651 0.005952381
8603 0.0029761905
11932 0.017857144
18077 0.0029761905
4510 0.0029761905
3745 0.0029761905
4513 0.005952381
2473 0.017857144
2731 0.0029761905
8368 0.0029761905
18864 0.0029761905
8371 0.005952381
9139 0.005952381
4789 0.0029761905
20405 0.011904762
2231 0.0029761905
16064 0.0029761905
5825 0.008928572
20418 0.0029761905
10691 0.0029761905
16582 0.0029761905
14022 0.0029761905
2758 0.011904762
3530 0.005952381
6091 0.0029761905
716 0.005952381
1488 0.0029761905
13521 0.0029761905
10451 0.04761905
20181 0.0029761905
16599 0.0029761905
3288 0.005952381
20696 0.038690478
22233 0.0029761905
7642 0.0029761905
13532 0.008928572
21983 0.0029761905
6623 0.0029761905
4319 0.005952381
18656 0.0029761905
8163 0.0029761905
6116 0.0029761905
20453 0.0029761905
6886 0.0029761905
16871 0.0029761905
14314 0.0029761905
7914 0.005952381
14060 0.011904762
18414 0.0029761905
9710 0.0029761905
1006 0.011904762
241 0.0029761905
2292 0.0029761905
21493 0.0029761905
15606 0.0029761905
11512 0.05654762
6654 0.0029761905
17919 0.0029761905
4095 0.0029761905
18431 0.0029761905
19199 0.0029761905
