2 0.003003003
8194 0.006006006
5892 0.003003003
6917 0.003003003
5126 0.003003003
10246 0.021021022
16138 0.003003003
10763 0.003003003
3339 0.003003003
16396 0.003003003
15629 0.003003003
2061 0.03003003
15374 0.003003003
7183 0.003003003
10767 0.006006006
273 0.003003003
22035 0.003003003
278 0.012012012
3097 0.006006006
4635 0.012012012
11292 0.003003003
15900 0.006006006
12830 0.003003003
6688 0.009009009
14625 0.006006006
22050 0.003003003
13090 0.003003003
9250 0.012012012
38 0.009009009
4903 0.003003003
13097 0.006006006
10027 0.006006006
6444 0.006006006
19249 0.003003003
10546 0.003003003
22067 0.003003003
8243 0.003003003
20020 0.006006006
17464 0.003003003
14650 0.018018018
15934 0.03003003
15422 0.033033032
11327 0.003003003
18239 0.009009009
13891 0.003003003
18501 0.003003003
10821 0.003003003
4934 0.003003003
12871 0.003003003
6215 0.003003003
8263 0.024024025
4169 0.003003003
14153 0.003003003
18251 0.003003003
3148 0.006006006
20813 0.003003003
10831 0.003003003
11600 0.003003003
21079 0.003003003
18263 0.08708709
14173 0.009009009
9310 0.006006006
6239 0.003003003
13919 0.003003003
16481 0.003003003
11363 0.003003003
2915 0.003003003
10083 0.006006006
20579 0.009009009
17252 0.003003003
15975 0.003003003
15209 0.006006006
874 0.003003003
12398 0.006006006
10095 0.003003003
21872 0.003003003
13425 0.006006006
11635 0.006006006
2932 0.003003003
5237 0.003003003
19581 0.006006006
9598 0.006006006
21632 0.003003003
18816 0.003003003
2176 0.003003003
16773 0.003003003
9862 0.015015015
17294 0.015015015
400 0.003003003
18064 0.003003003
10897 0.009009009
20883 0.012012012
21401 0.003003003
17561 0.003003003
13983 0.006006006
3745 0.003003003
8355 0.003003003
14757 0.003003003
7077 0.006006006
7084 0.003003003
21679 0.003003003
8111 0.006006006
14514 0.003003003
11443 0.003003003
8371 0.009009009
20405 0.012012012
12470 0.003003003
15034 0.003003003
21947 0.003003003
2496 0.006006006
16064 0.009009009
9666 0.003003003
16582 0.003003003
20167 0.012012012
21194 0.003003003
13260 0.018018018
19917 0.003003003
14798 0.003003003
20942 0.003003003
462 0.003003003
8144 0.006006006
13521 0.003003003
5585 0.003003003
13778 0.003003003
10451 0.03003003
20437 0.003003003
11734 0.015015015
20696 0.006006006
22233 0.003003003
18394 0.003003003
1754 0.003003003
7642 0.003003003
3293 0.003003003
4319 0.003003003
6116 0.003003003
20196 0.006006006
20453 0.003003003
6886 0.018018018
18922 0.003003003
14314 0.006006006
7914 0.018018018
1006 0.003003003
15342 0.003003003
21487 0.009009009
12016 0.009009009
20723 0.003003003
11512 0.033033032
14330 0.003003003
6141 0.003003003
