7680 0.0034843206
8194 0.010452962
5893 0.034843206
10246 0.006968641
20231 0.024390243
10763 0.0034843206
2574 0.006968641
4111 0.0034843206
10767 0.0034843206
1295 0.013937282
3859 0.0034843206
15636 0.0034843206
13844 0.0034843206
13334 0.006968641
19736 0.031358887
4635 0.010452962
6688 0.010452962
9250 0.006968641
3619 0.0034843206
8743 0.0034843206
298 0.0034843206
1324 0.0034843206
1580 0.0034843206
13613 0.013937282
1072 0.0034843206
11825 0.0034843206
7474 0.0034843206
18996 0.0034843206
4665 0.0034843206
14650 0.010452962
6717 0.0034843206
8254 0.0034843206
18239 0.006968641
19011 0.0034843206
18501 0.0034843206
10821 0.034843206
6215 0.006968641
8263 0.006968641
12871 0.006968641
4169 0.006968641
18251 0.0034843206
15435 0.0034843206
16717 0.010452962
21841 0.0034843206
20823 0.0034843206
18263 0.010452962
3419 0.0034843206
6239 0.0034843206
8288 0.0034843206
16481 0.0034843206
21345 0.0034843206
20579 0.006968641
2662 0.0034843206
3430 0.006968641
13160 0.006968641
15209 0.0034843206
12395 0.0034843206
6509 0.0034843206
10350 0.0034843206
11635 0.013937282
8573 0.0034843206
19581 0.006968641
21632 0.0034843206
2176 0.0034843206
2690 0.010452962
11141 0.010452962
8070 0.0034843206
9862 0.020905923
18057 0.0034843206
17294 0.0034843206
9358 0.0034843206
11151 0.0034843206
20367 0.006968641
10897 0.027874565
20883 0.006968641
20886 0.006968641
4759 0.0034843206
8343 0.020905923
4510 0.0034843206
20127 0.0034843206
3745 0.0034843206
18081 0.0034843206
12450 0.0034843206
4003 0.0034843206
8355 0.010452962
14757 0.0034843206
12710 0.017421603
15528 0.0034843206
20648 0.006968641
17835 0.0034843206
6574 0.0034843206
8111 0.0034843206
10417 0.0034843206
19893 0.0034843206
9141 0.0034843206
20405 0.017421603
19126 0.0034843206
21432 0.013937282
18107 0.013937282
16064 0.0034843206
1217 0.0034843206
5825 0.0034843206
10691 0.0034843206
16582 0.006968641
715 0.0034843206
6091 0.013937282
13260 0.017421603
14798 0.0034843206
12495 0.0034843206
13521 0.0034843206
10451 0.027874565
8151 0.0034843206
20696 0.017421603
22233 0.0034843206
5083 0.0034843206
4319 0.0034843206
19683 0.006968641
9188 0.0034843206
6116 0.006968641
5861 0.006968641
5349 0.010452962
6886 0.0034843206
16871 0.010452962
18410 0.0034843206
14060 0.010452962
1006 0.006968641
12016 0.0034843206
3058 0.0034843206
20723 0.0034843206
11512 0.05923345
2041 0.0034843206
13566 0.0034843206
6654 0.0034843206
6143 0.006968641
