19712 0.002762431
4096 0.002762431
16642 0.011049724
8194 0.008287293
4100 0.002762431
8709 0.005524862
5893 0.027624309
16390 0.011049724
10246 0.0138121545
6409 0.008287293
7948 0.002762431
15629 0.002762431
5903 0.002762431
10767 0.002762431
13844 0.002762431
22294 0.002762431
16408 0.002762431
19736 0.008287293
4635 0.002762431
13855 0.005524862
13343 0.011049724
14625 0.005524862
11298 0.002762431
13090 0.002762431
9250 0.005524862
6947 0.002762431
16676 0.002762431
2854 0.002762431
2088 0.002762431
6952 0.002762431
298 0.008287293
18731 0.002762431
1324 0.002762431
13613 0.011049724
8237 0.027624309
11055 0.002762431
14129 0.002762431
4658 0.002762431
22067 0.002762431
14650 0.005524862
18239 0.005524862
11327 0.016574586
21312 0.002762431
10821 0.008287293
11590 0.002762431
18758 0.008287293
12871 0.002762431
6215 0.002762431
8263 0.008287293
18251 0.005524862
20813 0.002762431
12365 0.002762431
16717 0.002762431
14158 0.008287293
3922 0.002762431
3154 0.002762431
13907 0.002762431
3924 0.002762431
21076 0.005524862
21588 0.0138121545
8021 0.002762431
18518 0.002762431
18263 0.008287293
6491 0.002762431
13659 0.002762431
10589 0.002762431
9310 0.002762431
3936 0.005524862
16736 0.03314917
16481 0.002762431
21345 0.002762431
7265 0.0138121545
20579 0.005524862
5990 0.008287293
14185 0.002762431
15209 0.005524862
4714 0.002762431
6509 0.008287293
10094 0.002762431
12398 0.002762431
13426 0.002762431
4467 0.002762431
21620 0.002762431
884 0.005524862
5237 0.002762431
12918 0.005524862
12664 0.002762431
15484 0.002762431
19581 0.011049724
21632 0.002762431
14976 0.002762431
2946 0.002762431
16003 0.024861878
9862 0.0138121545
20360 0.002762431
6286 0.002762431
17294 0.022099448
11151 0.002762431
8592 0.002762431
18064 0.002762431
20624 0.005524862
9361 0.002762431
10897 0.008287293
3730 0.002762431
8342 0.002762431
8343 0.005524862
16796 0.002762431
11932 0.002762431
2204 0.005524862
2973 0.002762431
18077 0.005524862
16032 0.002762431
10400 0.002762431
3745 0.002762431
15528 0.002762431
18601 0.002762431
11948 0.002762431
7090 0.008287293
14515 0.002762431
9139 0.011049724
9141 0.002762431
20405 0.022099448
2231 0.005524862
4025 0.005524862
4286 0.005524862
9666 0.002762431
16582 0.008287293
21194 0.002762431
6091 0.002762431
716 0.002762431
13775 0.002762431
13521 0.002762431
10451 0.016574586
3288 0.002762431
4824 0.002762431
20696 0.03314917
22233 0.002762431
7897 0.002762431
1241 0.002762431
731 0.002762431
5083 0.002762431
22235 0.005524862
13532 0.002762431
16605 0.002762431
6111 0.002762431
6623 0.005524862
4319 0.011049724
18401 0.002762431
3300 0.002762431
5349 0.002762431
16869 0.002762431
20453 0.008287293
8422 0.0138121545
14314 0.002762431
14060 0.002762431
1006 0.03038674
18159 0.002762431
13556 0.011049724
14838 0.008287293
9720 0.002762431
11512 0.03314917
2041 0.002762431
14330 0.002762431
22010 0.002762431
3323 0.005524862
19711 0.005524862
6143 0.008287293
