5892 0.00887574
5893 0.00591716
17415 0.00295858
10763 0.00887574
16396 0.00295858
20750 0.00295858
10767 0.00295858
3859 0.00295858
13844 0.00591716
22294 0.00295858
13334 0.00591716
6934 0.00887574
19736 0.01775148
4635 0.0147929
14365 0.00295858
31 0.00295858
3104 0.00295858
9250 0.026627218
20516 0.00591716
21541 0.00295858
4903 0.00295858
4647 0.00295858
6952 0.00295858
13097 0.00295858
2602 0.00295858
10546 0.01183432
8243 0.00295858
15155 0.00295858
4915 0.00295858
13108 0.00295858
7479 0.00295858
5175 0.00591716
4665 0.00295858
14650 0.01183432
4923 0.00295858
10557 0.00295858
22077 0.00295858
18239 0.00887574
11327 0.00887574
15424 0.00295858
10817 0.00295858
1858 0.00295858
8260 0.00295858
10821 0.00295858
12614 0.00295858
326 0.00295858
18758 0.00295858
18246 0.00591716
12871 0.00295858
2119 0.00295858
8263 0.00591716
8520 0.00295858
18251 0.00295858
9810 0.00295858
7252 0.00295858
20821 0.00295858
20823 0.00295858
10072 0.00295858
13659 0.00295858
6491 0.00887574
8797 0.00295858
21855 0.00295858
18015 0.00887574
8288 0.00591716
16481 0.00295858
8545 0.00591716
20579 0.00295858
10083 0.00887574
3430 0.00295858
13160 0.00295858
15209 0.00295858
13929 0.00295858
109 0.00295858
3950 0.00591716
21872 0.00591716
11635 0.0147929
884 0.00591716
21621 0.00887574
21110 0.00295858
19062 0.00295858
14966 0.00591716
19580 0.00295858
19581 0.01775148
21632 0.00295858
11905 0.00295858
20610 0.00295858
7299 0.00295858
8070 0.00295858
9862 0.00295858
2698 0.00295858
8843 0.00295858
1676 0.0147929
17294 0.00295858
3982 0.00295858
20624 0.00295858
6032 0.00295858
18064 0.01183432
10897 0.00591716
9362 0.00295858
15766 0.00295858
8343 0.00887574
8090 0.00591716
10651 0.00295858
11932 0.00295858
6300 0.00295858
18337 0.00591716
3745 0.01775148
18340 0.00295858
6308 0.00295858
19109 0.00295858
12199 0.00295858
11944 0.00295858
15528 0.00591716
10409 0.00591716
21930 0.00295858
19886 0.00591716
21679 0.00295858
20402 0.00295858
8371 0.0295858
20405 0.01183432
12470 0.00591716
2231 0.00295858
12215 0.00295858
4025 0.00295858
18621 0.00295858
18623 0.00591716
5825 0.00295858
19137 0.00295858
9666 0.0147929
10691 0.00295858
9157 0.00591716
16582 0.00295858
17606 0.00295858
21449 0.00591716
18378 0.00295858
6091 0.01775148
716 0.00295858
19917 0.00591716
718 0.00591716
12495 0.00295858
13521 0.00295858
10451 0.03254438
20437 0.00887574
10454 0.00295858
11734 0.00591716
3288 0.00591716
20696 0.020710059
22233 0.00295858
7642 0.00295858
14300 0.00591716
13532 0.00591716
6623 0.00295858
4319 0.00591716
6368 0.00295858
11744 0.00295858
5088 0.00295858
16097 0.00295858
8163 0.00295858
3300 0.00295858
6116 0.00887574
5349 0.00295858
8422 0.00591716
6886 0.00887574
20712 0.00591716
14829 0.00295858
14061 0.00295858
1006 0.0147929
13039 0.00591716
12016 0.00295858
2288 0.00295858
13041 0.00295858
20723 0.00591716
11512 0.04733728
2041 0.00295858
19711 0.00295858
6143 0.00887574
