8194 0.00754717
5893 0.026415095
16390 0.003773585
4870 0.003773585
10246 0.02264151
15879 0.003773585
17415 0.018867925
5900 0.003773585
15629 0.003773585
13844 0.003773585
2836 0.003773585
17173 0.003773585
19736 0.003773585
4635 0.011320755
15902 0.003773585
13343 0.011320755
6688 0.003773585
1569 0.003773585
12321 0.011320755
38 0.003773585
10284 0.011320755
13613 0.003773585
6450 0.003773585
21813 0.003773585
15669 0.00754717
13883 0.003773585
15676 0.003773585
11327 0.00754717
18239 0.00754717
21312 0.003773585
16707 0.003773585
10821 0.00754717
20550 0.003773585
6215 0.003773585
2119 0.003773585
12871 0.00754717
20554 0.003773585
18251 0.02264151
10321 0.003773585
2897 0.003773585
84 0.003773585
18263 0.003773585
12890 0.003773585
6239 0.003773585
16481 0.003773585
7265 0.003773585
21345 0.00754717
20579 0.003773585
2915 0.003773585
3430 0.003773585
14442 0.003773585
14443 0.003773585
10350 0.00754717
7022 0.011320755
5235 0.003773585
11635 0.011320755
884 0.00754717
21880 0.003773585
13176 0.00754717
4477 0.003773585
19581 0.03018868
13183 0.00754717
21632 0.003773585
11905 0.003773585
16003 0.00754717
16773 0.003773585
13958 0.003773585
8070 0.00754717
9862 0.00754717
16520 0.003773585
10896 0.00754717
18064 0.018867925
10897 0.011320755
12180 0.003773585
8342 0.003773585
150 0.003773585
14490 0.003773585
10651 0.00754717
2204 0.003773585
11932 0.003773585
2973 0.003773585
13983 0.003773585
3745 0.01509434
4007 0.00754717
15528 0.003773585
16556 0.003773585
10417 0.003773585
9393 0.003773585
14514 0.026415095
9139 0.003773585
14515 0.00754717
20405 0.033962265
12470 0.003773585
18872 0.003773585
17595 0.003773585
6588 0.011320755
12734 0.003773585
6336 0.003773585
10691 0.003773585
3268 0.003773585
10949 0.00754717
16582 0.003773585
2758 0.003773585
13255 0.003773585
8907 0.003773585
17355 0.01509434
8140 0.003773585
20176 0.003773585
1488 0.00754717
13521 0.003773585
21971 0.003773585
10451 0.01509434
9685 0.003773585
20696 0.01509434
22233 0.003773585
21465 0.003773585
6364 0.01509434
16605 0.003773585
7645 0.003773585
4319 0.00754717
18148 0.003773585
20453 0.003773585
5349 0.00754717
20712 0.00754717
7914 0.003773585
14060 0.00754717
15854 0.003773585
1006 0.011320755
12016 0.003773585
241 0.003773585
5878 0.003773585
14070 0.003773585
11512 0.079245284
2041 0.003773585
3323 0.01509434
5631 0.003773585
3839 0.01509434
