5892 0.003144654
5893 0.015723271
10246 0.003144654
9227 0.006289308
4111 0.003144654
17167 0.003144654
22289 0.003144654
22035 0.009433962
19736 0.015723271
21786 0.006289308
4635 0.009433962
9245 0.003144654
5149 0.006289308
12830 0.003144654
6688 0.006289308
6435 0.009433962
38 0.003144654
8743 0.003144654
4903 0.003144654
39 0.003144654
7209 0.003144654
14891 0.003144654
21291 0.003144654
18731 0.009433962
13613 0.003144654
19758 0.003144654
20020 0.006289308
21813 0.015723271
1081 0.006289308
14650 0.006289308
3130 0.022012578
4923 0.003144654
1851 0.003144654
7486 0.003144654
11327 0.006289308
1858 0.003144654
10821 0.040880505
18758 0.003144654
12871 0.003144654
18251 0.047169812
16717 0.003144654
22098 0.003144654
18263 0.015723271
2393 0.015723271
14684 0.006289308
15196 0.031446543
10589 0.003144654
17503 0.003144654
6239 0.003144654
16736 0.006289308
16481 0.003144654
11363 0.003144654
10083 0.003144654
20579 0.003144654
2915 0.003144654
13929 0.015723271
16237 0.003144654
109 0.003144654
9073 0.012578616
11635 0.003144654
884 0.003144654
21621 0.009433962
19062 0.006289308
2938 0.003144654
11644 0.003144654
19581 0.003144654
2429 0.006289308
21632 0.003144654
3456 0.003144654
2690 0.009433962
11141 0.003144654
8070 0.006289308
9862 0.022012578
1671 0.003144654
17294 0.006289308
14223 0.009433962
7567 0.015723271
21136 0.003144654
10897 0.028301887
20886 0.003144654
8342 0.003144654
8343 0.003144654
16024 0.003144654
11932 0.015723271
14750 0.003144654
3745 0.006289308
8355 0.006289308
12710 0.003144654
2476 0.003144654
19886 0.012578616
12208 0.003144654
9393 0.003144654
14514 0.003144654
13235 0.006289308
20405 0.015723271
7865 0.003144654
1722 0.009433962
6588 0.006289308
12734 0.003144654
19137 0.003144654
10691 0.003144654
16582 0.006289308
1224 0.003144654
18378 0.003144654
1482 0.003144654
12746 0.006289308
716 0.009433962
13260 0.028301887
3790 0.003144654
13521 0.003144654
5843 0.003144654
10451 0.031446543
3288 0.003144654
20696 0.009433962
22233 0.003144654
7642 0.003144654
4319 0.009433962
6116 0.006289308
20453 0.006289308
16871 0.006289308
7914 0.003144654
18410 0.012578616
7660 0.006289308
1006 0.015723271
18159 0.003144654
241 0.003144654
18932 0.003144654
2292 0.003144654
17653 0.003144654
11512 0.034591194
2041 0.003144654
5881 0.006289308
253 0.006289308
6654 0.015723271
19199 0.003144654
