11012 0.004132231
5893 0.045454547
16390 0.004132231
20231 0.012396694
17419 0.004132231
16396 0.004132231
6413 0.016528925
10767 0.004132231
1295 0.004132231
4111 0.008264462
16656 0.004132231
2322 0.004132231
10005 0.004132231
19736 0.041322313
10012 0.004132231
1824 0.004132231
9250 0.004132231
21796 0.004132231
298 0.004132231
18732 0.004132231
1837 0.004132231
8497 0.004132231
3633 0.004132231
3130 0.012396694
14650 0.03305785
1851 0.004132231
18239 0.012396694
5698 0.004132231
18501 0.004132231
12871 0.004132231
3144 0.004132231
11848 0.004132231
18251 0.053719006
16717 0.004132231
20823 0.004132231
18263 0.008264462
15959 0.016528925
15962 0.008264462
21341 0.004132231
9310 0.004132231
16736 0.008264462
16481 0.004132231
21345 0.004132231
3430 0.004132231
13929 0.008264462
1134 0.004132231
1906 0.004132231
11635 0.008264462
884 0.012396694
19062 0.008264462
11129 0.004132231
2171 0.004132231
15484 0.004132231
19581 0.008264462
21632 0.004132231
11905 0.004132231
8836 0.004132231
11141 0.004132231
8070 0.004132231
20360 0.020661157
17294 0.020661157
7567 0.008264462
6032 0.012396694
10897 0.041322313
18834 0.004132231
3730 0.004132231
20883 0.004132231
8343 0.004132231
21401 0.004132231
11932 0.004132231
8095 0.016528925
3745 0.004132231
18340 0.008264462
11686 0.008264462
19886 0.008264462
17584 0.004132231
8371 0.004132231
13235 0.008264462
693 0.004132231
20405 0.020661157
20150 0.008264462
3515 0.004132231
6588 0.004132231
12734 0.004132231
3522 0.004132231
3268 0.004132231
11461 0.004132231
16582 0.004132231
18378 0.004132231
5580 0.008264462
19917 0.004132231
6862 0.004132231
14288 0.004132231
1488 0.004132231
13521 0.004132231
10451 0.041322313
4310 0.004132231
214 0.004132231
8662 0.004132231
11734 0.004132231
20438 0.016528925
471 0.004132231
2776 0.004132231
20696 0.008264462
22233 0.004132231
4319 0.016528925
14560 0.004132231
19683 0.004132231
6115 0.012396694
6116 0.008264462
5349 0.004132231
5861 0.008264462
16871 0.004132231
18410 0.004132231
3306 0.008264462
12016 0.004132231
8433 0.004132231
19186 0.004132231
20723 0.004132231
11512 0.03305785
5631 0.004132231
