21632 0.006666667
3843 0.006666667
8709 0.006666667
11141 0.006666667
5893 0.046666667
16390 0.006666667
10246 0.006666667
9862 0.02
20360 0.013333334
6154 0.006666667
10763 0.006666667
15629 0.006666667
17294 0.006666667
3982 0.006666667
1295 0.006666667
1680 0.006666667
6032 0.006666667
10897 0.02
150 0.006666667
8342 0.006666667
8343 0.026666667
8855 0.033333335
9240 0.006666667
19736 0.026666667
4635 0.006666667
18334 0.006666667
13855 0.006666667
13343 0.006666667
20385 0.006666667
3745 0.013333334
21541 0.006666667
18598 0.006666667
15528 0.006666667
5801 0.006666667
18987 0.006666667
18731 0.006666667
10546 0.006666667
8243 0.006666667
10677 0.006666667
20405 0.026666667
8890 0.006666667
14650 0.006666667
3645 0.006666667
4286 0.006666667
18239 0.006666667
8000 0.006666667
21696 0.006666667
10817 0.006666667
1473 0.006666667
1858 0.013333334
14659 0.006666667
10691 0.006666667
16582 0.006666667
9926 0.006666667
12871 0.006666667
8263 0.006666667
18251 0.006666667
13260 0.026666667
16717 0.006666667
13521 0.006666667
10451 0.046666667
9685 0.006666667
8021 0.006666667
20437 0.013333334
20823 0.006666667
18263 0.033333335
2392 0.006666667
22233 0.006666667
17882 0.006666667
13659 0.006666667
13532 0.006666667
15196 0.006666667
9310 0.006666667
4319 0.006666667
7135 0.013333334
18656 0.02
9313 0.006666667
21345 0.006666667
16481 0.013333334
6116 0.006666667
20196 0.006666667
17380 0.006666667
13159 0.006666667
20712 0.006666667
7914 0.006666667
20203 0.006666667
16621 0.006666667
15469 0.006666667
1006 0.013333334
12016 0.013333334
21872 0.013333334
16625 0.006666667
20723 0.006666667
17653 0.006666667
11512 0.046666667
18298 0.006666667
6654 0.006666667
