512 0.0038314175
7680 0.011494253
13058 0.0038314175
4100 0.0038314175
5893 0.022988506
7686 0.0038314175
16390 0.011494253
17415 0.053639848
6409 0.0038314175
10763 0.0038314175
3339 0.011494253
16396 0.0038314175
15117 0.0038314175
1295 0.0038314175
9745 0.0038314175
19736 0.026819924
4635 0.0038314175
10780 0.0038314175
9250 0.011494253
4903 0.0038314175
298 0.0038314175
13613 0.007662835
22064 0.007662835
10546 0.0038314175
11829 0.0038314175
14650 0.0038314175
11837 0.0038314175
11327 0.0038314175
18239 0.011494253
11073 0.0038314175
2369 0.0038314175
1858 0.0038314175
10821 0.011494253
4934 0.026819924
12871 0.007662835
8263 0.011494253
15688 0.0038314175
14153 0.0038314175
18251 0.0038314175
16717 0.0038314175
6222 0.0038314175
7246 0.0038314175
14158 0.0038314175
10065 0.0038314175
7252 0.0038314175
20821 0.0038314175
20309 0.0038314175
20823 0.0038314175
18263 0.01532567
19034 0.0038314175
6239 0.011494253
18528 0.0038314175
16481 0.0038314175
10083 0.0038314175
20579 0.007662835
2662 0.0038314175
4969 0.0038314175
874 0.0038314175
14442 0.0038314175
6509 0.0038314175
3695 0.0038314175
11635 0.007662835
884 0.007662835
21621 0.0038314175
19579 0.0038314175
15484 0.0038314175
19581 0.011494253
21632 0.0038314175
2176 0.0038314175
18566 0.0038314175
9862 0.038314175
20360 0.007662835
17294 0.007662835
20624 0.0038314175
8592 0.007662835
10897 0.011494253
8851 0.0038314175
15252 0.0038314175
7830 0.0038314175
150 0.011494253
8342 0.011494253
8343 0.007662835
21401 0.0038314175
10651 0.0038314175
3745 0.007662835
15011 0.0038314175
12966 0.0038314175
4777 0.0038314175
2473 0.007662835
9387 0.0038314175
10417 0.0038314175
9393 0.0038314175
20402 0.0038314175
9139 0.01532567
20405 0.022988506
17590 0.0038314175
4023 0.0038314175
4025 0.0038314175
6588 0.0038314175
7613 0.0038314175
15808 0.0038314175
3520 0.0038314175
3522 0.011494253
10691 0.011494253
3268 0.0038314175
9157 0.0038314175
16582 0.0038314175
7110 0.0038314175
2758 0.0038314175
13255 0.0038314175
11467 0.0038314175
2509 0.01532567
14798 0.0038314175
6862 0.0038314175
12495 0.0038314175
13521 0.0038314175
10451 0.026819924
16599 0.0038314175
20696 0.022988506
22233 0.0038314175
1241 0.0038314175
7897 0.0038314175
5849 0.0038314175
16605 0.0038314175
6623 0.0038314175
9951 0.0038314175
7135 0.0038314175
4319 0.007662835
6368 0.011494253
20451 0.0038314175
20453 0.0038314175
20968 0.0038314175
20203 0.0038314175
17388 0.0038314175
1006 0.0038314175
12020 0.0038314175
17653 0.0038314175
21752 0.0038314175
7160 0.0038314175
11512 0.03448276
20217 0.0038314175
2041 0.007662835
3323 0.007662835
12286 0.0038314175
