5892 0.0029850747
5893 0.023880597
16390 0.0029850747
22022 0.0029850747
9226 0.0059701493
5900 0.0029850747
15629 0.0029850747
2061 0.0059701493
18190 0.0029850747
5903 0.0029850747
3859 0.0029850747
5396 0.05074627
22294 0.014925373
20504 0.0029850747
19736 0.020895522
3097 0.0029850747
4635 0.014925373
19228 0.0029850747
15902 0.0029850747
15647 0.0029850747
13855 0.0029850747
22050 0.0029850747
21541 0.0029850747
6952 0.0059701493
298 0.0029850747
2602 0.011940299
6444 0.0029850747
10284 0.0059701493
13613 0.0029850747
1072 0.0029850747
22064 0.0029850747
10546 0.0059701493
22067 0.0029850747
4915 0.0029850747
20020 0.0029850747
11829 0.0059701493
311 0.0029850747
14650 0.0059701493
8251 0.0029850747
828 0.0029850747
11327 0.0059701493
18239 0.026865672
4416 0.0029850747
11073 0.0029850747
1858 0.0029850747
21317 0.0029850747
10821 0.0059701493
4934 0.0089552235
12871 0.0029850747
8263 0.0059701493
18251 0.032835823
11598 0.0029850747
21588 0.0029850747
20823 0.0029850747
18263 0.011940299
15961 0.0029850747
14173 0.0029850747
16481 0.0029850747
21345 0.0029850747
7265 0.0089552235
13155 0.0029850747
2662 0.0089552235
874 0.0029850747
4714 0.0029850747
6509 0.0029850747
109 0.0059701493
10605 0.0089552235
10350 0.0029850747
10095 0.0029850747
2674 0.0029850747
884 0.0059701493
21621 0.0029850747
11643 0.0029850747
4477 0.0029850747
6525 0.0059701493
8573 0.0059701493
19581 0.011940299
3455 0.0089552235
21632 0.0029850747
16002 0.0029850747
16003 0.026865672
13958 0.0059701493
9862 0.011940299
20360 0.0059701493
12937 0.0059701493
17294 0.0029850747
20624 0.0029850747
9360 0.0029850747
17553 0.0029850747
10897 0.014925373
19090 0.0029850747
150 0.0059701493
8343 0.0059701493
8855 0.0059701493
16024 0.0029850747
10651 0.020895522
11932 0.0059701493
2973 0.0029850747
3745 0.0029850747
15011 0.0029850747
21160 0.0029850747
1966 0.0029850747
8368 0.017910447
20402 0.0029850747
6836 0.0029850747
10677 0.0029850747
20149 0.0029850747
20405 0.023880597
20150 0.0029850747
19646 0.0029850747
3263 0.0059701493
21696 0.0029850747
3778 0.0029850747
2758 0.0029850747
9926 0.0029850747
16582 0.0059701493
13255 0.0029850747
11208 0.0029850747
1482 0.0089552235
14798 0.0029850747
13521 0.0029850747
10451 0.032835823
9685 0.0029850747
22233 0.0029850747
21465 0.017910447
15323 0.0029850747
13532 0.0029850747
14300 0.0029850747
4319 0.014925373
19683 0.0029850747
6116 0.0029850747
5349 0.0029850747
20453 0.0059701493
2791 0.0029850747
15854 0.0029850747
1006 0.0059701493
12016 0.0029850747
20723 0.0029850747
14584 0.0029850747
11512 0.06268657
3323 0.020895522
6141 0.0029850747
5631 0.0029850747
19199 0.011940299
3839 0.026865672
