16384 0.0032894737
5892 0.0065789474
5893 0.0032894737
10246 0.013157895
9227 0.0032894737
16396 0.009868421
5900 0.032894738
17935 0.0032894737
10767 0.0065789474
2836 0.0032894737
13844 0.0065789474
22294 0.0032894737
19736 0.019736841
4635 0.0032894737
12321 0.0032894737
13090 0.0032894737
9250 0.0032894737
18731 0.0032894737
11820 0.0032894737
14381 0.0032894737
1837 0.0032894737
7474 0.0032894737
21813 0.0032894737
4665 0.0032894737
20538 0.0032894737
14650 0.0065789474
18239 0.0032894737
11327 0.0065789474
1858 0.0032894737
10821 0.019736841
12871 0.0032894737
2119 0.0065789474
8263 0.019736841
4682 0.0032894737
18251 0.02631579
14158 0.0032894737
6222 0.009868421
10321 0.0032894737
18263 0.0032894737
11607 0.0032894737
15960 0.013157895
5210 0.0032894737
6491 0.0032894737
20571 0.0065789474
6239 0.0032894737
1376 0.0032894737
16481 0.0032894737
21345 0.0032894737
10083 0.0032894737
4963 0.0032894737
20579 0.0032894737
3430 0.013157895
13929 0.019736841
15980 0.0065789474
12398 0.0032894737
10094 0.0065789474
3950 0.0065789474
21107 0.0032894737
7283 0.0032894737
884 0.0032894737
21621 0.0032894737
14966 0.0032894737
18038 0.0032894737
12413 0.0032894737
8573 0.0032894737
19581 0.019736841
21632 0.0032894737
16770 0.0032894737
9862 0.0065789474
17294 0.0032894737
11151 0.0032894737
6032 0.0065789474
17553 0.0032894737
10897 0.013157895
9362 0.0032894737
150 0.0032894737
7830 0.032894738
8343 0.019736841
11932 0.013157895
13983 0.0032894737
3745 0.0032894737
14757 0.0032894737
5801 0.08223684
6828 0.0032894737
12205 0.0032894737
19120 0.0032894737
8371 0.0032894737
20405 0.023026315
5825 0.0065789474
19137 0.0065789474
16582 0.0032894737
2758 0.0065789474
2764 0.0032894737
5580 0.0032894737
13260 0.0065789474
716 0.009868421
7117 0.0032894737
18381 0.009868421
2765 0.023026315
462 0.0032894737
20942 0.0032894737
718 0.0065789474
1488 0.0065789474
13521 0.0032894737
10451 0.016447369
3288 0.0032894737
22233 0.0032894737
2269 0.0032894737
5343 0.0032894737
4319 0.013157895
6623 0.016447369
19937 0.0032894737
20453 0.0032894737
5861 0.0032894737
2790 0.0032894737
6886 0.0065789474
8422 0.0065789474
16871 0.0032894737
20712 0.0032894737
3306 0.04276316
21995 0.0032894737
19183 0.0032894737
12016 0.0032894737
241 0.0065789474
14838 0.0065789474
16375 0.0032894737
11512 0.04605263
4091 0.009868421
6654 0.0032894737
19199 0.0032894737
