16384 0.0023809525
14338 0.0023809525
10242 0.023809524
5892 0.0023809525
5893 0.00952381
20998 0.0023809525
17415 0.0023809525
6409 0.0023809525
3339 0.0023809525
4111 0.0023809525
10767 0.004761905
13844 0.0023809525
22294 0.004761905
19736 0.023809524
21786 0.0023809525
4635 0.0023809525
21278 0.0023809525
6688 0.0023809525
11298 0.004761905
9250 0.011904762
6435 0.0023809525
13097 0.0023809525
18731 0.00952381
17196 0.0023809525
20269 0.0023809525
13613 0.004761905
15662 0.0023809525
8497 0.0023809525
19250 0.0023809525
10546 0.0023809525
8243 0.0023809525
17715 0.0023809525
20020 0.0023809525
21044 0.007142857
21813 0.007142857
566 0.0023809525
15417 0.0023809525
4665 0.007142857
14650 0.007142857
3130 0.011904762
13883 0.0023809525
19517 0.0023809525
11837 0.0023809525
22078 0.0023809525
18239 0.007142857
6976 0.0023809525
11073 0.0023809525
1858 0.0023809525
10821 0.045238096
12871 0.0023809525
8263 0.0023809525
2119 0.007142857
2632 0.0023809525
3144 0.0023809525
4169 0.0023809525
9801 0.004761905
8011 0.0023809525
18251 0.01904762
5453 0.0023809525
16717 0.004761905
3922 0.0023809525
9810 0.004761905
4949 0.0023809525
853 0.0023809525
11350 0.0023809525
20823 0.0023809525
18263 0.00952381
15960 0.004761905
11098 0.0023809525
13659 0.0023809525
15196 0.01904762
7007 0.0023809525
6239 0.007142857
16481 0.0023809525
6243 0.0023809525
20579 0.0023809525
10083 0.004761905
2662 0.0023809525
3430 0.0023809525
13929 0.01904762
109 0.0023809525
6509 0.004761905
13678 0.0023809525
10094 0.0023809525
3182 0.0023809525
9071 0.0023809525
11635 0.004761905
884 0.0023809525
19062 0.00952381
11644 0.0023809525
19837 0.004761905
19581 0.014285714
21632 0.0023809525
3456 0.004761905
11905 0.0023809525
11141 0.0023809525
8070 0.011904762
3719 0.0023809525
17294 0.0023809525
13710 0.0023809525
7567 0.011904762
18064 0.0023809525
6032 0.0023809525
10896 0.0023809525
10897 0.014285714
20883 0.00952381
8342 0.0023809525
4758 0.0023809525
7830 0.0023809525
8343 0.007142857
9880 0.0023809525
20638 0.0023809525
1182 0.0023809525
3745 0.007142857
11682 0.0023809525
8355 0.00952381
11431 0.014285714
13480 0.0023809525
15528 0.004761905
2731 0.004761905
6828 0.0023809525
19886 0.0023809525
8368 0.052380953
2226 0.0023809525
17075 0.0023809525
20405 0.026190476
19137 0.0023809525
5825 0.004761905
3522 0.0023809525
10691 0.0023809525
9157 0.0023809525
16582 0.004761905
18378 0.014285714
716 0.014285714
13260 0.01904762
18381 0.0023809525
19917 0.004761905
3790 0.0023809525
13521 0.0023809525
10451 0.033333335
11221 0.0023809525
5845 0.0023809525
11734 0.004761905
20696 0.0023809525
3288 0.01904762
22233 0.0023809525
7642 0.0023809525
16605 0.0023809525
4319 0.004761905
6116 0.004761905
5861 0.0023809525
16871 0.0023809525
18922 0.0023809525
14060 0.007142857
3566 0.0023809525
1006 0.014285714
19695 0.0023809525
18159 0.004761905
9201 0.0023809525
8433 0.0023809525
20723 0.004761905
17653 0.0023809525
9461 0.0023809525
14838 0.0023809525
11512 0.06428572
17659 0.0023809525
8444 0.004761905
253 0.0023809525
6143 0.007142857
