1795 0.01438849
8709 0.0035971224
5893 0.007194245
10246 0.0035971224
10248 0.0035971224
522 0.0035971224
5900 0.0035971224
16396 0.007194245
15629 0.0035971224
17935 0.0035971224
10767 0.007194245
19736 0.017985612
19737 0.0035971224
4635 0.010791367
12830 0.007194245
18975 0.0035971224
13345 0.0035971224
11298 0.0035971224
1324 0.010791367
13613 0.010791367
7474 0.0035971224
10546 0.010791367
2621 0.0035971224
18239 0.0035971224
11327 0.01438849
6465 0.0035971224
18758 0.0035971224
12871 0.0035971224
8263 0.007194245
4169 0.0035971224
18251 0.01438849
16717 0.0035971224
21588 0.0035971224
21076 0.007194245
18263 0.007194245
16984 0.0035971224
11611 0.0035971224
13659 0.007194245
10079 0.0035971224
6239 0.007194245
1376 0.0035971224
16481 0.0035971224
8545 0.0035971224
21345 0.0035971224
3430 0.0035971224
2662 0.0035971224
15975 0.0035971224
8297 0.010791367
874 0.0035971224
12138 0.007194245
109 0.0035971224
2674 0.007194245
12147 0.007194245
11635 0.025179856
4468 0.0035971224
884 0.01438849
19062 0.0035971224
1399 0.0035971224
15484 0.0035971224
8573 0.0035971224
19581 0.021582734
21632 0.0035971224
3456 0.0035971224
2176 0.017985612
18050 0.0035971224
11141 0.0035971224
9862 0.010791367
1932 0.0035971224
17294 0.0035971224
1166 0.0035971224
3982 0.007194245
6032 0.0035971224
18064 0.007194245
10897 0.017985612
8852 0.0035971224
8343 0.021582734
10651 0.0035971224
11932 0.0035971224
19356 0.010791367
4510 0.0035971224
11425 0.007194245
3745 0.007194245
8097 0.0323741
5801 0.010791367
7082 0.039568346
939 0.0035971224
19886 0.0035971224
9139 0.0035971224
9141 0.007194245
20405 0.021582734
11447 0.0035971224
5825 0.0035971224
1473 0.0035971224
19137 0.010791367
10691 0.0035971224
16582 0.0035971224
2758 0.007194245
3790 0.010791367
1488 0.0035971224
13521 0.0035971224
10451 0.025179856
7892 0.01438849
11221 0.0035971224
20696 0.010791367
22233 0.0035971224
16605 0.0035971224
4319 0.0035971224
6623 0.007194245
20192 0.0035971224
6116 0.0035971224
5349 0.0035971224
5861 0.0035971224
8422 0.0035971224
15847 0.0035971224
7914 0.0035971224
1006 0.010791367
8175 0.0035971224
18159 0.0035971224
19183 0.0035971224
22255 0.06834532
12016 0.0035971224
241 0.0035971224
18677 0.0035971224
17653 0.007194245
15608 0.010791367
11512 0.04676259
2041 0.0035971224
7421 0.0035971224
3839 0.0035971224
19711 0.0035971224
