5893 0.020761246
16390 0.0034602077
10246 0.0034602077
16646 0.0034602077
10763 0.0034602077
10767 0.0069204154
13844 0.0034602077
22294 0.0034602077
4118 0.0034602077
2327 0.0034602077
19736 0.017301038
19737 0.0034602077
4635 0.020761246
10012 0.0034602077
14365 0.010380623
13090 0.0034602077
9250 0.0069204154
16164 0.0034602077
4391 0.0034602077
17960 0.0034602077
18731 0.0069204154
19250 0.0034602077
22067 0.0034602077
21044 0.0034602077
14394 0.010380623
14650 0.013840831
11327 0.0069204154
18239 0.024221454
21312 0.0034602077
11073 0.0034602077
9538 0.0069204154
21828 0.0034602077
17476 0.0034602077
10821 0.0034602077
12614 0.0034602077
18758 0.0069204154
12871 0.0069204154
8263 0.0069204154
8011 0.0034602077
18251 0.024221454
19020 0.0034602077
14158 0.010380623
10065 0.0034602077
21076 0.0034602077
20823 0.0034602077
18263 0.010380623
20571 0.0034602077
6239 0.0034602077
13919 0.0069204154
16481 0.0034602077
2662 0.0034602077
5990 0.0069204154
3430 0.027681662
15209 0.0069204154
14443 0.0034602077
8811 0.0034602077
10095 0.0034602077
21872 0.013840831
11635 0.0069204154
884 0.0034602077
19581 0.024221454
1407 0.0034602077
21632 0.0034602077
13186 0.010380623
2690 0.017301038
8836 0.0034602077
11396 0.0069204154
8070 0.0034602077
9862 0.027681662
3982 0.0034602077
17294 0.0069204154
10896 0.0034602077
18064 0.0034602077
6032 0.0069204154
10897 0.024221454
8342 0.0034602077
20886 0.0034602077
150 0.013840831
8343 0.010380623
10651 0.020761246
11932 0.0069204154
18077 0.013840831
3745 0.0034602077
4513 0.0069204154
21667 0.0034602077
17316 0.0034602077
18340 0.0034602077
15528 0.0034602077
2473 0.0069204154
10417 0.0034602077
14515 0.0034602077
9139 0.010380623
20405 0.048442908
20150 0.0069204154
14011 0.0034602077
6588 0.0034602077
4286 0.0069204154
18623 0.0069204154
21698 0.0069204154
20163 0.0034602077
10691 0.010380623
18116 0.0034602077
16582 0.0034602077
2758 0.0034602077
718 0.0034602077
13521 0.0034602077
10451 0.027681662
3288 0.010380623
20696 0.017301038
22233 0.0034602077
21465 0.0034602077
10460 0.0034602077
13532 0.0034602077
989 0.0034602077
9951 0.0034602077
4319 0.013840831
6368 0.0034602077
2272 0.0034602077
2786 0.0034602077
5859 0.0069204154
6116 0.0034602077
20453 0.0034602077
8422 0.0034602077
14314 0.0069204154
7914 0.010380623
14060 0.0034602077
8433 0.0034602077
2550 0.0034602077
7160 0.0034602077
11512 0.055363324
