10246 0.026845638
16396 0.0067114094
17935 0.0067114094
10767 0.0067114094
8208 0.0067114094
19736 0.020134227
16409 0.0067114094
13855 0.0067114094
9250 0.0067114094
4903 0.0067114094
1837 0.013422819
16430 0.0067114094
8497 0.0067114094
19250 0.0067114094
6450 0.0067114094
14394 0.0067114094
14650 0.020134227
8251 0.0067114094
5947 0.0067114094
16957 0.0067114094
18239 0.026845638
4416 0.020134227
17985 0.0067114094
19011 0.0067114094
18758 0.0067114094
4934 0.0067114094
12871 0.013422819
8263 0.013422819
9544 0.0067114094
18251 0.0067114094
2892 0.013422819
11598 0.0067114094
9810 0.0067114094
5460 0.0067114094
8021 0.020134227
18263 0.0067114094
13919 0.0067114094
16481 0.0067114094
10083 0.0067114094
2662 0.0067114094
15209 0.013422819
4714 0.0067114094
14443 0.0067114094
15725 0.0067114094
10094 0.0067114094
21872 0.0067114094
10097 0.0067114094
21110 0.0067114094
8570 0.0067114094
21632 0.0067114094
16003 0.0067114094
9862 0.0067114094
16520 0.0067114094
18312 0.0067114094
15240 0.0067114094
3210 0.0067114094
14474 0.0067114094
13452 0.0067114094
17553 0.0067114094
10897 0.026845638
17815 0.0067114094
8343 0.0067114094
21404 0.0067114094
11932 0.0067114094
415 0.0067114094
3745 0.0067114094
11431 0.0067114094
5801 0.0067114094
2731 0.0067114094
7599 0.0067114094
20405 0.026845638
20150 0.0067114094
18623 0.0067114094
6336 0.0067114094
9408 0.0067114094
10691 0.0067114094
16582 0.0067114094
16592 0.0067114094
13521 0.0067114094
10451 0.033557046
7637 0.040268455
18134 0.0067114094
20438 0.0067114094
20696 0.013422819
22233 0.0067114094
21465 0.0067114094
14300 0.0067114094
4319 0.0067114094
6623 0.026845638
12001 0.0067114094
20453 0.0067114094
5349 0.013422819
16871 0.0067114094
19178 0.0067114094
1006 0.0067114094
18414 0.0067114094
20723 0.013422819
11512 0.0738255
16379 0.0067114094
