5893 0.011235955
16390 0.0028089888
10246 0.014044944
17415 0.008426966
16396 0.0056179776
15374 0.0028089888
5903 0.0056179776
13844 0.0028089888
8468 0.0028089888
18452 0.0028089888
19736 0.019662922
4635 0.008426966
16926 0.0028089888
12830 0.0056179776
12321 0.0028089888
9250 0.0028089888
4903 0.0028089888
4648 0.0028089888
13610 0.0028089888
21291 0.0028089888
10284 0.0028089888
2610 0.0028089888
10546 0.0028089888
21300 0.0028089888
14903 0.0028089888
4665 0.014044944
14394 0.0028089888
20538 0.0028089888
14650 0.019662922
11327 0.014044944
18239 0.019662922
2884 0.0028089888
10821 0.014044944
2119 0.0028089888
12871 0.0056179776
8263 0.008426966
18251 0.0028089888
4172 0.0028089888
21325 0.0028089888
6477 0.011235955
3922 0.0028089888
7254 0.008426966
18263 0.0056179776
13659 0.0028089888
15196 0.0028089888
14173 0.0028089888
10589 0.0028089888
13149 0.0028089888
16481 0.0028089888
21345 0.0028089888
10083 0.0028089888
2915 0.0028089888
20579 0.0056179776
3430 0.0056179776
13929 0.011235955
1134 0.0028089888
14705 0.011235955
11635 0.0028089888
884 0.0028089888
21621 0.0028089888
19062 0.0028089888
17272 0.0028089888
11644 0.0028089888
8573 0.0028089888
19581 0.016853932
21632 0.0028089888
2690 0.0056179776
11141 0.0056179776
8070 0.0056179776
9862 0.014044944
5000 0.0028089888
17294 0.0056179776
910 0.0056179776
7567 0.0056179776
18064 0.0028089888
6032 0.011235955
10897 0.008426966
20883 0.042134833
20886 0.0028089888
8343 0.011235955
21401 0.0056179776
13210 0.0028089888
8603 0.0028089888
11932 0.0028089888
16032 0.0028089888
13728 0.0056179776
3745 0.008426966
15011 0.0056179776
19622 0.0028089888
18598 0.011235955
15528 0.0028089888
5801 0.0056179776
7082 0.0028089888
10922 0.0056179776
2731 0.0028089888
5036 0.0028089888
2222 0.0028089888
19886 0.0056179776
9393 0.0056179776
4531 0.0028089888
20405 0.008426966
11958 0.0028089888
11960 0.0056179776
22202 0.0028089888
6588 0.0028089888
16064 0.0028089888
6336 0.0028089888
19137 0.0056179776
18882 0.0056179776
10691 0.0028089888
9157 0.0028089888
16582 0.0028089888
20426 0.0028089888
17355 0.0028089888
4556 0.0028089888
18381 0.0056179776
718 0.011235955
1488 0.0056179776
13521 0.0028089888
10451 0.025280898
20437 0.0028089888
8662 0.0028089888
17366 0.0028089888
20438 0.016853932
16599 0.0028089888
3288 0.016853932
22233 0.0028089888
7642 0.0028089888
731 0.0028089888
5083 0.011235955
13532 0.0028089888
14300 0.0056179776
4319 0.0028089888
2785 0.0028089888
21218 0.0028089888
6116 0.016853932
5605 0.0028089888
20453 0.0056179776
5861 0.0056179776
5349 0.014044944
8422 0.0028089888
2791 0.0028089888
7914 0.0028089888
3306 0.08146068
14060 0.0028089888
1261 0.0028089888
14829 0.0056179776
16621 0.0056179776
18414 0.0056179776
13039 0.0056179776
12016 0.0028089888
20723 0.0028089888
17651 0.0028089888
12020 0.0028089888
15348 0.0028089888
14838 0.0028089888
21752 0.0028089888
11512 0.019662922
14585 0.0028089888
15867 0.0028089888
6141 0.0028089888
19199 0.0028089888
6143 0.008426966
