8194 0.004608295
4100 0.004608295
5893 0.00921659
10246 0.00921659
17415 0.004608295
22029 0.004608295
1044 0.004608295
4635 0.013824885
12830 0.00921659
13855 0.004608295
6688 0.004608295
13345 0.013824885
9250 0.00921659
38 0.013824885
6952 0.004608295
2601 0.004608295
13610 0.004608295
4652 0.004608295
7471 0.004608295
8243 0.004608295
21044 0.004608295
14650 0.02764977
5691 0.004608295
319 0.004608295
11327 0.00921659
18239 0.00921659
2112 0.06912442
10821 0.00921659
18758 0.00921659
12871 0.004608295
8263 0.004608295
2119 0.004608295
18251 0.013824885
21841 0.004608295
21588 0.004608295
14165 0.00921659
18263 0.004608295
13662 0.004608295
16736 0.004608295
16481 0.004608295
21345 0.004608295
7265 0.00921659
20579 0.004608295
8297 0.004608295
8811 0.004608295
10095 0.004608295
13426 0.004608295
884 0.004608295
19062 0.004608295
19322 0.004608295
11644 0.00921659
19581 0.01843318
21632 0.004608295
2435 0.004608295
7299 0.00921659
16003 0.01843318
9862 0.00921659
3210 0.004608295
11151 0.004608295
17553 0.004608295
10897 0.013824885
18834 0.004608295
11925 0.013824885
7830 0.004608295
8343 0.013824885
16540 0.004608295
20127 0.004608295
13983 0.004608295
3745 0.004608295
12710 0.004608295
21160 0.004608295
15528 0.00921659
5036 0.004608295
12205 0.004608295
4531 0.004608295
8371 0.004608295
14515 0.013824885
20405 0.01843318
12470 0.00921659
2231 0.004608295
18872 0.004608295
16058 0.00921659
6336 0.004608295
5825 0.004608295
3522 0.004608295
10691 0.004608295
1221 0.004608295
16582 0.004608295
15046 0.004608295
1736 0.004608295
5323 0.004608295
17867 0.004608295
13521 0.004608295
10451 0.032258064
9685 0.01843318
22233 0.004608295
5083 0.004608295
4319 0.004608295
6623 0.032258064
13538 0.01843318
8163 0.004608295
19683 0.004608295
5096 0.004608295
20712 0.01843318
3306 0.004608295
1006 0.01843318
241 0.013824885
3058 0.004608295
10994 0.004608295
12020 0.004608295
9720 0.004608295
11512 0.05529954
7417 0.004608295
2041 0.004608295
3323 0.004608295
14587 0.004608295
12286 0.004608295
19199 0.004608295
6143 0.00921659
