8194 0.005988024
4100 0.023952097
5893 0.035928145
19718 0.011976048
16390 0.011976048
10246 0.017964073
6156 0.005988024
8972 0.011976048
19736 0.005988024
4635 0.017964073
9250 0.005988024
3619 0.005988024
8485 0.005988024
3878 0.005988024
13613 0.005988024
1076 0.005988024
14650 0.005988024
59 0.005988024
18239 0.011976048
1858 0.005988024
12871 0.005988024
2119 0.005988024
8263 0.017964073
18251 0.005988024
3921 0.005988024
1364 0.005988024
11350 0.011976048
8537 0.005988024
9310 0.011976048
22111 0.011976048
1376 0.011976048
16736 0.029940119
16481 0.005988024
20579 0.017964073
3430 0.005988024
13929 0.005988024
13162 0.005988024
109 0.005988024
11121 0.005988024
19062 0.005988024
887 0.023952097
8569 0.011976048
15484 0.005988024
12157 0.005988024
19581 0.005988024
21632 0.005988024
2176 0.005988024
2690 0.005988024
9862 0.005988024
4743 0.005988024
15755 0.005988024
6032 0.005988024
10897 0.011976048
8343 0.005988024
8855 0.017964073
3481 0.005988024
20891 0.017964073
3745 0.005988024
3491 0.017964073
17573 0.005988024
4014 0.005988024
4787 0.005988024
20405 0.017964073
2231 0.017964073
4283 0.005988024
956 0.005988024
9666 0.005988024
21698 0.005988024
10691 0.011976048
6853 0.005988024
16582 0.005988024
14022 0.005988024
19920 0.011976048
13521 0.005988024
10451 0.029940119
20437 0.005988024
8662 0.011976048
11734 0.017964073
20696 0.005988024
12765 0.005988024
4061 0.005988024
3807 0.005988024
4319 0.005988024
5859 0.005988024
20453 0.005988024
5349 0.005988024
6886 0.005988024
8422 0.005988024
2790 0.005988024
14060 0.017964073
1006 0.011976048
11504 0.005988024
15093 0.005988024
5367 0.005988024
11512 0.065868266
20217 0.005988024
6652 0.005988024
20477 0.011976048
17151 0.005988024
6143 0.011976048
