1408 0.0121951215
8194 0.024390243
3268 0.0121951215
5893 0.048780486
8070 0.0121951215
715 0.024390243
9227 0.036585364
716 0.0121951215
20624 0.0121951215
10451 0.06097561
13844 0.0121951215
8342 0.0121951215
18263 0.024390243
19736 0.0121951215
20696 0.048780486
19865 0.0121951215
13210 0.0121951215
10331 0.0121951215
3419 0.0121951215
13532 0.06097561
4319 0.0121951215
8288 0.0121951215
5025 0.0121951215
21345 0.0121951215
9250 0.0121951215
20579 0.0121951215
18340 0.0121951215
6116 0.0121951215
11236 0.036585364
5349 0.0121951215
8422 0.024390243
15528 0.0121951215
10025 0.036585364
21035 0.0121951215
13613 0.024390243
15087 0.0121951215
21487 0.024390243
14514 0.0121951215
21236 0.0121951215
884 0.0121951215
21621 0.0121951215
15606 0.0121951215
11512 0.085365854
6588 0.0121951215
19581 0.0121951215
14461 0.0121951215
11327 0.024390243
18239 0.024390243
