512 0.004347826
5892 0.004347826
5893 0.047826085
19718 0.004347826
10246 0.02173913
4111 0.004347826
10767 0.004347826
5135 0.004347826
17935 0.004347826
8208 0.004347826
19736 0.026086956
4635 0.004347826
8735 0.017391304
6688 0.004347826
21287 0.004347826
4903 0.008695652
7976 0.004347826
8491 0.008695652
6444 0.004347826
1837 0.004347826
11825 0.004347826
8243 0.004347826
7479 0.008695652
4665 0.004347826
14650 0.017391304
8508 0.004347826
10303 0.004347826
11327 0.004347826
18239 0.013043478
21312 0.004347826
1858 0.004347826
18501 0.004347826
12871 0.004347826
6215 0.004347826
4169 0.004347826
8011 0.004347826
18251 0.017391304
16717 0.004347826
21325 0.004347826
17486 0.004347826
21841 0.004347826
18263 0.026086956
13659 0.02173913
15196 0.004347826
7007 0.004347826
16736 0.034782607
16481 0.004347826
21345 0.008695652
2915 0.004347826
3430 0.004347826
5735 0.004347826
13929 0.004347826
15209 0.004347826
17262 0.004347826
10350 0.034782607
884 0.004347826
19062 0.004347826
1399 0.004347826
8573 0.004347826
19581 0.004347826
125 0.004347826
21632 0.004347826
2690 0.004347826
2186 0.004347826
15755 0.004347826
10125 0.004347826
21647 0.004347826
7567 0.017391304
10896 0.004347826
8592 0.004347826
18064 0.004347826
10897 0.026086956
17298 0.004347826
15510 0.004347826
17815 0.004347826
8343 0.004347826
1944 0.004347826
21401 0.004347826
9116 0.004347826
11932 0.004347826
4510 0.004347826
3745 0.008695652
12710 0.004347826
15528 0.004347826
5801 0.004347826
2731 0.004347826
13485 0.004347826
11701 0.004347826
20405 0.008695652
18623 0.004347826
18624 0.004347826
19137 0.008695652
9666 0.004347826
14530 0.004347826
16582 0.004347826
20167 0.026086956
3530 0.004347826
19916 0.004347826
4815 0.004347826
13521 0.004347826
10451 0.02173913
20437 0.004347826
15831 0.004347826
16599 0.013043478
17114 0.004347826
7386 0.004347826
5083 0.004347826
7135 0.004347826
4319 0.004347826
9183 0.008695652
8163 0.008695652
21476 0.008695652
6116 0.02173913
2022 0.004347826
6886 0.008695652
7914 0.004347826
1006 0.008695652
18159 0.004347826
12271 0.008695652
8177 0.004347826
8433 0.004347826
7160 0.004347826
11512 0.060869563
2041 0.004347826
15610 0.004347826
253 0.004347826
6654 0.008695652
