8194 0.003649635
5893 0.00729927
10246 0.003649635
10763 0.003649635
15629 0.003649635
10767 0.00729927
13844 0.003649635
19736 0.01459854
6425 0.003649635
8474 0.003649635
4635 0.003649635
18972 0.010948905
14365 0.003649635
18462 0.003649635
9250 0.003649635
8743 0.003649635
21033 0.003649635
4649 0.003649635
10025 0.010948905
2602 0.003649635
18731 0.00729927
13613 0.003649635
22064 0.00729927
7474 0.003649635
21813 0.003649635
9015 0.003649635
14650 0.00729927
12606 0.003649635
18239 0.01459854
576 0.003649635
10821 0.018248174
12614 0.003649635
12871 0.003649635
18251 0.025547445
3148 0.00729927
6222 0.003649635
10321 0.003649635
14677 0.003649635
18263 0.010948905
3928 0.003649635
2393 0.003649635
15961 0.003649635
13659 0.003649635
15196 0.003649635
16481 0.003649635
21345 0.003649635
3430 0.003649635
14185 0.003649635
15209 0.003649635
9066 0.003649635
874 0.010948905
3182 0.003649635
10094 0.00729927
19826 0.003649635
11635 0.01459854
884 0.003649635
21621 0.00729927
14966 0.003649635
8573 0.003649635
19581 0.018248174
3455 0.003649635
21632 0.003649635
11905 0.003649635
19329 0.003649635
3969 0.010948905
16003 0.003649635
8837 0.00729927
9862 0.01459854
15755 0.003649635
17294 0.00729927
11151 0.003649635
9615 0.06934307
18064 0.003649635
6032 0.003649635
10897 0.01459854
8342 0.003649635
8343 0.003649635
19098 0.00729927
11932 0.010948905
13983 0.003649635
22175 0.003649635
7071 0.003649635
3745 0.003649635
1953 0.003649635
14757 0.003649635
165 0.003649635
11431 0.02189781
1960 0.00729927
6317 0.003649635
19886 0.010948905
12208 0.00729927
8368 0.025547445
2226 0.003649635
20402 0.003649635
14515 0.003649635
20404 0.003649635
20405 0.02919708
20150 0.003649635
9911 0.003649635
11193 0.003649635
20418 0.003649635
16582 0.003649635
18378 0.003649635
13260 0.010948905
19917 0.003649635
2509 0.003649635
1488 0.00729927
13521 0.003649635
10451 0.054744527
20438 0.00729927
21465 0.003649635
7642 0.003649635
20698 0.00729927
731 0.003649635
5083 0.025547445
13532 0.00729927
14556 0.02189781
21983 0.003649635
4319 0.003649635
2016 0.003649635
5859 0.003649635
6116 0.00729927
5861 0.003649635
20453 0.003649635
18410 0.003649635
3306 0.003649635
14060 0.003649635
1773 0.003649635
1006 0.010948905
496 0.003649635
11512 0.047445256
2041 0.003649635
6654 0.003649635
6143 0.010948905
