14336 0.0030395137
9218 0.0030395137
8194 0.009118541
16131 0.0030395137
4100 0.0060790274
5892 0.009118541
5893 0.015197569
16390 0.021276595
17415 0.0030395137
10763 0.0030395137
9227 0.0060790274
8972 0.0060790274
20750 0.0030395137
7952 0.0030395137
275 0.0030395137
13844 0.0030395137
5140 0.0030395137
278 0.0030395137
22294 0.0030395137
4888 0.0030395137
19736 0.009118541
6426 0.0030395137
4635 0.0030395137
16669 0.0060790274
2335 0.0030395137
6688 0.0030395137
21541 0.0030395137
18731 0.0060790274
17196 0.0030395137
13613 0.0060790274
22064 0.009118541
19761 0.0030395137
10546 0.0060790274
18996 0.0030395137
20020 0.0060790274
14650 0.009118541
18239 0.0060790274
13377 0.0030395137
10821 0.0060790274
18758 0.012158055
12871 0.0030395137
8263 0.0030395137
5192 0.0030395137
7752 0.018237082
18251 0.0030395137
11598 0.0030395137
10321 0.0030395137
3922 0.0060790274
16724 0.0030395137
21076 0.0030395137
21588 0.0030395137
16980 0.0030395137
20566 0.0030395137
20823 0.0030395137
8791 0.0060790274
18263 0.06990881
4440 0.0030395137
13659 0.0060790274
20571 0.009118541
13149 0.0030395137
4446 0.0030395137
6239 0.0030395137
7007 0.0030395137
16481 0.0030395137
20579 0.0060790274
10083 0.009118541
10344 0.0030395137
13160 0.0030395137
4202 0.0030395137
14451 0.0030395137
11635 0.030395137
21621 0.009118541
15222 0.0030395137
12663 0.0030395137
16760 0.0030395137
1913 0.0030395137
8573 0.0030395137
6525 0.0030395137
21632 0.0030395137
3456 0.0030395137
13442 0.0030395137
2690 0.0030395137
16003 0.0030395137
9862 0.039513677
3464 0.0030395137
15755 0.0030395137
20367 0.0060790274
11151 0.0060790274
10896 0.0030395137
18064 0.0030395137
6032 0.0030395137
8592 0.0060790274
10897 0.018237082
18834 0.0030395137
8851 0.0030395137
8342 0.0030395137
8343 0.012158055
5786 0.0030395137
2204 0.0030395137
11932 0.0030395137
1948 0.0030395137
13983 0.0030395137
20127 0.0060790274
16032 0.0030395137
3745 0.0030395137
4513 0.0030395137
4003 0.0030395137
7077 0.0030395137
14757 0.0030395137
16806 0.0030395137
15528 0.012158055
2731 0.0030395137
8111 0.0030395137
21679 0.0060790274
12464 0.0060790274
14514 0.0030395137
6836 0.0030395137
7349 0.0030395137
20405 0.018237082
4025 0.0030395137
6588 0.0060790274
15037 0.0030395137
12734 0.0060790274
16064 0.0030395137
21698 0.0030395137
10691 0.012158055
3268 0.0030395137
16837 0.0030395137
16582 0.0030395137
1224 0.0030395137
11467 0.0030395137
13516 0.0030395137
716 0.0060790274
19917 0.0030395137
9936 0.0030395137
13521 0.0030395137
10451 0.039513677
20437 0.0030395137
14806 0.0030395137
11734 0.0030395137
3288 0.0030395137
20696 0.018237082
9689 0.0030395137
1754 0.0030395137
13532 0.0030395137
17375 0.0030395137
4319 0.0030395137
6882 0.0030395137
17378 0.0030395137
3300 0.0030395137
5861 0.0030395137
20453 0.0060790274
2791 0.0030395137
15337 0.0030395137
14314 0.0060790274
14060 0.018237082
1006 0.012158055
21487 0.0030395137
20723 0.0060790274
21236 0.0030395137
15606 0.0030395137
11512 0.04255319
2041 0.0060790274
253 0.0030395137
5631 0.0030395137
6143 0.009118541
