8194 0.0138121545
10499 0.002762431
17156 0.002762431
20484 0.002762431
5893 0.008287293
18693 0.0138121545
10246 0.005524862
9227 0.019337017
16396 0.005524862
5900 0.005524862
20750 0.002762431
10767 0.002762431
15120 0.002762431
275 0.002762431
11541 0.002762431
19736 0.005524862
4635 0.011049724
9250 0.005524862
6435 0.002762431
4903 0.005524862
4649 0.002762431
7209 0.005524862
3114 0.002762431
21291 0.002762431
18731 0.005524862
2605 0.008287293
3119 0.002762431
8497 0.005524862
8243 0.002762431
21044 0.005524862
21813 0.002762431
311 0.002762431
4665 0.002762431
3130 0.002762431
14650 0.008287293
22076 0.002762431
18239 0.002762431
11327 0.008287293
13380 0.002762431
10821 0.008287293
19526 0.002762431
18758 0.005524862
12871 0.002762431
6215 0.002762431
19271 0.002762431
8263 0.005524862
11336 0.002762431
19018 0.002762431
16203 0.002762431
18251 0.011049724
16717 0.005524862
6222 0.002762431
11598 0.002762431
18258 0.002762431
3922 0.008287293
21076 0.002762431
15959 0.002762431
18263 0.008287293
13659 0.005524862
5212 0.002762431
14684 0.005524862
15196 0.03038674
7007 0.005524862
16736 0.011049724
16481 0.002762431
10083 0.002762431
20579 0.005524862
5990 0.002762431
2662 0.002762431
3430 0.008287293
15721 0.005524862
13929 0.019337017
8554 0.002762431
12141 0.002762431
6509 0.005524862
17262 0.002762431
21872 0.002762431
8561 0.002762431
18546 0.002762431
2674 0.002762431
21621 0.019337017
14455 0.002762431
13689 0.002762431
18298 0.002762431
19581 0.008287293
21632 0.002762431
9862 0.008287293
16520 0.002762431
15755 0.002762431
20367 0.002762431
7567 0.011049724
21136 0.002762431
6032 0.005524862
9617 0.002762431
2705 0.002762431
10897 0.019337017
18834 0.002762431
13714 0.008287293
19603 0.002762431
3219 0.005524862
150 0.002762431
8342 0.005524862
8855 0.002762431
13463 0.005524862
19865 0.002762431
1691 0.002762431
13983 0.002762431
3745 0.005524862
15011 0.002762431
4004 0.002762431
11432 0.002762431
3243 0.002762431
2476 0.005524862
19886 0.005524862
21679 0.002762431
12975 0.019337017
10417 0.005524862
7090 0.002762431
17842 0.002762431
13491 0.002762431
19124 0.002762431
20405 0.019337017
20150 0.002762431
19126 0.005524862
4025 0.002762431
11961 0.002762431
14011 0.002762431
18369 0.002762431
10691 0.002762431
4547 0.002762431
14788 0.008287293
9157 0.002762431
16582 0.002762431
11462 0.002762431
13260 0.005524862
19917 0.002762431
2509 0.008287293
2765 0.011049724
19408 0.002762431
13521 0.002762431
5075 0.002762431
10451 0.044198897
20437 0.002762431
14293 0.002762431
11221 0.005524862
20696 0.002762431
3288 0.011049724
7642 0.002762431
4314 0.002762431
17114 0.005524862
5083 0.002762431
14300 0.002762431
16605 0.002762431
3038 0.002762431
478 0.005524862
4319 0.002762431
20959 0.002762431
7135 0.002762431
6623 0.005524862
2785 0.002762431
18146 0.002762431
8163 0.002762431
18915 0.002762431
5859 0.005524862
6116 0.005524862
20453 0.002762431
5349 0.002762431
21733 0.002762431
2791 0.005524862
11241 0.002762431
3306 0.011049724
14060 0.005524862
14061 0.002762431
1006 0.008287293
19695 0.002762431
13039 0.002762431
7921 0.002762431
2802 0.002762431
20723 0.002762431
4342 0.002762431
14838 0.005524862
11512 0.049723756
2041 0.005524862
22270 0.002762431
6654 0.011049724
