19712 0.0037313432
7938 0.0074626864
8194 0.01119403
5892 0.0037313432
8709 0.0037313432
5893 0.02238806
10246 0.0037313432
17415 0.0037313432
20231 0.03358209
6409 0.0037313432
14860 0.0037313432
17932 0.0037313432
5903 0.0037313432
10767 0.0037313432
13844 0.0037313432
16409 0.0037313432
4635 0.0074626864
5149 0.0037313432
10016 0.0074626864
9250 0.0074626864
11813 0.0037313432
38 0.0037313432
8743 0.0037313432
4649 0.0037313432
12586 0.0037313432
6444 0.0037313432
13613 0.0037313432
10546 0.018656716
21813 0.0074626864
311 0.0037313432
14650 0.0074626864
18239 0.0037313432
1858 0.01119403
18501 0.0037313432
18758 0.01119403
2119 0.0074626864
12871 0.0074626864
18251 0.04477612
20813 0.0037313432
2896 0.0037313432
10065 0.0037313432
16724 0.0037313432
21076 0.01119403
18263 0.0074626864
2393 0.0037313432
10331 0.0037313432
11611 0.0037313432
861 0.01119403
8288 0.0037313432
1376 0.0037313432
16481 0.0037313432
21345 0.0037313432
20579 0.0037313432
3430 0.0037313432
15209 0.0037313432
4971 0.0037313432
11635 0.0037313432
19062 0.0037313432
4218 0.0037313432
19581 0.0037313432
4477 0.0037313432
8573 0.0074626864
21632 0.0037313432
16002 0.0037313432
11141 0.01119403
15755 0.0037313432
21133 0.029850746
11151 0.0037313432
7567 0.0074626864
20367 0.0074626864
6032 0.0037313432
10896 0.0074626864
9361 0.0037313432
10897 0.018656716
150 0.0037313432
8342 0.029850746
8343 0.0037313432
13463 0.0037313432
8603 0.0037313432
3745 0.01119403
12710 0.018656716
13741 0.0037313432
19886 0.0037313432
13235 0.0037313432
9139 0.0037313432
4789 0.0037313432
20405 0.029850746
5559 0.0037313432
3515 0.0037313432
7104 0.0037313432
16064 0.01119403
19137 0.0037313432
1217 0.0037313432
10691 0.0037313432
16582 0.0037313432
12745 0.014925373
3530 0.014925373
716 0.0037313432
7374 0.0037313432
20942 0.0037313432
1488 0.018656716
13521 0.0037313432
209 0.01119403
10451 0.05970149
3288 0.0074626864
11482 0.0037313432
16095 0.0037313432
6111 0.0037313432
4319 0.014925373
5861 0.0037313432
5349 0.0037313432
16869 0.0037313432
16871 0.0037313432
5096 0.0037313432
4842 0.0037313432
1006 0.018656716
10992 0.0074626864
12016 0.0074626864
241 0.0074626864
3058 0.0037313432
20723 0.0037313432
2292 0.0037313432
12535 0.01119403
11512 0.052238807
3323 0.0037313432
6654 0.0074626864
6143 0.0074626864
