21632 0.006329114
4612 0.006329114
5892 0.012658228
11141 0.006329114
5893 0.012658228
19461 0.050632913
9862 0.006329114
10246 0.012658228
17415 0.006329114
6409 0.012658228
15755 0.006329114
16396 0.006329114
5900 0.006329114
17294 0.012658228
8592 0.006329114
18064 0.006329114
10897 0.03164557
13844 0.006329114
19605 0.006329114
8343 0.012658228
19736 0.006329114
12442 0.006329114
1051 0.006329114
15003 0.006329114
10651 0.012658228
7071 0.006329114
3745 0.012658228
9250 0.006329114
8355 0.006329114
12710 0.006329114
4903 0.006329114
6952 0.006329114
13097 0.006329114
2731 0.006329114
10417 0.006329114
7474 0.012658228
8243 0.006329114
21813 0.012658228
693 0.01898734
20405 0.025316456
19126 0.006329114
2231 0.012658228
14650 0.056962024
4923 0.006329114
12476 0.006329114
11327 0.012658228
18369 0.006329114
19137 0.006329114
10691 0.006329114
21317 0.006329114
6853 0.006329114
10821 0.01898734
16582 0.006329114
12871 0.006329114
8135 0.006329114
6091 0.006329114
18251 0.050632913
13260 0.006329114
6220 0.006329114
12108 0.006329114
1488 0.006329114
13521 0.006329114
10451 0.012658228
20823 0.006329114
18263 0.012658228
5083 0.006329114
15196 0.012658228
7007 0.006329114
4319 0.025316456
16736 0.01898734
16481 0.006329114
20453 0.006329114
5349 0.012658228
3430 0.006329114
2791 0.006329114
16871 0.006329114
13929 0.012658228
7914 0.006329114
14060 0.006329114
621 0.012658228
1006 0.012658228
19695 0.006329114
21872 0.006329114
20723 0.012658228
12020 0.006329114
21493 0.006329114
19192 0.006329114
11512 0.025316456
20217 0.006329114
17658 0.006329114
14461 0.012658228
19581 0.012658228
6654 0.006329114
6143 0.012658228
