8193 0.0037453184
4100 0.0037453184
10244 0.029962547
5893 0.007490637
10246 0.0037453184
16390 0.007490637
2823 0.0037453184
17415 0.037453182
10250 0.0037453184
9227 0.007490637
5900 0.0037453184
8463 0.007490637
19216 0.0037453184
15121 0.0037453184
22035 0.0037453184
6164 0.0037453184
13844 0.0037453184
4635 0.0037453184
11296 0.0037453184
9250 0.0037453184
20771 0.007490637
14884 0.0037453184
1829 0.0037453184
8493 0.0037453184
8237 0.0037453184
1325 0.007490637
21295 0.0037453184
1072 0.007490637
19250 0.0037453184
17202 0.0037453184
10546 0.007490637
4923 0.0037453184
11327 0.007490637
18239 0.011235955
1858 0.0037453184
6725 0.011235955
12871 0.0037453184
2119 0.0037453184
18251 0.011235955
16717 0.014981274
7502 0.0037453184
7246 0.0037453184
9295 0.0037453184
18258 0.0037453184
21076 0.0037453184
20823 0.0037453184
18263 0.007490637
4440 0.007490637
4697 0.0037453184
20571 0.007490637
21340 0.0037453184
12640 0.0037453184
16481 0.0037453184
21345 0.0037453184
13922 0.007490637
20579 0.0037453184
12899 0.0037453184
19303 0.0037453184
874 0.0037453184
15469 0.0037453184
10350 0.0037453184
10094 0.011235955
21618 0.0037453184
11635 0.007490637
884 0.0037453184
5236 0.0037453184
19062 0.0037453184
14966 0.0037453184
13435 0.0037453184
8573 0.0037453184
19581 0.011235955
21632 0.0037453184
18305 0.0037453184
16003 0.007490637
11141 0.0037453184
9862 0.0037453184
16520 0.0037453184
20360 0.007490637
15755 0.0037453184
17294 0.0037453184
18064 0.0037453184
10896 0.0037453184
10897 0.007490637
13714 0.0037453184
8342 0.0037453184
4758 0.0037453184
8855 0.0037453184
8343 0.007490637
16024 0.0037453184
13977 0.0037453184
13210 0.0037453184
21403 0.0037453184
10651 0.018726591
11932 0.007490637
12190 0.0037453184
927 0.007490637
3745 0.007490637
7077 0.0037453184
14757 0.0037453184
12710 0.011235955
15528 0.0037453184
14507 0.0037453184
8876 0.0037453184
12976 0.007490637
8368 0.026217228
14514 0.0037453184
12980 0.0037453184
4789 0.0037453184
20405 0.0037453184
12470 0.0037453184
6588 0.0037453184
18877 0.0037453184
5825 0.007490637
14788 0.014981274
16582 0.007490637
10184 0.0037453184
3530 0.02247191
6091 0.018726591
718 0.007490637
12495 0.0037453184
1488 0.0037453184
20176 0.0037453184
13521 0.0037453184
12242 0.0037453184
10451 0.011235955
7124 0.011235955
20437 0.0037453184
7897 0.0037453184
5849 0.007490637
21465 0.011235955
731 0.0037453184
14300 0.0037453184
16605 0.0037453184
9183 0.0037453184
4319 0.011235955
20959 0.018726591
5859 0.0037453184
6116 0.0037453184
5861 0.0037453184
15849 0.0037453184
11241 0.0037453184
3306 0.0037453184
2026 0.0037453184
8172 0.0037453184
14060 0.0037453184
7660 0.0037453184
17388 0.0037453184
14061 0.0037453184
1262 0.007490637
18414 0.011235955
19183 0.0037453184
12016 0.007490637
11504 0.007490637
241 0.0037453184
12531 0.0037453184
21493 0.0037453184
1527 0.0037453184
11512 0.033707865
8444 0.0037453184
6141 0.0037453184
22270 0.0037453184
13566 0.0037453184
3839 0.0037453184
