5893 0.0037593986
8709 0.0037593986
18693 0.007518797
10246 0.015037594
13831 0.0037593986
17415 0.0037593986
5900 0.0037593986
16396 0.0037593986
10767 0.007518797
15120 0.0037593986
13844 0.0037593986
19736 0.0037593986
6936 0.0037593986
6939 0.0037593986
4635 0.0037593986
12830 0.0037593986
21278 0.0037593986
13855 0.007518797
13345 0.007518797
11298 0.007518797
20516 0.0037593986
21541 0.0037593986
4647 0.0037593986
6952 0.018796992
13097 0.0037593986
13613 0.0037593986
10030 0.0037593986
10546 0.0037593986
11827 0.011278195
21044 0.007518797
21813 0.0037593986
21559 0.0037593986
311 0.0037593986
7479 0.0037593986
4665 0.0037593986
14650 0.0037593986
19004 0.0037593986
11327 0.0037593986
18239 0.0037593986
10821 0.0037593986
20550 0.0037593986
8263 0.007518797
12871 0.007518797
3658 0.0037593986
18251 0.030075189
16717 0.0037593986
337 0.0037593986
17490 0.0037593986
3922 0.0037593986
8021 0.0037593986
20823 0.0037593986
20315 0.007518797
6239 0.011278195
8288 0.0037593986
13664 0.0037593986
16481 0.0037593986
14692 0.015037594
20325 0.0037593986
3430 0.0037593986
11367 0.0037593986
13159 0.0037593986
5735 0.0037593986
8297 0.0037593986
6509 0.0037593986
11635 0.0037593986
12918 0.0037593986
14966 0.0037593986
3449 0.0037593986
11644 0.0037593986
15484 0.0037593986
19581 0.030075189
21632 0.0037593986
2690 0.011278195
16003 0.011278195
5253 0.0037593986
13448 0.0037593986
15755 0.0037593986
17294 0.0037593986
11151 0.0037593986
7567 0.0037593986
10897 0.015037594
20883 0.0037593986
11925 0.018796992
20630 0.0037593986
8343 0.02255639
8857 0.011278195
13210 0.007518797
11932 0.0037593986
2204 0.007518797
2973 0.0037593986
13983 0.0037593986
14753 0.0037593986
3745 0.007518797
18599 0.007518797
2473 0.0037593986
7082 0.011278195
10412 0.0037593986
8368 0.018796992
7090 0.0037593986
14514 0.007518797
14515 0.018796992
6836 0.0037593986
9141 0.0037593986
20405 0.02631579
19126 0.0037593986
2231 0.0037593986
7865 0.0037593986
15550 0.0037593986
19646 0.007518797
16064 0.0037593986
6339 0.0037593986
3268 0.0037593986
16582 0.0037593986
6091 0.007518797
718 0.0037593986
11214 0.011278195
19918 0.015037594
13521 0.0037593986
467 0.0037593986
10451 0.015037594
20696 0.007518797
21465 0.007518797
7642 0.0037593986
2012 0.0037593986
13532 0.0037593986
6623 0.015037594
4319 0.02631579
19683 0.0037593986
3300 0.0037593986
6116 0.007518797
5861 0.0037593986
20453 0.0037593986
5349 0.0037593986
6886 0.0037593986
2791 0.011278195
20712 0.018796992
12522 0.0037593986
492 0.0037593986
1006 0.015037594
19183 0.0037593986
8175 0.0037593986
1007 0.011278195
9716 0.0037593986
2292 0.0037593986
18677 0.0037593986
15606 0.0037593986
16886 0.0037593986
11512 0.02255639
2041 0.0037593986
17659 0.0037593986
14587 0.007518797
