6144 0.0027472528
19461 0.0027472528
5893 0.008241759
7430 0.0027472528
10246 0.0027472528
16390 0.0054945056
8 0.0027472528
13576 0.0027472528
6409 0.0027472528
16394 0.0027472528
1805 0.0054945056
1295 0.0027472528
5903 0.0054945056
20496 0.0027472528
10003 0.0027472528
13844 0.0027472528
8468 0.0054945056
10005 0.0027472528
19736 0.0027472528
4635 0.010989011
14622 0.0027472528
13855 0.0027472528
13857 0.0054945056
16161 0.008241759
22050 0.0027472528
11298 0.0027472528
9250 0.024725275
2083 0.0027472528
21541 0.0027472528
4903 0.0027472528
2601 0.0027472528
13097 0.0027472528
7209 0.0027472528
298 0.0027472528
13613 0.0027472528
21038 0.024725275
18991 0.0027472528
8497 0.008241759
21044 0.0027472528
20020 0.0054945056
13622 0.0027472528
14903 0.0027472528
6717 0.0027472528
11327 0.0027472528
10821 0.0054945056
18758 0.0027472528
12871 0.0027472528
6215 0.0027472528
8263 0.0054945056
14153 0.0027472528
18251 0.0027472528
16717 0.0027472528
16724 0.0027472528
20052 0.0027472528
20309 0.0054945056
15446 0.0054945056
20823 0.0027472528
18263 0.0027472528
1114 0.0027472528
3419 0.0027472528
12635 0.0027472528
9310 0.0027472528
6239 0.0054945056
16481 0.0027472528
10083 0.0027472528
20579 0.008241759
3430 0.013736264
13929 0.0027472528
6509 0.0027472528
10350 0.0027472528
8814 0.0027472528
10094 0.0027472528
9073 0.0027472528
2674 0.0027472528
11635 0.0027472528
15220 0.0027472528
884 0.0054945056
18038 0.0054945056
2936 0.0027472528
6010 0.0027472528
19066 0.0054945056
125 0.0027472528
19581 0.016483517
21632 0.0027472528
8836 0.008241759
9862 0.008241759
16519 0.024725275
16520 0.0027472528
20360 0.0027472528
15755 0.0027472528
8843 0.0027472528
17294 0.0027472528
7567 0.010989011
8592 0.0027472528
18064 0.0027472528
10896 0.010989011
9361 0.0027472528
657 0.0054945056
10897 0.008241759
20883 0.07417583
17812 0.0027472528
8342 0.0027472528
4758 0.010989011
8343 0.0054945056
17561 0.0027472528
4510 0.0027472528
18080 0.0027472528
3745 0.016483517
6566 0.0027472528
5290 0.0027472528
6317 0.0027472528
12205 0.0027472528
5293 0.024725275
7598 0.0027472528
17070 0.0054945056
8111 0.008241759
9393 0.0027472528
8371 0.0027472528
20405 0.0054945056
2489 0.0027472528
6588 0.0027472528
16573 0.0027472528
14525 0.0027472528
20414 0.0027472528
11454 0.0027472528
6336 0.0027472528
19137 0.0027472528
4801 0.0027472528
18369 0.010989011
9666 0.0027472528
3522 0.0027472528
10691 0.0054945056
3268 0.0027472528
14533 0.0027472528
16582 0.0027472528
18378 0.016483517
6091 0.0027472528
1740 0.0027472528
5581 0.0027472528
13521 0.0027472528
10451 0.016483517
11220 0.0027472528
9174 0.0027472528
20696 0.027472528
731 0.0027472528
14300 0.0027472528
12765 0.027472528
5859 0.0054945056
12771 0.021978023
20196 0.0054945056
6116 0.016483517
20453 0.016483517
8422 0.0054945056
15592 0.0054945056
14060 0.0027472528
1006 0.01923077
21487 0.0027472528
12016 0.0054945056
20209 0.0027472528
8947 0.0027472528
20723 0.0054945056
12020 0.008241759
21752 0.0027472528
11512 0.03021978
2041 0.0027472528
6141 0.0054945056
5885 0.010989011
6143 0.0054945056
