19712 0.0025839794
8194 0.0025839794
17156 0.0025839794
5380 0.0025839794
8709 0.0025839794
5893 0.023255814
16646 0.0025839794
10246 0.020671835
519 0.0025839794
10763 0.007751938
16396 0.0025839794
10767 0.010335918
8208 0.0025839794
6931 0.0025839794
8468 0.005167959
13844 0.005167959
19736 0.025839793
4635 0.005167959
15900 0.0025839794
5149 0.0025839794
7965 0.0025839794
11808 0.0025839794
13857 0.0025839794
22050 0.005167959
9250 0.005167959
21541 0.0025839794
20005 0.0025839794
16935 0.0025839794
4649 0.0025839794
298 0.0025839794
13613 0.0025839794
10546 0.007751938
20020 0.007751938
21813 0.0025839794
14903 0.0025839794
6970 0.0025839794
14650 0.007751938
59 0.0025839794
19773 0.0025839794
7486 0.0025839794
8254 0.0025839794
319 0.0025839794
18239 0.010335918
10817 0.005167959
7747 0.0025839794
10821 0.005167959
18758 0.0025839794
12871 0.0025839794
71 0.0025839794
6215 0.007751938
8263 0.010335918
18251 0.010335918
20813 0.0025839794
16717 0.007751938
5455 0.0025839794
9810 0.0025839794
3922 0.007751938
84 0.0025839794
10326 0.0025839794
18263 0.0025839794
13659 0.0025839794
13662 0.0025839794
9310 0.0025839794
13919 0.005167959
7007 0.010335918
16481 0.0025839794
20579 0.0025839794
14181 0.0025839794
3430 0.005167959
15209 0.0025839794
14185 0.0025839794
109 0.0025839794
21102 0.0025839794
12398 0.005167959
11121 0.0025839794
13426 0.0025839794
22131 0.0025839794
21621 0.007751938
19062 0.0025839794
12664 0.0025839794
12413 0.005167959
8573 0.007751938
19581 0.012919896
639 0.0025839794
21632 0.0025839794
3456 0.007751938
11905 0.0025839794
13186 0.0025839794
8834 0.0025839794
22147 0.0025839794
11141 0.010335918
9862 0.0025839794
8070 0.005167959
3210 0.0025839794
10890 0.007751938
15755 0.0025839794
17294 0.0025839794
6032 0.0025839794
8592 0.0025839794
18064 0.007751938
10897 0.007751938
13714 0.005167959
1427 0.0025839794
20883 0.005167959
20627 0.020671835
8342 0.0025839794
8343 0.012919896
21401 0.0025839794
16026 0.0025839794
13210 0.0025839794
2973 0.0025839794
13471 0.0025839794
20127 0.0025839794
3745 0.005167959
2210 0.0025839794
10917 0.0025839794
16806 0.0025839794
12710 0.007751938
15528 0.007751938
5801 0.0025839794
2731 0.0025839794
13485 0.0025839794
8368 0.025839793
11443 0.0025839794
20405 0.020671835
21432 0.0025839794
19641 0.005167959
6588 0.0025839794
4286 0.0025839794
18623 0.0025839794
16064 0.0025839794
1217 0.0025839794
14788 0.005167959
21444 0.005167959
9157 0.0025839794
9413 0.0025839794
16582 0.0025839794
2758 0.0025839794
1737 0.0025839794
17867 0.0025839794
6091 0.03875969
13260 0.0025839794
1488 0.0025839794
13521 0.0025839794
10451 0.025839793
7124 0.007751938
17109 0.0025839794
5845 0.0025839794
17365 0.0025839794
16599 0.005167959
20696 0.025839793
7897 0.0025839794
11482 0.0025839794
14300 0.0025839794
12765 0.0025839794
16095 0.0025839794
6623 0.0025839794
14560 0.005167959
16866 0.0025839794
19427 0.0025839794
6116 0.0025839794
5349 0.0025839794
20453 0.0025839794
8422 0.007751938
6886 0.007751938
16871 0.0025839794
2791 0.0025839794
15335 0.005167959
20968 0.0025839794
11241 0.005167959
7914 0.0025839794
2284 0.0025839794
14060 0.0025839794
1006 0.005167959
8175 0.0025839794
21487 0.007751938
15088 0.0025839794
12016 0.005167959
2292 0.0025839794
14580 0.0025839794
21752 0.0025839794
15608 0.0025839794
7160 0.0025839794
11512 0.07235142
2041 0.0025839794
14585 0.0025839794
16379 0.0025839794
14332 0.0025839794
18431 0.0025839794
5631 0.0025839794
6143 0.007751938
