8194 0.002915452
9988 0.002915452
5893 0.03206997
10246 0.020408163
6409 0.002915452
16396 0.008746356
10767 0.002915452
13843 0.002915452
13844 0.017492712
6934 0.002915452
22294 0.005830904
20504 0.002915452
19736 0.017492712
4635 0.014577259
16926 0.002915452
13855 0.002915452
16161 0.002915452
12321 0.002915452
38 0.023323616
6952 0.005830904
10284 0.005830904
13613 0.002915452
4658 0.002915452
10546 0.017492712
22067 0.002915452
8243 0.002915452
21813 0.008746356
2870 0.002915452
14650 0.005830904
4923 0.002915452
9533 0.002915452
8254 0.002915452
18239 0.002915452
11327 0.005830904
8001 0.005830904
19268 0.002915452
10053 0.002915452
18758 0.005830904
12871 0.005830904
2119 0.005830904
8263 0.011661808
6729 0.002915452
18251 0.037900876
19532 0.002915452
19020 0.002915452
11598 0.002915452
21588 0.002915452
20821 0.002915452
18263 0.008746356
10330 0.008746356
347 0.002915452
16481 0.002915452
7265 0.002915452
21345 0.005830904
3430 0.002915452
2662 0.002915452
5736 0.002915452
15208 0.005830904
14185 0.002915452
17258 0.002915452
6509 0.011661808
17262 0.002915452
10094 0.005830904
12398 0.014577259
884 0.005830904
21621 0.002915452
19062 0.005830904
19322 0.002915452
19581 0.023323616
21632 0.002915452
16003 0.029154519
8837 0.002915452
12165 0.002915452
11141 0.011661808
9862 0.005830904
16520 0.002915452
15755 0.002915452
10896 0.002915452
913 0.002915452
10897 0.008746356
13972 0.005830904
150 0.002915452
15511 0.002915452
8343 0.011661808
11160 0.002915452
5275 0.008746356
11932 0.005830904
669 0.002915452
18078 0.002915452
3745 0.002915452
1960 0.002915452
3240 0.002915452
168 0.002915452
13995 0.002915452
21677 0.002915452
13485 0.005830904
19886 0.002915452
8371 0.002915452
14515 0.014577259
20405 0.014577259
2231 0.005830904
8890 0.002915452
14011 0.002915452
16064 0.005830904
6336 0.005830904
3778 0.002915452
10691 0.002915452
4293 0.002915452
9413 0.002915452
16582 0.002915452
2758 0.005830904
18631 0.002915452
3272 0.002915452
1488 0.011661808
13521 0.002915452
10451 0.037900876
11734 0.002915452
21465 0.005830904
217 0.011661808
11482 0.002915452
731 0.002915452
11742 0.002915452
5855 0.002915452
10463 0.002915452
6623 0.017492712
4319 0.029154519
6368 0.002915452
20195 0.005830904
6116 0.005830904
5861 0.005830904
5349 0.005830904
5096 0.002915452
20712 0.005830904
1262 0.002915452
1006 0.005830904
12016 0.011661808
241 0.002915452
10994 0.002915452
11512 0.06122449
22010 0.002915452
6650 0.002915452
11259 0.002915452
3323 0.014577259
20988 0.005830904
5631 0.002915452
19199 0.008746356
