21632 0.0056497175
11905 0.011299435
8194 0.0056497175
11396 0.0056497175
5893 0.02259887
16390 0.011299435
10246 0.028248588
20231 0.056497175
20360 0.011299435
15755 0.0056497175
6286 0.0056497175
10767 0.0056497175
10896 0.0056497175
18064 0.0056497175
10897 0.011299435
13714 0.0056497175
8468 0.0056497175
8343 0.0056497175
2583 0.0056497175
19736 0.016949153
1181 0.0056497175
5149 0.0056497175
1697 0.0056497175
18081 0.0056497175
3745 0.011299435
9250 0.0056497175
14757 0.0056497175
21541 0.0056497175
6444 0.0056497175
9389 0.0056497175
8237 0.0056497175
9139 0.0056497175
20405 0.011299435
20150 0.011299435
2231 0.0056497175
14650 0.011299435
1853 0.0056497175
11327 0.016949153
20928 0.0056497175
18499 0.0056497175
10821 0.0056497175
9413 0.0056497175
16582 0.0056497175
4934 0.0056497175
18758 0.011299435
12871 0.011299435
8263 0.011299435
1224 0.0056497175
73 0.0056497175
18378 0.0056497175
18251 0.011299435
16717 0.0056497175
19408 0.0056497175
13521 0.0056497175
5585 0.0056497175
10451 0.028248588
20696 0.06779661
13659 0.0056497175
18270 0.0056497175
9310 0.0056497175
6239 0.0056497175
16736 0.03954802
16481 0.0056497175
18401 0.0056497175
5859 0.0056497175
20579 0.0056497175
8163 0.0056497175
11363 0.0056497175
12899 0.0056497175
2022 0.0056497175
2662 0.0056497175
3430 0.0056497175
20712 0.0056497175
11241 0.0056497175
19434 0.0056497175
7914 0.011299435
12906 0.06779661
11757 0.011299435
19695 0.0056497175
20723 0.011299435
18932 0.0056497175
2292 0.0056497175
15606 0.0056497175
7160 0.011299435
7288 0.011299435
11512 0.06779661
3450 0.0056497175
13437 0.0056497175
8573 0.0056497175
19581 0.02259887
1790 0.0056497175
5631 0.0056497175
6143 0.011299435
