5892 0.0028901733
5893 0.011560693
4870 0.0028901733
6409 0.0057803467
17419 0.0028901733
5900 0.0028901733
16396 0.0028901733
10767 0.0028901733
5903 0.0028901733
13844 0.0057803467
19736 0.00867052
4635 0.014450867
11292 0.0028901733
15900 0.0057803467
12830 0.0028901733
13343 0.0028901733
6688 0.0028901733
11298 0.0057803467
6435 0.0028901733
1829 0.0028901733
38 0.0028901733
4903 0.0057803467
20520 0.0028901733
298 0.0057803467
1324 0.00867052
8497 0.0057803467
4658 0.0028901733
8243 0.0028901733
21044 0.0028901733
4665 0.011560693
14650 0.0057803467
11327 0.011560693
18239 0.014450867
21317 0.0028901733
10821 0.00867052
18758 0.00867052
8263 0.0028901733
12871 0.0057803467
4169 0.023121387
18251 0.0028901733
6477 0.07225434
14158 0.0028901733
18263 0.0028901733
11607 0.0028901733
19034 0.0028901733
15196 0.0028901733
8797 0.0028901733
16481 0.0028901733
21345 0.0057803467
15971 0.0028901733
20579 0.0028901733
10083 0.0057803467
9828 0.0028901733
3430 0.0028901733
2662 0.0028901733
8300 0.0028901733
21613 0.0028901733
7789 0.0028901733
6509 0.0057803467
12398 0.0028901733
18544 0.0028901733
13426 0.0028901733
11635 0.03468208
884 0.0057803467
21621 0.0028901733
19062 0.00867052
19581 0.023121387
21632 0.0028901733
13186 0.0028901733
2690 0.0057803467
11396 0.0028901733
11141 0.0028901733
9862 0.00867052
5256 0.0028901733
16777 0.0028901733
15755 0.0028901733
3982 0.00867052
17294 0.011560693
11151 0.00867052
10896 0.0028901733
18064 0.0057803467
9873 0.0028901733
10897 0.02601156
13714 0.0028901733
8343 0.014450867
14490 0.0028901733
10651 0.0028901733
3745 0.0028901733
15011 0.0028901733
19622 0.0028901733
15528 0.0057803467
13480 0.011560693
11690 0.0028901733
7082 0.00867052
21931 0.0028901733
2731 0.0028901733
19635 0.0028901733
20405 0.037572253
19126 0.00867052
2231 0.0028901733
15034 0.0028901733
6588 0.0057803467
6336 0.0028901733
10691 0.011560693
3268 0.0028901733
16582 0.0028901733
2758 0.0028901733
6091 0.0028901733
715 0.0028901733
13521 0.0028901733
10451 0.031791907
7892 0.0028901733
17365 0.0028901733
16599 0.0057803467
3288 0.06647399
21465 0.011560693
18910 0.0028901733
7135 0.0028901733
6623 0.014450867
18656 0.0028901733
3300 0.0028901733
5861 0.00867052
16871 0.0028901733
2791 0.0028901733
7914 0.0028901733
21483 0.0028901733
16621 0.0028901733
1006 0.020231213
8175 0.0057803467
12016 0.020231213
10993 0.0028901733
2292 0.0028901733
13044 0.0057803467
9461 0.0057803467
16888 0.0028901733
11512 0.03468208
2041 0.0057803467
6143 0.011560693
