17156 0.005181347
5893 0.015544041
16390 0.005181347
17415 0.005181347
3339 0.010362694
1295 0.010362694
10767 0.010362694
19216 0.005181347
13844 0.015544041
19736 0.020725388
4635 0.005181347
12321 0.005181347
8743 0.010362694
13097 0.005181347
13610 0.005181347
298 0.005181347
20525 0.005181347
13613 0.020725388
19250 0.005181347
14650 0.005181347
22077 0.005181347
18239 0.005181347
10817 0.005181347
10821 0.005181347
8262 0.005181347
12871 0.005181347
8263 0.005181347
18251 0.005181347
587 0.005181347
20556 0.010362694
16717 0.005181347
18263 0.005181347
13659 0.005181347
22107 0.005181347
9053 0.051813472
9310 0.005181347
7007 0.005181347
22111 0.005181347
16736 0.005181347
16481 0.005181347
10083 0.005181347
20579 0.010362694
3430 0.015544041
13929 0.005181347
5997 0.005181347
11635 0.005181347
21621 0.005181347
19062 0.005181347
14456 0.005181347
20345 0.005181347
8569 0.005181347
15484 0.005181347
19581 0.005181347
21632 0.005181347
11905 0.005181347
17029 0.062176164
8583 0.005181347
20360 0.010362694
15755 0.005181347
6286 0.005181347
2702 0.005181347
18064 0.005181347
6032 0.005181347
9617 0.005181347
10897 0.015544041
8855 0.005181347
8343 0.005181347
21401 0.005181347
4253 0.005181347
3745 0.005181347
21679 0.005181347
12208 0.015544041
3762 0.005181347
15282 0.062176164
12470 0.005181347
956 0.005181347
12476 0.010362694
5825 0.005181347
9666 0.005181347
963 0.005181347
10691 0.010362694
3524 0.005181347
16582 0.005181347
13260 0.005181347
13775 0.005181347
13521 0.005181347
1746 0.005181347
10451 0.05699482
20437 0.005181347
17365 0.005181347
11734 0.010362694
20696 0.020725388
12765 0.005181347
6116 0.005181347
16871 0.005181347
4329 0.010362694
11241 0.041450776
2796 0.005181347
1006 0.010362694
21487 0.010362694
12016 0.015544041
16625 0.005181347
13044 0.005181347
14838 0.005181347
21752 0.005181347
11512 0.020725388
2041 0.005181347
7421 0.005181347
