5892 0.013289036
5893 0.019933555
10246 0.003322259
17415 0.003322259
14860 0.003322259
18958 0.003322259
13326 0.006644518
12817 0.003322259
22035 0.003322259
13844 0.003322259
791 0.006644518
19736 0.013289036
4635 0.003322259
16669 0.003322259
13343 0.013289036
13857 0.003322259
9250 0.003322259
11298 0.003322259
21541 0.003322259
4903 0.009966778
298 0.003322259
13610 0.003322259
13613 0.006644518
817 0.003322259
3890 0.003322259
10546 0.006644518
8243 0.003322259
15669 0.006644518
5175 0.006644518
14394 0.003322259
14650 0.006644518
11327 0.009966778
18239 0.023255814
19266 0.003322259
21317 0.003322259
10821 0.016611295
12871 0.003322259
2119 0.003322259
8263 0.009966778
6728 0.003322259
18251 0.003322259
3148 0.003322259
8524 0.003322259
83 0.003322259
9813 0.006644518
18263 0.003322259
16471 0.003322259
13659 0.003322259
9053 0.013289036
6239 0.006644518
1376 0.006644518
16481 0.003322259
21345 0.003322259
20579 0.016611295
21092 0.006644518
2662 0.003322259
3430 0.009966778
13160 0.046511628
13929 0.009966778
14443 0.003322259
8300 0.003322259
18541 0.009966778
11635 0.003322259
21363 0.003322259
884 0.006644518
14461 0.003322259
19581 0.016611295
17023 0.003322259
21632 0.003322259
2690 0.003322259
20360 0.006644518
15755 0.003322259
13709 0.009966778
3982 0.013289036
20367 0.003322259
7567 0.003322259
10896 0.003322259
18064 0.003322259
9361 0.003322259
17553 0.003322259
19601 0.003322259
10897 0.009966778
4758 0.023255814
8343 0.019933555
21401 0.003322259
21913 0.006644518
3745 0.003322259
8097 0.009966778
13731 0.003322259
17060 0.003322259
11431 0.003322259
2731 0.003322259
4527 0.003322259
12208 0.006644518
8368 0.019933555
20405 0.006644518
6588 0.006644518
18623 0.003322259
19137 0.003322259
5825 0.006644518
3522 0.003322259
10691 0.003322259
2758 0.003322259
16582 0.006644518
716 0.006644518
17614 0.003322259
718 0.003322259
14798 0.006644518
13521 0.003322259
10451 0.029900333
16599 0.006644518
20696 0.013289036
7897 0.003322259
5083 0.003322259
731 0.006644518
9951 0.003322259
8163 0.003322259
12771 0.059800666
20453 0.009966778
8422 0.003322259
16871 0.006644518
18410 0.006644518
18414 0.003322259
1006 0.026578072
8175 0.006644518
12016 0.003322259
14069 0.003322259
18677 0.006644518
15862 0.003322259
14838 0.003322259
11512 0.059800666
10237 0.003322259
6654 0.003322259
6143 0.006644518
