512 0.002754821
8194 0.002754821
3843 0.002754821
5892 0.008264462
5893 0.030303031
16390 0.002754821
4870 0.002754821
10246 0.005509642
17415 0.019283747
7434 0.002754821
16396 0.005509642
10767 0.008264462
278 0.002754821
22294 0.002754821
22296 0.002754821
19736 0.011019284
4635 0.013774104
22301 0.002754821
12830 0.002754821
9250 0.005509642
1829 0.002754821
4903 0.005509642
13610 0.002754821
298 0.005509642
18731 0.002754821
17196 0.002754821
13613 0.002754821
559 0.002754821
7474 0.002754821
22067 0.002754821
10037 0.002754821
21558 0.005509642
14650 0.013774104
828 0.002754821
6206 0.002754821
18239 0.005509642
11327 0.008264462
13377 0.002754821
1858 0.002754821
3139 0.002754821
5957 0.005509642
10821 0.013774104
4934 0.002754821
18758 0.002754821
18246 0.002754821
12871 0.002754821
8263 0.002754821
7752 0.008264462
4169 0.002754821
15178 0.002754821
18251 0.002754821
20300 0.002754821
9805 0.005509642
16717 0.008264462
3922 0.002754821
17746 0.002754821
7252 0.002754821
20821 0.002754821
2902 0.002754821
19286 0.013774104
20823 0.002754821
15959 0.002754821
18263 0.016528925
20315 0.002754821
13659 0.002754821
19549 0.002754821
9821 0.005509642
10335 0.002754821
7007 0.002754821
21345 0.002754821
16481 0.022038568
20579 0.005509642
3430 0.002754821
5990 0.005509642
10344 0.008264462
14185 0.002754821
13929 0.002754821
4202 0.005509642
18541 0.002754821
109 0.002754821
21106 0.002754821
11635 0.016528925
884 0.005509642
19062 0.002754821
15222 0.002754821
9591 0.002754821
12664 0.002754821
10618 0.002754821
11644 0.002754821
15484 0.008264462
19581 0.011019284
5502 0.002754821
13951 0.002754821
21632 0.002754821
2176 0.005509642
2690 0.005509642
11396 0.002754821
11141 0.002754821
9862 0.022038568
18312 0.002754821
20360 0.005509642
22154 0.002754821
19594 0.013774104
15755 0.002754821
17294 0.002754821
398 0.002754821
3982 0.002754821
11151 0.002754821
18064 0.002754821
17553 0.002754821
10897 0.011019284
8342 0.005509642
8343 0.005509642
21401 0.005509642
11932 0.002754821
4513 0.002754821
3745 0.008264462
19109 0.002754821
15528 0.005509642
7082 0.005509642
20139 0.005509642
2731 0.005509642
21679 0.002754821
14514 0.005509642
8371 0.002754821
6836 0.002754821
16308 0.002754821
9141 0.002754821
10677 0.002754821
20405 0.024793388
12470 0.002754821
2239 0.002754821
21698 0.002754821
18882 0.002754821
10691 0.002754821
16582 0.002754821
2758 0.002754821
715 0.005509642
13260 0.002754821
19917 0.005509642
5070 0.002754821
17614 0.002754821
13521 0.002754821
1746 0.002754821
10451 0.038567495
7124 0.002754821
20437 0.005509642
11734 0.005509642
3288 0.002754821
20696 0.013774104
7897 0.002754821
1241 0.002754821
9689 0.002754821
731 0.005509642
22235 0.008264462
14300 0.002754821
13532 0.002754821
16605 0.002754821
6623 0.005509642
1505 0.002754821
13538 0.002754821
13026 0.002754821
6116 0.005509642
5861 0.005509642
6888 0.002754821
20712 0.002754821
18410 0.002754821
14060 0.03305785
14061 0.005509642
9454 0.002754821
9710 0.002754821
1006 0.011019284
241 0.002754821
20723 0.008264462
12020 0.002754821
18677 0.008264462
7160 0.002754821
11512 0.03305785
20217 0.002754821
2041 0.002754821
22010 0.002754821
15610 0.002754821
16126 0.002754821
22270 0.005509642
3839 0.002754821
5631 0.005509642
