21632 0.00952381
8193 0.028571429
5893 0.028571429
8070 0.00952381
14984 0.028571429
6665 0.00952381
15755 0.00952381
17036 0.00952381
18064 0.00952381
20881 0.00952381
17553 0.00952381
10897 0.028571429
20883 0.00952381
12822 0.00952381
8343 0.028571429
15769 0.01904762
4635 0.00952381
13983 0.00952381
13857 0.00952381
3745 0.01904762
38 0.00952381
8743 0.00952381
5674 0.00952381
4915 0.00952381
14515 0.028571429
20405 0.028571429
11960 0.00952381
14650 0.00952381
6588 0.00952381
11327 0.00952381
18239 0.00952381
19137 0.00952381
16582 0.00952381
18118 0.00952381
8263 0.00952381
12871 0.01904762
18251 0.00952381
5323 0.00952381
9036 0.028571429
5580 0.08571429
12495 0.00952381
11215 0.01904762
13521 0.00952381
2001 0.00952381
19410 0.00952381
10451 0.00952381
20821 0.00952381
21465 0.00952381
13659 0.00952381
11611 0.00952381
7135 0.00952381
6623 0.01904762
1376 0.00952381
16481 0.00952381
21733 0.00952381
8422 0.00952381
15209 0.00952381
3306 0.00952381
18414 0.01904762
1006 0.057142857
884 0.028571429
17272 0.00952381
11512 0.028571429
16379 0.00952381
19581 0.01904762
