19461 0.0036231885
5893 0.018115941
17415 0.010869565
17935 0.0036231885
10767 0.02173913
278 0.0036231885
19736 0.010869565
4635 0.0036231885
10780 0.0036231885
15900 0.0036231885
21278 0.0036231885
6688 0.0036231885
18209 0.010869565
9250 0.007246377
19236 0.0036231885
12325 0.0036231885
38 0.0036231885
1324 0.0036231885
14129 0.0036231885
10546 0.0036231885
20020 0.0036231885
14903 0.0036231885
17464 0.0036231885
14394 0.0036231885
20538 0.0036231885
14650 0.007246377
13883 0.0036231885
8254 0.0036231885
18239 0.0036231885
15935 0.0036231885
11073 0.0036231885
1858 0.0036231885
13126 0.0036231885
12871 0.0036231885
8263 0.0036231885
6215 0.0036231885
18251 0.014492754
20813 0.007246377
16724 0.010869565
20821 0.0036231885
18263 0.0036231885
7256 0.007246377
14682 0.007246377
13659 0.0036231885
13149 0.0036231885
6239 0.0036231885
22111 0.007246377
13919 0.014492754
16736 0.083333336
16481 0.0036231885
21345 0.0036231885
3430 0.007246377
5990 0.010869565
14443 0.0036231885
10350 0.0036231885
5743 0.0036231885
8561 0.0036231885
11121 0.010869565
11635 0.0036231885
884 0.007246377
7037 0.0036231885
8573 0.007246377
19581 0.010869565
21632 0.0036231885
2176 0.010869565
15755 0.0036231885
21387 0.0036231885
3211 0.007246377
7567 0.0036231885
6032 0.007246377
17553 0.007246377
10897 0.018115941
15252 0.018115941
20886 0.0036231885
11672 0.0036231885
19353 0.0036231885
13466 0.007246377
3227 0.0036231885
11932 0.0036231885
1697 0.0036231885
3745 0.007246377
15011 0.0036231885
7333 0.007246377
15528 0.0036231885
2731 0.010869565
19886 0.010869565
431 0.0036231885
12208 0.0036231885
8368 0.039855074
10417 0.018115941
8371 0.0036231885
1716 0.0036231885
20405 0.039855074
16064 0.0036231885
3522 0.0036231885
7106 0.0036231885
10691 0.0036231885
3268 0.0036231885
16582 0.0036231885
2758 0.0036231885
16841 0.007246377
20426 0.0036231885
19917 0.0036231885
20943 0.0036231885
20176 0.0036231885
1488 0.02173913
13521 0.0036231885
16849 0.0036231885
10451 0.010869565
14293 0.0036231885
20437 0.014492754
11734 0.007246377
20696 0.0036231885
731 0.0036231885
12765 0.0036231885
6623 0.018115941
2785 0.0036231885
6116 0.007246377
5606 0.0036231885
19688 0.0036231885
7400 0.0036231885
20712 0.0036231885
11241 0.010869565
14060 0.014492754
21487 0.0036231885
12016 0.0036231885
12020 0.0036231885
14070 0.0036231885
11512 0.050724637
20217 0.0036231885
2041 0.0036231885
7166 0.0036231885
6143 0.018115941
