7680 0.004878049
5636 0.004878049
8709 0.004878049
5893 0.014634146
16390 0.004878049
10246 0.009756098
17415 0.087804876
9226 0.004878049
16396 0.004878049
2061 0.004878049
15629 0.004878049
5396 0.048780486
16149 0.004878049
22294 0.004878049
13334 0.004878049
19736 0.019512195
4635 0.004878049
9250 0.004878049
6181 0.004878049
53 0.004878049
14650 0.009756098
11327 0.004878049
18239 0.009756098
11073 0.004878049
1858 0.009756098
21317 0.009756098
4934 0.004878049
12871 0.004878049
8263 0.004878049
18251 0.024390243
20823 0.004878049
18263 0.004878049
19805 0.024390243
7265 0.004878049
16481 0.009756098
20579 0.004878049
2662 0.004878049
8297 0.004878049
15209 0.004878049
13929 0.009756098
874 0.004878049
8811 0.004878049
13426 0.004878049
882 0.004878049
1399 0.004878049
11644 0.004878049
19581 0.024390243
21632 0.004878049
16003 0.014634146
8070 0.004878049
9862 0.043902438
10888 0.014634146
15755 0.004878049
6796 0.004878049
17294 0.004878049
14992 0.004878049
10897 0.009756098
13714 0.004878049
21395 0.004878049
8343 0.004878049
16543 0.014634146
3745 0.004878049
14757 0.004878049
15275 0.009756098
19886 0.009756098
10417 0.004878049
9393 0.004878049
9139 0.004878049
20405 0.019512195
3260 0.009756098
3262 0.004878049
21698 0.004878049
10691 0.004878049
21444 0.029268293
14022 0.004878049
16582 0.009756098
19917 0.004878049
11215 0.009756098
13521 0.004878049
10451 0.029268293
9685 0.004878049
20437 0.009756098
11734 0.004878049
16599 0.004878049
15831 0.014634146
11230 0.004878049
4319 0.014634146
20198 0.004878049
2791 0.004878049
18408 0.004878049
7914 0.004878049
14061 0.009756098
1006 0.004878049
15854 0.004878049
12016 0.014634146
241 0.004878049
8433 0.004878049
20723 0.004878049
1524 0.004878049
17653 0.009756098
4342 0.019512195
11512 0.009756098
20217 0.004878049
3323 0.014634146
3839 0.004878049
6143 0.009756098
