8709 0.0034246575
16390 0.006849315
10246 0.006849315
17415 0.030821918
18442 0.006849315
15629 0.006849315
10767 0.0034246575
274 0.006849315
19736 0.0102739725
21786 0.0034246575
16410 0.0034246575
4635 0.0034246575
19487 0.0034246575
12321 0.006849315
9250 0.0102739725
16676 0.0034246575
16164 0.0034246575
38 0.0034246575
7209 0.0034246575
13610 0.0102739725
13613 0.006849315
7474 0.0034246575
7220 0.0034246575
14650 0.0034246575
18239 0.0034246575
6719 0.0034246575
319 0.0034246575
11327 0.006849315
17985 0.0034246575
1858 0.0034246575
3138 0.0034246575
10821 0.006849315
18758 0.0034246575
17479 0.0034246575
12871 0.006849315
8263 0.0102739725
5192 0.0034246575
18251 0.0034246575
20813 0.0034246575
18253 0.0034246575
16717 0.017123288
10065 0.006849315
9810 0.0034246575
3922 0.006849315
1619 0.0034246575
16724 0.0034246575
9813 0.0034246575
20821 0.0034246575
11350 0.0034246575
19286 0.0034246575
18263 0.023972603
20571 0.0034246575
15196 0.0034246575
6239 0.0034246575
16481 0.0034246575
21345 0.0034246575
7265 0.0034246575
10083 0.0034246575
20579 0.0034246575
3430 0.006849315
15209 0.0034246575
4202 0.0034246575
21106 0.0034246575
20594 0.0034246575
11122 0.0034246575
11635 0.030821918
15484 0.0034246575
8573 0.0034246575
20349 0.0034246575
19581 0.006849315
21632 0.0034246575
21889 0.0102739725
16773 0.006849315
9862 0.037671234
4743 0.0034246575
15240 0.0034246575
20361 0.0034246575
15755 0.0034246575
6286 0.006849315
17294 0.0034246575
11151 0.0034246575
10896 0.0034246575
17553 0.006849315
10897 0.01369863
20883 0.017123288
150 0.0034246575
8342 0.0034246575
8343 0.0102739725
21401 0.006849315
13210 0.0034246575
11932 0.0034246575
5789 0.0034246575
2207 0.04452055
3745 0.0034246575
8111 0.0102739725
9393 0.0034246575
20405 0.020547945
9143 0.0034246575
8890 0.0034246575
956 0.0034246575
12734 0.0034246575
16064 0.0034246575
4290 0.0034246575
19907 0.0034246575
16582 0.0034246575
18118 0.0034246575
2758 0.0034246575
18888 0.0034246575
21194 0.0034246575
3530 0.006849315
715 0.006849315
8140 0.0034246575
13260 0.0034246575
718 0.0034246575
12495 0.006849315
3793 0.0034246575
13521 0.0034246575
1746 0.0034246575
10451 0.017123288
7892 0.0034246575
20437 0.0034246575
11734 0.0102739725
18647 0.0034246575
3288 0.0102739725
20696 0.017123288
1754 0.0034246575
22235 0.006849315
14300 0.006849315
989 0.0034246575
12765 0.0102739725
3038 0.0034246575
5859 0.0034246575
6116 0.0034246575
2532 0.0034246575
5861 0.0034246575
5349 0.0034246575
20453 0.0034246575
8422 0.0034246575
6886 0.017123288
16871 0.0034246575
15849 0.0034246575
4329 0.0034246575
7914 0.0034246575
13291 0.0034246575
14571 0.0034246575
14060 0.006849315
1006 0.0034246575
11504 0.0034246575
241 0.0034246575
19697 0.0102739725
17653 0.006849315
8696 0.0034246575
11512 0.051369864
22009 0.0034246575
3323 0.0034246575
19199 0.0034246575
3839 0.0034246575
6143 0.006849315
