21632 0.008547009
7680 0.008547009
5893 0.008547009
10246 0.017094018
15755 0.008547009
5900 0.017094018
1295 0.008547009
18064 0.008547009
9361 0.008547009
10897 0.025641026
5523 0.008547009
12180 0.017094018
9118 0.017094018
3745 0.008547009
11560 0.008547009
15528 0.008547009
10025 0.025641026
18731 0.008547009
13613 0.008547009
19886 0.008547009
19249 0.008547009
14514 0.008547009
20405 0.017094018
9141 0.017094018
10677 0.094017096
13501 0.017094018
16582 0.008547009
14022 0.008547009
15558 0.008547009
20167 0.008547009
12871 0.05982906
18251 0.008547009
716 0.025641026
16717 0.008547009
19917 0.017094018
718 0.008547009
13521 0.008547009
10451 0.025641026
9813 0.017094018
11734 0.008547009
18263 0.11111111
3288 0.025641026
9689 0.008547009
17114 0.008547009
10331 0.008547009
11611 0.008547009
13532 0.017094018
12765 0.008547009
6239 0.008547009
16481 0.008547009
21345 0.008547009
18914 0.008547009
20579 0.008547009
6116 0.008547009
8422 0.008547009
1006 0.008547009
241 0.008547009
11635 0.008547009
17653 0.008547009
19062 0.017094018
11512 0.034188036
13689 0.017094018
17659 0.008547009
253 0.008547009
