21632 0.006369427
11905 0.006369427
16002 0.012738854
19461 0.006369427
8709 0.006369427
5893 0.012738854
18566 0.006369427
16390 0.012738854
9862 0.012738854
20231 0.006369427
6409 0.006369427
15755 0.006369427
17294 0.006369427
6286 0.006369427
13710 0.006369427
11151 0.006369427
20496 0.006369427
9361 0.006369427
10897 0.03821656
4758 0.006369427
8343 0.012738854
19736 0.012738854
4635 0.012738854
2973 0.006369427
3745 0.012738854
3619 0.006369427
12710 0.012738854
16935 0.006369427
20648 0.006369427
12329 0.006369427
18217 0.006369427
298 0.006369427
6444 0.006369427
13485 0.006369427
13998 0.006369427
4014 0.006369427
11825 0.006369427
10546 0.012738854
20405 0.06369427
21558 0.01910828
21559 0.006369427
2231 0.006369427
14650 0.03821656
956 0.012738854
3262 0.006369427
11327 0.006369427
11073 0.006369427
1858 0.006369427
16582 0.006369427
12871 0.006369427
6215 0.006369427
8263 0.01910828
9800 0.006369427
6601 0.006369427
18251 0.031847134
19917 0.006369427
21968 0.006369427
13521 0.006369427
5585 0.006369427
15057 0.01910828
10451 0.006369427
16724 0.012738854
20821 0.006369427
2902 0.006369427
11350 0.025477707
15959 0.012738854
18263 0.025477707
5849 0.006369427
13659 0.006369427
13532 0.006369427
16605 0.006369427
9310 0.006369427
4319 0.012738854
16481 0.006369427
6116 0.006369427
8422 0.006369427
3430 0.006369427
15209 0.012738854
10350 0.006369427
19695 0.006369427
21872 0.006369427
11504 0.006369427
3058 0.006369427
20723 0.006369427
11635 0.012738854
20085 0.006369427
11512 0.10191083
15484 0.006369427
19581 0.006369427
12798 0.006369427
5631 0.006369427
