5893 0.023489933
10246 0.016778523
17415 0.03691275
8201 0.0033557047
5900 0.0033557047
16396 0.0067114094
10767 0.010067114
13844 0.0033557047
19736 0.010067114
4635 0.023489933
21278 0.0067114094
13855 0.0033557047
20256 0.0033557047
18208 0.0067114094
12321 0.0033557047
16161 0.0033557047
7206 0.0033557047
13097 0.0033557047
13613 0.0067114094
18991 0.0033557047
2607 0.010067114
8497 0.0033557047
21044 0.0033557047
14903 0.0033557047
9271 0.0033557047
4665 0.0067114094
14650 0.030201342
13883 0.0067114094
8254 0.0067114094
18239 0.010067114
18501 0.0033557047
21317 0.0033557047
12871 0.0033557047
8263 0.0067114094
18251 0.033557046
16717 0.0067114094
11598 0.0033557047
20818 0.0033557047
7254 0.0067114094
11607 0.0033557047
18263 0.0067114094
9565 0.0033557047
16481 0.0033557047
21345 0.0033557047
11363 0.0033557047
3430 0.0033557047
2662 0.0033557047
6515 0.0033557047
5235 0.0033557047
884 0.013422819
20085 0.0033557047
21621 0.0033557047
18038 0.0033557047
19062 0.0033557047
12413 0.0067114094
19581 0.026845638
21632 0.0033557047
11905 0.0033557047
2690 0.0067114094
22147 0.0067114094
9862 0.0033557047
3464 0.0033557047
15755 0.0033557047
18573 0.0033557047
10896 0.0033557047
6032 0.020134227
10897 0.010067114
18834 0.0067114094
20883 0.016778523
7830 0.023489933
8343 0.016778523
8097 0.0033557047
3745 0.0067114094
8355 0.013422819
19622 0.0033557047
15528 0.0067114094
2731 0.020134227
14514 0.0033557047
17587 0.0033557047
8371 0.0033557047
20405 0.026845638
19126 0.0033557047
18364 0.0033557047
15808 0.0033557047
19137 0.0033557047
3525 0.0033557047
16582 0.0033557047
13255 0.0033557047
18378 0.0033557047
459 0.0033557047
4556 0.026845638
14798 0.0033557047
3790 0.0067114094
1488 0.0067114094
13521 0.0033557047
10451 0.026845638
20437 0.0033557047
20438 0.05704698
731 0.0033557047
9951 0.0033557047
7135 0.0033557047
6623 0.010067114
4319 0.023489933
12771 0.0033557047
19683 0.0033557047
13284 0.0033557047
6116 0.0033557047
20453 0.0033557047
16871 0.013422819
3306 0.0033557047
18410 0.0033557047
3819 0.0033557047
7149 0.0033557047
1006 0.013422819
12016 0.0033557047
12020 0.0067114094
11512 0.043624163
2041 0.0067114094
9722 0.0067114094
6654 0.0067114094
6143 0.0067114094
