10243 0.0032051282
8709 0.0064102565
5893 0.009615385
16390 0.009615385
17415 0.0032051282
20231 0.022435898
3339 0.0032051282
16396 0.0032051282
19980 0.0032051282
14860 0.0064102565
10767 0.0064102565
8208 0.0032051282
19216 0.0032051282
278 0.0032051282
19736 0.01923077
9498 0.0032051282
4635 0.0064102565
14365 0.0032051282
5149 0.0064102565
9250 0.009615385
6435 0.0032051282
12580 0.0032051282
13613 0.0064102565
13872 0.0032051282
10546 0.0032051282
19250 0.0064102565
3123 0.0032051282
5428 0.0032051282
9012 0.0032051282
20020 0.0032051282
14650 0.0032051282
571 0.03846154
11327 0.0064102565
18239 0.016025642
1858 0.0032051282
7747 0.0032051282
10821 0.016025642
18758 0.0032051282
2119 0.0032051282
6215 0.0032051282
12871 0.009615385
8263 0.009615385
5192 0.0032051282
18251 0.0032051282
12365 0.0032051282
6222 0.009615385
21586 0.0032051282
16981 0.0032051282
20823 0.0032051282
18263 0.0064102565
16218 0.0032051282
347 0.0032051282
13659 0.0032051282
20571 0.0064102565
18270 0.0032051282
6239 0.0032051282
13919 0.0032051282
16481 0.0032051282
20579 0.0032051282
10083 0.0064102565
2662 0.0032051282
3430 0.012820513
18536 0.0032051282
13929 0.0032051282
6509 0.0032051282
13426 0.0032051282
11635 0.0032051282
884 0.0032051282
18292 0.0032051282
5237 0.0032051282
4725 0.0032051282
18038 0.0032051282
19831 0.0064102565
19581 0.016025642
21632 0.0032051282
2176 0.0032051282
11905 0.0032051282
6787 0.0032051282
7299 0.0032051282
2436 0.0032051282
11396 0.0032051282
8070 0.0032051282
3974 0.0032051282
15755 0.0032051282
17294 0.0032051282
7567 0.0064102565
6032 0.0032051282
18064 0.0064102565
9361 0.0032051282
10897 0.009615385
16531 0.0032051282
19092 0.0032051282
16789 0.0032051282
7830 0.0032051282
4759 0.0032051282
8343 0.01923077
21401 0.0032051282
11932 0.0032051282
10140 0.0032051282
1948 0.0032051282
4510 0.0032051282
928 0.0032051282
3745 0.0032051282
1697 0.0032051282
8867 0.0032051282
14757 0.0032051282
12710 0.028846154
11431 0.0032051282
2731 0.0032051282
19886 0.0032051282
21679 0.0064102565
8368 0.025641026
1716 0.0032051282
12980 0.0032051282
20405 0.05448718
2231 0.0064102565
21432 0.022435898
6588 0.0064102565
12734 0.0032051282
21696 0.0032051282
16064 0.0032051282
5825 0.0064102565
8898 0.0032051282
10691 0.009615385
14788 0.0032051282
10436 0.0032051282
16582 0.0032051282
2758 0.0064102565
13775 0.0032051282
12495 0.0032051282
13521 0.0032051282
10451 0.022435898
14292 0.0032051282
20437 0.0032051282
7897 0.0032051282
2265 0.022435898
14300 0.0032051282
13532 0.0064102565
6623 0.0032051282
12256 0.0032051282
3300 0.0032051282
6116 0.0064102565
20453 0.0064102565
2790 0.0032051282
8422 0.0064102565
2791 0.0064102565
6888 0.0032051282
17388 0.0032051282
14060 0.0032051282
15597 0.0032051282
1006 0.0064102565
11504 0.0032051282
3058 0.016025642
20723 0.0032051282
2292 0.0032051282
13046 0.0032051282
11512 0.057692308
16890 0.0032051282
5631 0.0032051282
