8193 0.0049751243
5380 0.0049751243
5893 0.019900497
10246 0.014925373
20231 0.0049751243
8456 0.0049751243
21513 0.0049751243
16396 0.0049751243
5903 0.0049751243
21265 0.0049751243
13844 0.0099502485
13334 0.0049751243
19736 0.014925373
9498 0.014925373
16926 0.0049751243
13343 0.0049751243
9250 0.0049751243
38 0.0049751243
5929 0.0049751243
298 0.0049751243
1837 0.019900497
22064 0.0049751243
7474 0.0049751243
8243 0.0049751243
20020 0.0049751243
14650 0.0099502485
2620 0.0049751243
18239 0.014925373
10821 0.014925373
12871 0.0049751243
7752 0.0049751243
18251 0.039800994
11598 0.0049751243
3154 0.0049751243
3922 0.0099502485
7252 0.0049751243
21588 0.0099502485
8021 0.0099502485
2902 0.0049751243
18263 0.0049751243
13659 0.0049751243
13149 0.0049751243
5214 0.0049751243
9310 0.0049751243
6239 0.0049751243
13919 0.0049751243
16481 0.0049751243
20579 0.014925373
2662 0.0049751243
3430 0.0049751243
14953 0.0049751243
11121 0.0049751243
11635 0.0049751243
884 0.0049751243
11380 0.0049751243
4725 0.0049751243
15742 0.0049751243
5502 0.0099502485
21632 0.0049751243
2176 0.0049751243
2690 0.0049751243
899 0.0049751243
16520 0.0049751243
15755 0.0049751243
3982 0.0099502485
11151 0.0049751243
20624 0.0049751243
8592 0.0049751243
10897 0.024875622
6546 0.0049751243
13972 0.0049751243
8343 0.0099502485
9881 0.0049751243
19865 0.0049751243
21401 0.039800994
14490 0.0049751243
10651 0.0049751243
8860 0.0049751243
3745 0.0049751243
14757 0.0049751243
12710 0.06965174
12464 0.0049751243
8368 0.0099502485
7090 0.0049751243
4789 0.0049751243
20405 0.019900497
19126 0.0049751243
6336 0.0049751243
3268 0.0049751243
16582 0.0049751243
13260 0.0049751243
18896 0.0049751243
14288 0.0049751243
13521 0.0049751243
10451 0.029850746
9685 0.0049751243
11734 0.0099502485
20696 0.0049751243
21465 0.014925373
14300 0.0049751243
7135 0.0049751243
20959 0.0049751243
4319 0.0099502485
6116 0.0049751243
20453 0.0049751243
5349 0.0049751243
6886 0.0049751243
2790 0.0049751243
7914 0.0099502485
2798 0.0049751243
1006 0.0099502485
8433 0.0049751243
241 0.0049751243
20723 0.0049751243
11512 0.05472637
5631 0.0049751243
19199 0.0049751243
6143 0.0099502485
