8194 0.0030674846
3843 0.0030674846
18435 0.0030674846
5893 0.012269938
19718 0.0030674846
16390 0.0030674846
10246 0.006134969
20231 0.006134969
14860 0.012269938
10767 0.006134969
8208 0.0030674846
13334 0.0030674846
19736 0.021472393
4635 0.012269938
13855 0.009202454
6688 0.0030674846
20256 0.0030674846
13857 0.0030674846
12321 0.0030674846
9250 0.0030674846
38 0.0030674846
4136 0.0030674846
6952 0.0030674846
2600 0.0030674846
18987 0.0030674846
10284 0.04601227
813 0.0030674846
13613 0.0030674846
19250 0.0030674846
13621 0.0030674846
1849 0.0030674846
14650 0.006134969
18239 0.009202454
11327 0.012269938
11073 0.0030674846
13379 0.0030674846
12871 0.009202454
8263 0.012269938
4169 0.009202454
18251 0.021472393
20813 0.021472393
11598 0.0030674846
19791 0.0030674846
21076 0.0030674846
18004 0.0030674846
17238 0.0030674846
18263 0.009202454
12890 0.0030674846
20315 0.006134969
16481 0.0030674846
21345 0.0030674846
20579 0.0030674846
15971 0.009202454
3430 0.0030674846
2662 0.0030674846
5736 0.0030674846
109 0.0030674846
10094 0.0030674846
14702 0.0030674846
21872 0.0030674846
11635 0.018404908
884 0.0030674846
19581 0.006134969
21632 0.0030674846
3456 0.0030674846
13186 0.0030674846
16003 0.006134969
11141 0.009202454
8837 0.012269938
9862 0.009202454
19849 0.0030674846
3977 0.0030674846
15755 0.0030674846
10380 0.0030674846
910 0.0030674846
17294 0.006134969
8592 0.021472393
17553 0.0030674846
10897 0.015337423
20883 0.0030674846
12180 0.0030674846
16789 0.006134969
8343 0.012269938
21401 0.006134969
2204 0.0030674846
11932 0.0030674846
2721 0.0030674846
8097 0.0030674846
18081 0.0030674846
3745 0.006134969
6306 0.0030674846
5798 0.0030674846
12710 0.1196319
12200 0.0030674846
12205 0.0030674846
13485 0.0030674846
9393 0.0030674846
14514 0.009202454
20404 0.0030674846
6836 0.0030674846
9141 0.0030674846
20405 0.024539877
3262 0.0030674846
19137 0.0030674846
5825 0.0030674846
22210 0.0030674846
14788 0.021472393
15814 0.0030674846
16582 0.006134969
1482 0.006134969
13260 0.0030674846
462 0.0030674846
1488 0.009202454
13521 0.0030674846
7633 0.0030674846
3538 0.0030674846
10451 0.036809817
20438 0.0030674846
16599 0.0030674846
21465 0.009202454
4570 0.006134969
13532 0.006134969
16605 0.0030674846
14814 0.0030674846
4319 0.0030674846
13538 0.009202454
3300 0.0030674846
5861 0.0030674846
2791 0.0030674846
9450 0.0030674846
1006 0.0030674846
19695 0.009202454
12016 0.0030674846
11504 0.0030674846
1524 0.0030674846
11512 0.049079753
2041 0.0030674846
19199 0.0030674846
6143 0.006134969
