1024 0.0037313432
14596 0.0037313432
5893 0.0037313432
17157 0.014925373
7430 0.0037313432
17415 0.0074626864
3339 0.0037313432
16396 0.0037313432
10767 0.0037313432
8978 0.0037313432
22035 0.0074626864
275 0.0074626864
22294 0.0037313432
19736 0.0037313432
14618 0.0037313432
16410 0.0037313432
4635 0.01119403
10016 0.0037313432
18208 0.0037313432
6688 0.0037313432
11298 0.0037313432
9250 0.0037313432
8743 0.03731343
13097 0.0074626864
14891 0.0037313432
8238 0.0037313432
21813 0.0037313432
13621 0.0037313432
311 0.0037313432
4923 0.0037313432
11327 0.0037313432
18239 0.0074626864
10821 0.05970149
2119 0.0037313432
8263 0.0037313432
12871 0.0074626864
4169 0.01119403
5706 0.0037313432
18251 0.0037313432
20813 0.0074626864
2897 0.0037313432
9810 0.0037313432
3922 0.01119403
8019 0.0037313432
21588 0.0037313432
18263 0.0037313432
2393 0.02238806
10331 0.0074626864
13659 0.018656716
15196 0.01119403
6239 0.02238806
16481 0.0037313432
4961 0.0037313432
10083 0.0074626864
13670 0.0037313432
2662 0.0037313432
3430 0.0037313432
6247 0.0037313432
20841 0.0037313432
15209 0.04477612
4714 0.0037313432
17262 0.0037313432
11635 0.0074626864
21621 0.041044775
19062 0.01119403
11643 0.0037313432
8573 0.0037313432
19581 0.0037313432
3455 0.0037313432
21632 0.0037313432
2690 0.0037313432
13958 0.0037313432
9862 0.01119403
13191 0.0037313432
2183 0.0037313432
16520 0.0037313432
3466 0.0037313432
15755 0.0037313432
7052 0.0037313432
21390 0.0037313432
9615 0.0037313432
18064 0.0037313432
10896 0.0037313432
10897 0.0074626864
16530 0.0037313432
1427 0.0037313432
22169 0.0037313432
2973 0.0074626864
3745 0.0074626864
675 0.0037313432
6308 0.0037313432
7077 0.0037313432
14757 0.0074626864
19886 0.0074626864
8368 0.018656716
10417 0.0037313432
16305 0.0037313432
4787 0.0037313432
20405 0.018656716
5825 0.0037313432
10691 0.0074626864
3268 0.0037313432
16582 0.0074626864
715 0.0037313432
716 0.0037313432
13260 0.03731343
20942 0.0037313432
13521 0.0037313432
10451 0.03731343
3288 0.0074626864
7897 0.0037313432
7642 0.0037313432
18394 0.018656716
4319 0.0037313432
14304 0.0037313432
5349 0.0037313432
6886 0.0074626864
16871 0.0037313432
4842 0.0037313432
18410 0.014925373
18414 0.0037313432
1006 0.01119403
20723 0.0074626864
15606 0.0037313432
11512 0.052238807
20222 0.0037313432
