8194 0.014634146
3843 0.004878049
15107 0.004878049
6661 0.004878049
5893 0.029268293
16139 0.004878049
10763 0.014634146
10767 0.004878049
17935 0.004878049
13844 0.004878049
19736 0.024390243
15900 0.009756098
16669 0.004878049
13343 0.004878049
6687 0.004878049
6688 0.004878049
22050 0.004878049
5154 0.004878049
5412 0.004878049
13610 0.004878049
7722 0.004878049
18731 0.004878049
10284 0.004878049
13613 0.009756098
1072 0.004878049
22064 0.009756098
14394 0.004878049
11327 0.004878049
18239 0.014634146
10821 0.004878049
18501 0.004878049
6469 0.009756098
4934 0.009756098
12871 0.004878049
18251 0.034146342
846 0.004878049
2897 0.004878049
4945 0.004878049
10065 0.004878049
3922 0.004878049
18263 0.004878049
856 0.004878049
13662 0.004878049
6239 0.014634146
16481 0.004878049
20579 0.004878049
10083 0.009756098
2662 0.004878049
3430 0.004878049
5735 0.004878049
4969 0.004878049
17513 0.004878049
874 0.004878049
4714 0.004878049
10094 0.014634146
16495 0.004878049
8561 0.024390243
11635 0.009756098
21621 0.004878049
19581 0.03902439
21632 0.004878049
16002 0.004878049
13186 0.004878049
16003 0.004878049
9862 0.004878049
15755 0.004878049
8843 0.004878049
20624 0.004878049
10897 0.019512195
1427 0.024390243
11925 0.024390243
150 0.004878049
8855 0.004878049
10649 0.019512195
11932 0.004878049
2973 0.004878049
3745 0.004878049
14497 0.004878049
6566 0.004878049
15528 0.004878049
21932 0.014634146
13485 0.004878049
8368 0.029268293
12978 0.009756098
14515 0.004878049
20405 0.019512195
19127 0.004878049
4025 0.004878049
5825 0.024390243
10691 0.009756098
16582 0.004878049
1482 0.004878049
14798 0.004878049
1488 0.004878049
13521 0.004878049
10451 0.043902438
21465 0.004878049
5083 0.004878049
13532 0.024390243
4574 0.004878049
4319 0.019512195
5859 0.004878049
20196 0.004878049
5861 0.004878049
20453 0.004878049
5349 0.004878049
15854 0.004878049
1006 0.004878049
21487 0.004878049
11512 0.03902439
