13573 0.0035714286
5893 0.0035714286
10246 0.0035714286
17415 0.0035714286
20231 0.025
14090 0.007142857
16396 0.0035714286
14860 0.0035714286
17935 0.007142857
10767 0.007142857
10771 0.0035714286
12563 0.0035714286
13844 0.010714286
19736 0.007142857
4635 0.010714286
15900 0.0035714286
16669 0.0035714286
13855 0.0035714286
12321 0.0035714286
9250 0.010714286
6435 0.0035714286
7724 0.0035714286
17453 0.0035714286
8497 0.0035714286
820 0.0035714286
21813 0.007142857
8246 0.0035714286
3130 0.0035714286
17210 0.0035714286
14650 0.014285714
8254 0.007142857
10303 0.0035714286
18239 0.007142857
1858 0.0035714286
18758 0.0035714286
12871 0.0035714286
6215 0.021428572
4169 0.0035714286
8011 0.0035714286
18251 0.010714286
12365 0.0035714286
16717 0.010714286
6222 0.0035714286
10321 0.0035714286
21589 0.0035714286
11350 0.0035714286
18263 0.010714286
20571 0.0035714286
15196 0.0035714286
1628 0.0035714286
6239 0.007142857
16736 0.007142857
16481 0.0035714286
8545 0.0035714286
20579 0.0035714286
10083 0.0035714286
17764 0.0035714286
3430 0.0035714286
13929 0.007142857
15209 0.007142857
874 0.0035714286
11121 0.0035714286
17265 0.0035714286
11635 0.0035714286
884 0.0035714286
4469 0.0035714286
19062 0.010714286
8569 0.007142857
15484 0.0035714286
10876 0.0035714286
19581 0.025
21632 0.0035714286
1411 0.0035714286
8836 0.0035714286
11141 0.0035714286
8070 0.007142857
14729 0.0035714286
15755 0.0035714286
7567 0.0035714286
17553 0.0035714286
10897 0.010714286
20883 0.0035714286
15509 0.0035714286
8342 0.007142857
21147 0.0035714286
10651 0.0035714286
15003 0.0035714286
4253 0.0035714286
3489 0.0035714286
3745 0.007142857
12707 0.007142857
8355 0.007142857
14757 0.0035714286
7077 0.0035714286
4517 0.0035714286
12710 0.039285716
15528 0.007142857
18858 0.0035714286
13485 0.0035714286
10415 0.010714286
9392 0.0035714286
8368 0.017857144
4789 0.0035714286
20405 0.025
20150 0.007142857
21432 0.007142857
8890 0.0035714286
12987 0.007142857
6588 0.007142857
4286 0.0035714286
12734 0.010714286
18623 0.0035714286
6336 0.007142857
3522 0.0035714286
8642 0.0035714286
963 0.0035714286
3525 0.0035714286
11718 0.0035714286
2758 0.0035714286
16582 0.007142857
16841 0.0035714286
18378 0.0035714286
17355 0.0035714286
17867 0.0035714286
19917 0.0035714286
12495 0.0035714286
1488 0.0035714286
13521 0.0035714286
11474 0.0035714286
10451 0.014285714
20437 0.0035714286
5077 0.0035714286
3288 0.007142857
20696 0.025
2265 0.007142857
1754 0.007142857
14300 0.0035714286
15325 0.0035714286
16605 0.0035714286
4319 0.0035714286
6623 0.007142857
2785 0.0035714286
18401 0.0035714286
21218 0.0035714286
14052 0.0035714286
6116 0.010714286
8422 0.0035714286
6886 0.010714286
16871 0.0035714286
6888 0.0035714286
14060 0.0035714286
6126 0.0035714286
1006 0.010714286
11504 0.0035714286
8433 0.0035714286
4851 0.0035714286
20723 0.0035714286
11512 0.05357143
5372 0.0035714286
14076 0.007142857
6654 0.0035714286
19199 0.0035714286
