3328 0.004651163
5892 0.004651163
5893 0.009302326
10246 0.009302326
4617 0.009302326
21259 0.013953488
4108 0.004651163
5900 0.004651163
10767 0.004651163
15120 0.004651163
8208 0.004651163
22035 0.009302326
8468 0.004651163
13844 0.009302326
19736 0.013953488
4635 0.023255814
9250 0.004651163
4903 0.004651163
13097 0.004651163
13610 0.004651163
1834 0.004651163
2602 0.004651163
8237 0.004651163
13613 0.004651163
54 0.004651163
20538 0.004651163
14650 0.023255814
18239 0.004651163
1858 0.004651163
17476 0.004651163
10821 0.009302326
12871 0.004651163
18251 0.018604651
21841 0.004651163
9813 0.004651163
16471 0.004651163
18263 0.013953488
22112 0.004651163
16736 0.004651163
16481 0.004651163
8545 0.023255814
20579 0.004651163
10083 0.004651163
2662 0.004651163
13160 0.004651163
15209 0.004651163
19817 0.009302326
3950 0.004651163
10094 0.004651163
12398 0.004651163
4208 0.004651163
2674 0.009302326
11635 0.018604651
884 0.037209302
19062 0.004651163
19581 0.027906977
15486 0.023255814
21632 0.004651163
2176 0.004651163
3456 0.009302326
9862 0.018604651
15755 0.004651163
11148 0.018604651
17294 0.004651163
6286 0.004651163
20367 0.004651163
12687 0.004651163
18064 0.004651163
17553 0.004651163
10897 0.013953488
150 0.004651163
11932 0.013953488
18077 0.004651163
3745 0.004651163
8097 0.046511628
10409 0.004651163
18858 0.004651163
6828 0.004651163
19886 0.009302326
10417 0.004651163
8371 0.004651163
14515 0.03255814
4789 0.004651163
20405 0.023255814
2231 0.004651163
11706 0.004651163
5825 0.004651163
14273 0.004651163
6082 0.004651163
9157 0.009302326
16582 0.004651163
2758 0.004651163
21194 0.013953488
14798 0.004651163
13521 0.004651163
10451 0.023255814
9685 0.004651163
20696 0.004651163
20440 0.004651163
5083 0.004651163
5855 0.004651163
4319 0.013953488
6623 0.013953488
20453 0.004651163
16871 0.004651163
20203 0.009302326
1006 0.013953488
12016 0.004651163
11512 0.041860465
2041 0.004651163
14587 0.013953488
22268 0.004651163
