7680 0.00591716
8194 0.00295858
14851 0.00295858
10499 0.01183432
5893 0.01183432
19718 0.00295858
16390 0.00295858
10246 0.00887574
17415 0.00591716
10248 0.00295858
16396 0.00295858
17676 0.00295858
15630 0.00295858
17935 0.00295858
10767 0.00591716
10512 0.01183432
8468 0.00295858
21526 0.00295858
8475 0.00295858
4635 0.00591716
12830 0.00591716
21534 0.00591716
13855 0.00295858
9250 0.00295858
20516 0.01775148
12325 0.00295858
21541 0.00295858
6952 0.00295858
13610 0.00295858
18731 0.00295858
17196 0.00295858
8237 0.00295858
10546 0.02366864
22067 0.00295858
21044 0.00295858
16951 0.00295858
4665 0.00887574
14650 0.00591716
3389 0.00591716
11327 0.01183432
18239 0.0295858
10821 0.00591716
70 0.00295858
18758 0.00591716
12871 0.00295858
8263 0.00295858
4682 0.00295858
18251 0.0147929
19034 0.00295858
11611 0.00295858
20571 0.00295858
13659 0.00295858
347 0.00591716
9052 0.00295858
13149 0.00295858
9310 0.00591716
2912 0.00591716
1376 0.00887574
16481 0.00295858
7265 0.00295858
15971 0.00295858
10083 0.00591716
17252 0.00295858
3430 0.00295858
2662 0.0147929
5224 0.00295858
10344 0.00295858
874 0.00295858
8811 0.00591716
17262 0.00591716
13426 0.00295858
884 0.00295858
21621 0.0147929
19062 0.00295858
8822 0.00295858
12664 0.00295858
15995 0.00591716
15484 0.00295858
11644 0.00591716
19581 0.03846154
21632 0.00295858
3456 0.00295858
9857 0.00295858
11905 0.00295858
13186 0.01183432
7555 0.00295858
388 0.00295858
8836 0.00295858
3210 0.00591716
15755 0.00295858
11151 0.00295858
6032 0.00295858
17553 0.00591716
10897 0.01183432
13714 0.00295858
20883 0.00591716
18836 0.00295858
4758 0.00295858
8343 0.03254438
15003 0.00591716
11932 0.00591716
20127 0.00295858
3745 0.00591716
15528 0.00295858
168 0.00591716
19883 0.00295858
19886 0.00295858
431 0.00591716
10417 0.01775148
5042 0.00295858
8371 0.00591716
6836 0.00295858
20405 0.01775148
19126 0.00295858
21944 0.00295858
21178 0.00295858
8890 0.00295858
12734 0.00295858
6336 0.00295858
21696 0.00295858
3520 0.01775148
14533 0.00295858
10949 0.00295858
14022 0.00295858
2758 0.00591716
16582 0.00591716
10696 0.00295858
2509 0.01775148
20942 0.00295858
11215 0.00295858
20176 0.00295858
13521 0.00295858
10451 0.03550296
8405 0.00295858
17366 0.00295858
21465 0.00295858
13532 0.00295858
2269 0.00295858
20959 0.00295858
4319 0.00887574
6623 0.00887574
10209 0.00295858
5859 0.00591716
6116 0.00887574
5861 0.00295858
20453 0.00887574
6886 0.00591716
16871 0.00295858
20712 0.00295858
3306 0.00295858
14829 0.00295858
15342 0.00295858
1006 0.01183432
8175 0.00295858
2288 0.00295858
11504 0.00295858
8433 0.00295858
20721 0.00295858
8177 0.00295858
16882 0.00295858
15606 0.00591716
7160 0.00295858
21752 0.00591716
11512 0.04733728
6654 0.00295858
19199 0.00295858
18431 0.00295858
6143 0.00591716
