8194 0.0035587188
5893 0.021352313
10246 0.010676157
10767 0.0035587188
13587 0.0035587188
10516 0.0035587188
2836 0.0035587188
13844 0.0071174377
10006 0.0035587188
278 0.0035587188
13334 0.099644125
19736 0.010676157
4635 0.0035587188
14365 0.0035587188
13343 0.014234875
6688 0.0035587188
9250 0.0071174377
21541 0.0035587188
7208 0.0035587188
8237 0.0035587188
15662 0.0035587188
21295 0.0035587188
9521 0.0035587188
10546 0.0071174377
18739 0.0035587188
11571 0.0035587188
8243 0.0035587188
5428 0.0035587188
14904 0.0035587188
20792 0.0035587188
20538 0.0035587188
14650 0.0071174377
7486 0.0035587188
11327 0.010676157
18239 0.024911031
10817 0.0035587188
6215 0.0035587188
8263 0.0071174377
2119 0.0071174377
12871 0.010676157
4169 0.0035587188
14153 0.0035587188
18251 0.021352313
20813 0.0035587188
16717 0.0071174377
2897 0.0035587188
10065 0.021352313
9810 0.0035587188
21076 0.0071174377
3925 0.0035587188
2902 0.0035587188
16471 0.0035587188
9310 0.0035587188
13919 0.0035587188
16479 0.0035587188
1376 0.0071174377
16481 0.0035587188
11363 0.0035587188
2662 0.0035587188
3430 0.010676157
10344 0.0035587188
14442 0.0035587188
6509 0.0035587188
13426 0.0035587188
11635 0.024911031
21621 0.010676157
19062 0.0035587188
19581 0.014234875
21632 0.0035587188
13952 0.0035587188
13186 0.0035587188
16520 0.0035587188
15755 0.0035587188
3982 0.0071174377
11151 0.0035587188
18064 0.0035587188
10896 0.0071174377
10897 0.0071174377
16785 0.010676157
2197 0.0071174377
150 0.0071174377
8343 0.0071174377
5274 0.0035587188
5275 0.0035587188
11932 0.0035587188
18077 0.010676157
3745 0.0035587188
15272 0.0035587188
1716 0.0035587188
20405 0.024911031
4025 0.0071174377
956 0.0035587188
3262 0.0071174377
5825 0.010676157
3522 0.0035587188
9666 0.0071174377
14022 0.0035587188
7110 0.0035587188
16582 0.0071174377
2758 0.0071174377
2509 0.0035587188
462 0.0071174377
16847 0.0035587188
13521 0.0035587188
13778 0.0035587188
10451 0.035587188
11221 0.0035587188
14550 0.0035587188
214 0.0035587188
15831 0.0035587188
20696 0.03202847
7897 0.010676157
731 0.0071174377
6623 0.0035587188
7647 0.0035587188
4319 0.0071174377
6368 0.0071174377
17378 0.0035587188
8163 0.0035587188
6116 0.010676157
20196 0.017793594
20453 0.014234875
16871 0.0071174377
20712 0.0035587188
15337 0.0035587188
7914 0.0035587188
1006 0.0035587188
19183 0.0035587188
12016 0.0071174377
20723 0.0035587188
13044 0.0035587188
18677 0.0035587188
9973 0.0035587188
6134 0.0035587188
15608 0.0071174377
11512 0.021352313
22010 0.0035587188
