8194 0.006802721
4100 0.010204081
19461 0.0034013605
8709 0.0034013605
5893 0.017006803
10246 0.010204081
9226 0.0034013605
15629 0.006802721
5646 0.0034013605
17935 0.0034013605
1295 0.006802721
13844 0.0034013605
13334 0.0034013605
12568 0.0034013605
19736 0.006802721
16409 0.0034013605
4635 0.020408163
14365 0.006802721
21541 0.0034013605
21287 0.0034013605
17960 0.006802721
13610 0.0034013605
4652 0.0034013605
13613 0.0034013605
9776 0.0034013605
20020 0.0034013605
3130 0.0034013605
14650 0.006802721
4925 0.07482993
16958 0.0034013605
18239 0.006802721
11327 0.010204081
1858 0.0034013605
10821 0.006802721
18758 0.006802721
12871 0.0034013605
6215 0.0034013605
8263 0.006802721
4169 0.0034013605
18251 0.013605442
19020 0.0034013605
12365 0.0034013605
16717 0.006802721
2897 0.0034013605
18263 0.0034013605
13659 0.0034013605
1376 0.006802721
16481 0.0034013605
21345 0.0034013605
7265 0.0034013605
10083 0.006802721
20579 0.0034013605
1635 0.0034013605
6243 0.0034013605
1125 0.0034013605
13670 0.0034013605
622 0.0034013605
11635 0.0034013605
18038 0.0034013605
19062 0.0034013605
2941 0.0034013605
8573 0.006802721
19581 0.017006803
21632 0.0034013605
13952 0.0034013605
16003 0.023809524
8836 0.0034013605
11141 0.0034013605
9862 0.0034013605
9361 0.006802721
17553 0.006802721
10897 0.023809524
150 0.0034013605
8343 0.0034013605
9368 0.0034013605
21914 0.0034013605
10651 0.023809524
16543 0.0034013605
13983 0.0034013605
8864 0.0034013605
3745 0.006802721
15528 0.006802721
19886 0.006802721
14768 0.0034013605
21424 0.0034013605
8371 0.0034013605
20405 0.023809524
2231 0.0034013605
18872 0.006802721
19646 0.054421768
18367 0.027210884
19137 0.0034013605
10691 0.010204081
3268 0.0034013605
16582 0.0034013605
14793 0.0034013605
1482 0.0034013605
3530 0.020408163
19917 0.0034013605
6862 0.0034013605
20942 0.0034013605
12495 0.0034013605
1488 0.013605442
13521 0.0034013605
10451 0.010204081
5077 0.0034013605
20696 0.027210884
7897 0.0034013605
21465 0.006802721
17886 0.0034013605
16095 0.0034013605
4319 0.013605442
2785 0.0034013605
16867 0.0034013605
5859 0.0034013605
20196 0.0034013605
6116 0.006802721
8422 0.0034013605
1254 0.030612245
4585 0.0034013605
7914 0.0034013605
14314 0.0034013605
1006 0.010204081
8433 0.0034013605
11512 0.05102041
3323 0.006802721
6654 0.0034013605
5631 0.013605442
6143 0.013605442
