8194 0.008032128
5892 0.024096385
5893 0.012048192
16390 0.004016064
10246 0.008032128
10763 0.012048192
16396 0.012048192
5903 0.004016064
22294 0.008032128
19736 0.008032128
13083 0.004016064
4635 0.008032128
18716 0.004016064
12830 0.004016064
16414 0.004016064
17696 0.004016064
21541 0.004016064
13097 0.004016064
14381 0.004016064
12077 0.004016064
13613 0.004016064
558 0.004016064
21295 0.004016064
22064 0.004016064
10546 0.004016064
8243 0.004016064
4665 0.004016064
18239 0.008032128
11327 0.008032128
1858 0.004016064
2117 0.004016064
10821 0.004016064
18758 0.004016064
12871 0.004016064
8263 0.004016064
18506 0.004016064
18251 0.004016064
16717 0.016064256
14158 0.004016064
21841 0.004016064
9810 0.004016064
18258 0.004016064
2140 0.004016064
14684 0.004016064
9310 0.004016064
6239 0.004016064
16481 0.004016064
21345 0.008032128
20579 0.004016064
5990 0.004016064
3430 0.004016064
5736 0.004016064
15209 0.004016064
874 0.008032128
6509 0.004016064
17262 0.004016064
14705 0.004016064
884 0.016064256
19062 0.004016064
15484 0.008032128
19581 0.016064256
9598 0.012048192
11391 0.004016064
21632 0.004016064
6273 0.004016064
8837 0.012048192
3466 0.004016064
7567 0.012048192
10897 0.008032128
9362 0.004016064
20883 0.004016064
8342 0.004016064
8343 0.004016064
5019 0.004016064
11932 0.004016064
10143 0.008032128
8864 0.004016064
3745 0.012048192
3491 0.004016064
10153 0.004016064
14250 0.004016064
2731 0.004016064
19886 0.004016064
9139 0.004016064
20405 0.036144577
20150 0.004016064
11447 0.004016064
6840 0.004016064
4025 0.004016064
15034 0.004016064
8890 0.008032128
6588 0.004016064
18369 0.012048192
5825 0.016064256
10691 0.004016064
21444 0.004016064
16582 0.012048192
2758 0.024096385
10184 0.004016064
21194 0.004016064
1482 0.004016064
19917 0.004016064
13521 0.004016064
5585 0.004016064
10451 0.02008032
8919 0.004016064
21465 0.004016064
7642 0.004016064
15323 0.004016064
16605 0.008032128
735 0.004016064
6623 0.02008032
20196 0.004016064
3557 0.004016064
5349 0.004016064
20453 0.008032128
16871 0.004016064
20712 0.008032128
3306 0.14457831
14060 0.004016064
13549 0.004016064
15086 0.008032128
1006 0.012048192
19695 0.004016064
18159 0.004016064
752 0.004016064
12020 0.004016064
21493 0.004016064
11512 0.036144577
12286 0.004016064
19199 0.004016064
