8192 4.5516613E-4
2049 4.5516613E-4
8194 4.5516613E-4
4100 0.0018206645
10246 0.0018206645
17415 0.0027309968
21514 4.5516613E-4
16396 0.0054619936
2061 0.0013654984
20496 4.5516613E-4
8208 9.1033225E-4
13345 0.0013654984
12321 0.0018206645
12325 0.0018206645
17446 4.5516613E-4
38 0.004551661
11303 0.0022758306
2089 0.00591716
8234 4.5516613E-4
10284 4.5516613E-4
8237 9.1033225E-4
20528 4.5516613E-4
8243 4.5516613E-4
12339 4.5516613E-4
7220 4.5516613E-4
21558 9.1033225E-4
20536 4.5516613E-4
13370 4.5516613E-4
8254 0.009103322
11327 0.010013655
13378 9.1033225E-4
20548 4.5516613E-4
4169 0.0054619936
6220 4.5516613E-4
12365 4.5516613E-4
3151 4.5516613E-4
10321 0.0050068274
4179 9.1033225E-4
10331 4.5516613E-4
2140 9.1033225E-4
16481 4.5516613E-4
7265 0.018206645
11363 0.0013654984
18536 9.1033225E-4
10344 0.0018206645
20587 4.5516613E-4
12397 4.5516613E-4
5229 4.5516613E-4
16495 4.5516613E-4
21621 0.0040964955
14461 4.5516613E-4
19581 0.012289486
3199 4.5516613E-4
21632 4.5516613E-4
11396 4.5516613E-4
18566 0.0040964955
16519 4.5516613E-4
17549 0.003641329
4237 0.00591716
20624 4.5516613E-4
15504 9.1033225E-4
19603 4.5516613E-4
15509 4.5516613E-4
2197 0.0050068274
8342 9.1033225E-4
150 0.00591716
20632 4.5516613E-4
18588 4.5516613E-4
9374 4.5516613E-4
17567 4.5516613E-4
8355 4.5516613E-4
5287 4.5516613E-4
15528 4.5516613E-4
13480 0.0040964955
8364 4.5516613E-4
13485 4.5516613E-4
12463 4.5516613E-4
8368 0.0054619936
14514 9.1033225E-4
14515 0.003641329
21684 9.1033225E-4
9396 0.0013654984
16568 4.5516613E-4
9406 9.1033225E-4
6336 0.0068274923
8386 4.5516613E-4
4290 9.1033225E-4
13509 4.5516613E-4
16582 0.0027309968
1224 4.5516613E-4
14543 4.5516613E-4
13521 4.5516613E-4
10451 0.0050068274
5332 4.5516613E-4
3288 0.009103322
11482 4.5516613E-4
15578 4.5516613E-4
16605 0.0013654984
4319 0.030496132
18656 4.5516613E-4
9441 0.0018206645
5349 4.5516613E-4
20712 4.5516613E-4
16621 9.1033225E-4
3311 4.5516613E-4
241 4.5516613E-4
20723 4.5516613E-4
4342 4.5516613E-4
21752 4.5516613E-4
11512 0.003641329
15610 9.1033225E-4
10492 9.1033225E-4
19711 0.0018206645
5380 0.003186163
5387 9.1033225E-4
20751 4.5516613E-4
8468 9.1033225E-4
278 0.0054619936
6425 0.0013654984
21786 4.5516613E-4
2336 0.0013654984
9507 4.5516613E-4
6435 4.5516613E-4
16676 9.1033225E-4
18731 9.1033225E-4
4396 4.5516613E-4
6444 9.1033225E-4
8497 0.0018206645
11571 4.5516613E-4
13621 4.5516613E-4
21813 0.0027309968
19769 4.5516613E-4
14650 0.0022758306
2363 4.5516613E-4
7486 9.1033225E-4
8516 4.5516613E-4
21828 0.0022758306
19781 0.0022758306
9546 4.5516613E-4
16717 9.1033225E-4
20813 0.0018206645
21841 0.0013654984
337 0.0018206645
20826 4.5516613E-4
13659 0.0022758306
11611 0.004551661
14688 4.5516613E-4
13664 0.0040964955
16736 0.032771964
13670 4.5516613E-4
3430 0.003186163
21872 4.5516613E-4
7536 4.5516613E-4
14705 9.1033225E-4
8561 0.0013654984
12659 4.5516613E-4
11635 0.003641329
12664 4.5516613E-4
4477 9.1033225E-4
3455 4.5516613E-4
3464 0.0027309968
10634 9.1033225E-4
9616 4.5516613E-4
18834 4.5516613E-4
20883 9.1033225E-4
16789 4.5516613E-4
20886 0.004551661
20887 4.5516613E-4
11672 4.5516613E-4
8603 4.5516613E-4
10651 0.017296312
16802 4.5516613E-4
14757 4.5516613E-4
12710 0.0018206645
14761 9.1033225E-4
21933 4.5516613E-4
19886 4.5516613E-4
13746 4.5516613E-4
4531 9.1033225E-4
16821 4.5516613E-4
21944 4.5516613E-4
18872 4.5516613E-4
8634 4.5516613E-4
18877 0.0013654984
14784 4.5516613E-4
448 0.0040964955
1473 4.5516613E-4
3522 4.5516613E-4
12740 4.5516613E-4
17861 4.5516613E-4
12744 9.1033225E-4
1482 0.0022758306
3530 0.0027309968
17867 9.1033225E-4
2509 4.5516613E-4
19917 0.0022758306
1488 0.0013654984
3538 4.5516613E-4
2515 4.5516613E-4
15831 4.5516613E-4
7642 9.1033225E-4
16861 9.1033225E-4
6623 0.022758307
15845 4.5516613E-4
2534 4.5516613E-4
16871 0.003186163
17896 0.0027309968
10735 0.003641329
1523 0.0022758306
1524 4.5516613E-4
16886 0.0018206645
14838 0.0113791535
22009 4.5516613E-4
10745 4.5516613E-4
16892 9.1033225E-4
19965 4.5516613E-4
6654 0.0027309968
11775 4.5516613E-4
7680 4.5516613E-4
15878 4.5516613E-4
519 9.1033225E-4
4617 9.1033225E-4
10763 0.0018206645
17935 9.1033225E-4
10767 0.003641329
19984 4.5516613E-4
13844 0.0113791535
4635 0.0018206645
12827 0.010923987
12830 4.5516613E-4
6687 4.5516613E-4
13855 0.0013654984
13857 4.5516613E-4
9761 4.5516613E-4
17956 9.1033225E-4
14884 0.008648156
21030 4.5516613E-4
7723 4.5516613E-4
20012 4.5516613E-4
13870 0.0054619936
3632 4.5516613E-4
22064 0.008192991
11827 0.003186163
22067 0.0040964955
14903 9.1033225E-4
4665 9.1033225E-4
22076 0.003186163
10817 0.0068274923
10821 0.0050068274
12871 0.0018206645
4682 4.5516613E-4
19020 4.5516613E-4
2637 4.5516613E-4
7757 9.1033225E-4
5712 9.1033225E-4
3664 0.0022758306
11858 4.5516613E-4
11860 4.5516613E-4
11872 0.0013654984
15971 4.5516613E-4
2662 0.015020482
9836 0.0040964955
15981 4.5516613E-4
20078 4.5516613E-4
2674 9.1033225E-4
17017 4.5516613E-4
18043 4.5516613E-4
8832 4.5516613E-4
13952 4.5516613E-4
11905 9.1033225E-4
8834 4.5516613E-4
2690 9.1033225E-4
22147 4.5516613E-4
16003 0.0050068274
2692 4.5516613E-4
9862 9.1033225E-4
22154 0.0013654984
13965 9.1033225E-4
19085 9.1033225E-4
9870 4.5516613E-4
10897 0.0040964955
7830 0.0050068274
2711 9.1033225E-4
22169 0.0018206645
16032 0.006372326
3745 0.0013654984
15011 0.0013654984
2728 4.5516613E-4
22184 4.5516613E-4
22189 9.1033225E-4
1716 4.5516613E-4
20149 4.5516613E-4
19126 0.0027309968
15036 4.5516613E-4
20157 4.5516613E-4
18110 0.0013654984
19137 9.1033225E-4
12994 4.5516613E-4
8901 0.007282658
2758 4.5516613E-4
3782 0.007737824
20167 4.5516613E-4
716 0.0054619936
21198 4.5516613E-4
17104 0.0013654984
723 4.5516613E-4
11991 0.0018206645
13023 4.5516613E-4
9951 0.0013654984
12005 9.1033225E-4
2791 4.5516613E-4
6888 0.0013654984
14060 4.5516613E-4
18159 9.1033225E-4
19183 0.0018206645
10994 4.5516613E-4
21235 4.5516613E-4
15091 4.5516613E-4
19188 4.5516613E-4
13044 9.1033225E-4
10996 0.0013654984
22268 4.5516613E-4
766 4.5516613E-4
19199 0.0054619936
19200 4.5516613E-4
9984 0.0068274923
7938 0.003186163
5892 0.0018206645
11013 0.0018206645
5893 0.08101957
20231 4.5516613E-4
5900 4.5516613E-4
7950 4.5516613E-4
7952 4.5516613E-4
4882 4.5516613E-4
3862 4.5516613E-4
6934 0.024123805
5911 9.1033225E-4
15128 4.5516613E-4
18208 9.1033225E-4
802 4.5516613E-4
13092 4.5516613E-4
4903 0.0018206645
6952 0.02366864
3886 4.5516613E-4
21297 4.5516613E-4
4915 4.5516613E-4
2867 4.5516613E-4
16180 4.5516613E-4
11060 0.003186163
4922 4.5516613E-4
4923 0.0022758306
5949 4.5516613E-4
11073 4.5516613E-4
6977 4.5516613E-4
19268 0.0013654984
21317 0.0113791535
12102 4.5516613E-4
4934 4.5516613E-4
4938 9.1033225E-4
18251 0.03641329
6988 9.1033225E-4
2897 4.5516613E-4
4949 4.5516613E-4
8021 0.0018206645
18263 0.0027309968
20315 0.0040964955
15196 0.0027309968
2915 4.5516613E-4
10083 0.0022758306
17252 4.5516613E-4
9061 4.5516613E-4
5990 0.0018206645
15208 9.1033225E-4
14185 4.5516613E-4
15209 0.0018206645
19306 0.0022758306
17262 9.1033225E-4
11121 0.003641329
8051 4.5516613E-4
884 9.1033225E-4
10101 0.0018206645
13176 4.5516613E-4
11141 0.0054619936
15240 4.5516613E-4
20360 4.5516613E-4
17288 4.5516613E-4
1928 0.0013654984
910 0.0050068274
11151 0.003186163
12176 4.5516613E-4
6032 0.0022758306
17303 0.0018206645
18328 0.0022758306
13210 0.0040964955
8095 4.5516613E-4
2975 4.5516613E-4
8097 4.5516613E-4
18338 4.5516613E-4
1955 4.5516613E-4
18340 4.5516613E-4
7082 0.0068274923
5036 4.5516613E-4
20396 4.5516613E-4
8110 9.1033225E-4
12209 4.5516613E-4
20402 9.1033225E-4
9141 9.1033225E-4
20405 0.0022758306
4024 0.0027309968
4025 0.003641329
5051 4.5516613E-4
20415 4.5516613E-4
14273 0.0027309968
10184 0.0013654984
11215 4.5516613E-4
20437 4.5516613E-4
9175 9.1033225E-4
18391 0.0018206645
9176 4.5516613E-4
8153 4.5516613E-4
16345 9.1033225E-4
7130 4.5516613E-4
14300 9.1033225E-4
18397 0.009558489
7135 0.0040964955
18401 9.1033225E-4
8163 4.5516613E-4
6116 0.0068274923
2022 4.5516613E-4
18414 4.5516613E-4
9201 4.5516613E-4
9202 4.5516613E-4
17396 4.5516613E-4
16375 0.003186163
7160 9.1033225E-4
18428 4.5516613E-4
6143 0.009558489
