5121 0.0049261083
8194 0.019704433
5892 0.009852217
19461 0.0049261083
5893 0.024630541
10246 0.0049261083
17415 0.009852217
16396 0.0049261083
7950 0.009852217
17935 0.0049261083
10767 0.0049261083
1295 0.014778325
5396 0.0049261083
22294 0.009852217
19736 0.0049261083
3098 0.0049261083
4635 0.009852217
15900 0.0049261083
14365 0.0049261083
16926 0.0049261083
14625 0.0049261083
11298 0.0049261083
9250 0.0049261083
7460 0.0049261083
549 0.0049261083
8485 0.0049261083
11815 0.0049261083
10284 0.009852217
7474 0.009852217
10546 0.009852217
311 0.0049261083
14650 0.0049261083
59 0.0049261083
12350 0.0049261083
15422 0.0049261083
18239 0.0049261083
11071 0.0049261083
10821 0.009852217
18758 0.009852217
12871 0.0049261083
8263 0.0049261083
14153 0.0049261083
18251 0.0049261083
14158 0.0049261083
14165 0.0049261083
15959 0.0049261083
10331 0.0049261083
13149 0.0049261083
14173 0.02955665
6239 0.0049261083
11360 0.0049261083
16736 0.0049261083
16481 0.0049261083
20579 0.0049261083
3430 0.0049261083
109 0.0049261083
10094 0.0049261083
7022 0.0049261083
21872 0.009852217
13426 0.0049261083
11635 0.0049261083
21621 0.0049261083
5237 0.0049261083
6525 0.0049261083
9087 0.009852217
3199 0.009852217
21632 0.0049261083
2176 0.0049261083
13696 0.0049261083
19841 0.0049261083
9862 0.0049261083
17293 0.014778325
3982 0.0049261083
10896 0.0049261083
17553 0.0049261083
10897 0.024630541
8343 0.0049261083
8090 0.0049261083
10651 0.0049261083
11932 0.014778325
4510 0.0049261083
8864 0.0049261083
3745 0.0049261083
15522 0.009852217
15528 0.0049261083
8111 0.0049261083
6836 0.0049261083
9141 0.0049261083
20405 0.019704433
6588 0.009852217
21698 0.019704433
10691 0.0049261083
16582 0.0049261083
968 0.0049261083
17355 0.07881773
13521 0.0049261083
10451 0.03448276
7380 0.0049261083
20437 0.0049261083
16599 0.0049261083
20696 0.009852217
21465 0.0049261083
989 0.0049261083
6623 0.0049261083
6880 0.0049261083
7906 0.0049261083
6116 0.009852217
8422 0.009852217
2022 0.009852217
6886 0.014778325
20968 0.0049261083
20203 0.0049261083
17388 0.0049261083
5356 0.0049261083
2284 0.0049261083
1006 0.009852217
3058 0.0049261083
20723 0.0049261083
11512 0.049261082
3323 0.0049261083
9213 0.0049261083
7421 0.009852217
