7680 0.0027777778
8194 0.0027777778
16389 0.0027777778
5893 0.013888889
10246 0.0055555557
16390 0.011111111
519 0.0027777778
17415 0.0055555557
6409 0.0027777778
10763 0.0027777778
15629 0.0027777778
17935 0.0027777778
10767 0.011111111
13844 0.008333334
14616 0.0027777778
19736 0.008333334
21786 0.008333334
4635 0.011111111
15900 0.0055555557
14365 0.0027777778
12321 0.0027777778
6435 0.0027777778
21287 0.0027777778
2089 0.0027777778
7209 0.0055555557
10284 0.13333334
2606 0.0027777778
22064 0.022222223
10546 0.0055555557
8243 0.0027777778
21044 0.0027777778
311 0.0027777778
14903 0.0027777778
313 0.0027777778
14650 0.0027777778
11327 0.0027777778
18239 0.011111111
1858 0.0055555557
10821 0.0027777778
12871 0.0027777778
8263 0.0055555557
4169 0.0027777778
18251 0.008333334
16717 0.0027777778
9805 0.0027777778
2897 0.0027777778
10065 0.0027777778
18258 0.0027777778
7251 0.0027777778
21588 0.0027777778
18263 0.008333334
19034 0.0027777778
13919 0.0055555557
6239 0.0055555557
16481 0.0055555557
7265 0.019444445
17252 0.0027777778
3430 0.0027777778
15209 0.0027777778
14185 0.0027777778
874 0.0027777778
8814 0.0027777778
12664 0.0027777778
18298 0.0055555557
18557 0.0027777778
19581 0.019444445
21632 0.0027777778
22147 0.0027777778
16003 0.06666667
9862 0.030555556
19594 0.0055555557
400 0.0027777778
10897 0.013888889
16789 0.0027777778
8853 0.025
8342 0.0055555557
8343 0.0055555557
15257 0.0027777778
16543 0.0027777778
8864 0.0027777778
3745 0.0055555557
15011 0.0027777778
19620 0.0027777778
7847 0.0027777778
17836 0.0027777778
21679 0.0027777778
20402 0.0027777778
14514 0.0027777778
9139 0.0027777778
8371 0.030555556
20405 0.008333334
20150 0.0027777778
19127 0.0027777778
15034 0.0055555557
10174 0.0027777778
5825 0.0055555557
1473 0.008333334
3522 0.0027777778
9666 0.0055555557
11718 0.0027777778
16582 0.0055555557
2758 0.008333334
16841 0.0027777778
17355 0.0027777778
18381 0.0055555557
718 0.0027777778
3793 0.0027777778
13521 0.0027777778
10451 0.022222223
6101 0.0027777778
11734 0.0027777778
16599 0.0027777778
3288 0.0055555557
1499 0.0055555557
14300 0.0027777778
989 0.0027777778
12765 0.0027777778
4319 0.0027777778
9951 0.0055555557
21218 0.0027777778
6116 0.008333334
5349 0.0027777778
20453 0.0055555557
8422 0.0027777778
2791 0.011111111
20712 0.0027777778
7914 0.011111111
8172 0.0027777778
17388 0.0027777778
1006 0.0055555557
6895 0.0027777778
9201 0.0027777778
15606 0.0027777778
15608 0.0055555557
11512 0.06388889
2041 0.0027777778
3323 0.016666668
6143 0.0055555557
