21632 0.005952381
2176 0.005952381
11905 0.005952381
13186 0.005952381
4100 0.005952381
19461 0.005952381
5893 0.035714287
10246 0.029761905
8456 0.005952381
2061 0.005952381
19216 0.005952381
10897 0.017857144
8468 0.005952381
20500 0.005952381
2325 0.005952381
8343 0.005952381
12568 0.005952381
19736 0.029761905
21401 0.005952381
2204 0.005952381
1948 0.005952381
927 0.005952381
8864 0.005952381
32 0.11904762
3745 0.011904762
9250 0.005952381
930 0.011904762
8355 0.005952381
38 0.011904762
11430 0.029761905
13097 0.035714287
298 0.005952381
13613 0.005952381
9139 0.005952381
14901 0.005952381
19126 0.011904762
14650 0.005952381
15034 0.005952381
12734 0.005952381
11327 0.005952381
18239 0.005952381
16064 0.005952381
10691 0.017857144
3268 0.005952381
21444 0.011904762
1221 0.005952381
16582 0.005952381
838 0.005952381
326 0.005952381
12871 0.005952381
8263 0.005952381
6215 0.011904762
4169 0.011904762
18251 0.005952381
14798 0.005952381
7630 0.005952381
13521 0.005952381
10065 0.005952381
3922 0.005952381
10451 0.011904762
7766 0.005952381
20566 0.005952381
11734 0.005952381
17238 0.005952381
15446 0.005952381
18263 0.065476194
20696 0.005952381
3288 0.011904762
1241 0.005952381
22235 0.005952381
15196 0.005952381
16605 0.005952381
6239 0.005952381
1119 0.005952381
9951 0.005952381
16481 0.005952381
20065 0.005952381
5861 0.005952381
5736 0.005952381
13160 0.005952381
14314 0.005952381
7914 0.011904762
6509 0.011904762
19183 0.005952381
882 0.005952381
15090 0.005952381
11635 0.005952381
9204 0.005952381
884 0.011904762
11512 0.035714287
10492 0.011904762
7421 0.005952381
19581 0.011904762
19199 0.005952381
