19712 0.010256411
1 0.0051282053
18433 0.0051282053
8194 0.03076923
5893 0.010256411
10246 0.015384615
17415 0.0051282053
10767 0.010256411
13844 0.020512821
15900 0.0051282053
13343 0.010256411
21541 0.0051282053
38 0.010256411
10025 0.0051282053
13610 0.0051282053
21035 0.0051282053
823 0.0051282053
14650 0.03076923
18239 0.0051282053
11327 0.0051282053
13891 0.010256411
10821 0.010256411
12871 0.0051282053
8263 0.0051282053
6215 0.020512821
20554 0.0051282053
18251 0.035897437
20813 0.010256411
10321 0.0051282053
20823 0.0051282053
18263 0.010256411
13659 0.0051282053
10843 0.0051282053
10331 0.010256411
16481 0.0051282053
21345 0.0051282053
6243 0.0051282053
10083 0.0051282053
20579 0.0051282053
4198 0.0051282053
8297 0.0051282053
15209 0.010256411
6509 0.0051282053
10094 0.0051282053
5231 0.0051282053
18544 0.0051282053
884 0.0051282053
21621 0.0051282053
11644 0.0051282053
19581 0.015384615
21632 0.0051282053
13952 0.0051282053
8836 0.0051282053
9862 0.010256411
19594 0.0051282053
1166 0.0051282053
17294 0.010256411
11151 0.0051282053
6032 0.0051282053
9361 0.025641026
10897 0.025641026
8343 0.0051282053
11932 0.0051282053
18334 0.0051282053
8864 0.0051282053
3745 0.010256411
15528 0.0051282053
14514 0.0051282053
20405 0.020512821
11447 0.0051282053
6588 0.010256411
5825 0.0051282053
10691 0.0051282053
16582 0.0051282053
13521 0.0051282053
10451 0.082051285
20437 0.0051282053
14040 0.0051282053
20696 0.041025642
3288 0.056410257
7897 0.0051282053
13532 0.0051282053
2269 0.0051282053
4319 0.010256411
2785 0.0051282053
1505 0.0051282053
5859 0.0051282053
11236 0.0051282053
20453 0.020512821
2791 0.0051282053
19688 0.0051282053
4329 0.015384615
7914 0.0051282053
19183 0.010256411
20723 0.0051282053
7160 0.0051282053
11512 0.03076923
6143 0.010256411
