18432 0.008571428
3842 0.0028571428
8194 0.0057142857
10499 0.0028571428
5892 0.0028571428
5893 0.0028571428
10246 0.008571428
17415 0.0057142857
3339 0.0057142857
9227 0.008571428
16396 0.0028571428
21260 0.0057142857
17935 0.0028571428
4111 0.0028571428
10767 0.0028571428
13844 0.0028571428
3860 0.0028571428
19736 0.03142857
4635 0.008571428
14364 0.0028571428
5149 0.0028571428
21790 0.0028571428
13343 0.0028571428
6688 0.0028571428
9250 0.008571428
20516 0.0028571428
21541 0.0028571428
4903 0.0028571428
10793 0.0028571428
2601 0.0028571428
11562 0.0028571428
1324 0.0028571428
8237 0.008571428
12335 0.0028571428
21295 0.0028571428
14129 0.0028571428
8497 0.014285714
17972 0.0028571428
21044 0.0028571428
21300 0.0028571428
20020 0.0057142857
14903 0.0057142857
14650 0.022857143
13883 0.0028571428
7743 0.0028571428
11327 0.0028571428
12095 0.0028571428
18239 0.011428571
4416 0.0028571428
1858 0.0028571428
12871 0.0028571428
2119 0.0028571428
8263 0.0057142857
1353 0.0028571428
4682 0.0028571428
18251 0.0057142857
20813 0.0028571428
16717 0.0057142857
6477 0.03142857
12622 0.0028571428
3922 0.0028571428
9813 0.0028571428
16981 0.0028571428
11350 0.0028571428
17495 0.0028571428
18263 0.0057142857
13659 0.008571428
16736 0.014285714
16481 0.0028571428
8545 0.0057142857
20579 0.0028571428
10083 0.0057142857
11108 0.0057142857
20069 0.0028571428
2662 0.0028571428
13160 0.008571428
14185 0.0028571428
15209 0.0028571428
13929 0.011428571
4971 0.0028571428
10094 0.0028571428
884 0.0028571428
15484 0.0028571428
19581 0.011428571
15743 0.0028571428
21632 0.0028571428
3456 0.0057142857
6787 0.0028571428
7299 0.0057142857
11141 0.0028571428
8070 0.0028571428
9862 0.0057142857
3466 0.008571428
13709 0.0028571428
10896 0.0028571428
18064 0.0028571428
6032 0.008571428
17553 0.0028571428
10897 0.011428571
18834 0.0028571428
20883 0.011428571
18836 0.0028571428
7830 0.0057142857
8343 0.0028571428
21401 0.0028571428
20127 0.0028571428
8864 0.0028571428
3745 0.0028571428
3491 0.0028571428
8355 0.0057142857
15528 0.0057142857
5801 0.011428571
7082 0.0057142857
10412 0.0028571428
8368 0.008571428
433 0.0028571428
8371 0.008571428
10677 0.0028571428
20405 0.014285714
2231 0.0028571428
21432 0.0028571428
12734 0.0028571428
16574 0.0028571428
3262 0.0028571428
3520 0.0028571428
5825 0.008571428
10691 0.0028571428
16582 0.0057142857
10952 0.0028571428
21194 0.0057142857
716 0.0028571428
4556 0.045714285
3790 0.0057142857
718 0.011428571
13521 0.0028571428
9937 0.0028571428
10451 0.028571429
20437 0.0028571428
20438 0.0057142857
20696 0.0057142857
3288 0.02
21465 0.0028571428
4314 0.0028571428
13532 0.0028571428
18910 0.0028571428
4319 0.0028571428
6623 0.0028571428
20705 0.0028571428
20196 0.0028571428
6116 0.008571428
20453 0.0057142857
5861 0.008571428
6886 0.0057142857
8422 0.0057142857
11241 0.0028571428
3306 0.0057142857
7149 0.0028571428
1006 0.017142856
12016 0.0028571428
241 0.0057142857
8433 0.011428571
20723 0.0028571428
12020 0.0057142857
9461 0.0028571428
15606 0.0028571428
11512 0.04857143
14585 0.0028571428
22009 0.0028571428
1785 0.0028571428
14330 0.0028571428
14075 0.0028571428
22268 0.0028571428
6143 0.008571428
