21632 0.011627907
11905 0.011627907
16258 0.011627907
7683 0.011627907
5893 0.046511628
16390 0.011627907
9862 0.023255814
17549 0.011627907
2061 0.011627907
17935 0.011627907
10897 0.034883723
19736 0.011627907
13210 0.011627907
11932 0.023255814
21662 0.011627907
12830 0.011627907
20127 0.011627907
8864 0.011627907
3745 0.011627907
20137 0.011627907
19249 0.011627907
16434 0.011627907
6836 0.023255814
11327 0.011627907
1730 0.011627907
9157 0.011627907
16582 0.023255814
12871 0.011627907
2119 0.011627907
4679 0.011627907
16841 0.011627907
17738 0.011627907
18251 0.011627907
13521 0.011627907
10451 0.023255814
7124 0.011627907
21076 0.011627907
16980 0.011627907
18263 0.10465116
20696 0.023255814
13659 0.011627907
10331 0.011627907
6623 0.023255814
5088 0.011627907
16481 0.011627907
6116 0.011627907
17252 0.011627907
20453 0.011627907
3430 0.011627907
11635 0.023255814
884 0.023255814
14838 0.023255814
10360 0.011627907
11512 0.08139535
19581 0.023255814
3839 0.011627907
