21632 0.0091743115
9862 0.0091743115
17415 0.018348623
17294 0.0091743115
17935 0.018348623
20624 0.0091743115
12433 0.0091743115
10897 0.10091743
13714 0.0091743115
8342 0.018348623
19736 0.018348623
4635 0.0091743115
6939 0.018348623
8864 0.0091743115
3745 0.0091743115
22050 0.0091743115
11298 0.018348623
20648 0.0091743115
13613 0.0091743115
22064 0.0091743115
8368 0.018348623
20405 0.018348623
956 0.0091743115
18239 0.0091743115
10691 0.018348623
10821 0.027522936
14022 0.0091743115
16582 0.018348623
12871 0.0091743115
7752 0.0091743115
18251 0.027522936
716 0.0091743115
18509 0.0091743115
14798 0.0091743115
9807 0.0091743115
2640 0.0091743115
13521 0.0091743115
10451 0.0091743115
7252 0.0091743115
14293 0.0091743115
18263 0.17431192
14173 0.0091743115
9310 0.0091743115
4319 0.018348623
16481 0.018348623
10083 0.018348623
6116 0.0091743115
1125 0.0091743115
5349 0.0091743115
6886 0.0091743115
18410 0.0091743115
6509 0.0091743115
3821 0.0091743115
1006 0.0091743115
20723 0.0091743115
11635 0.036697246
1399 0.0091743115
2040 0.0091743115
11512 0.018348623
2041 0.0091743115
