7680 0.0056497175
8194 0.011299435
10243 0.0056497175
5893 0.028248588
4870 0.0056497175
16390 0.0056497175
10246 0.011299435
20231 0.0056497175
10767 0.0056497175
19736 0.033898305
16409 0.0056497175
4635 0.0056497175
6688 0.0056497175
9250 0.011299435
21541 0.0056497175
38 0.0056497175
4903 0.0056497175
13097 0.0056497175
18731 0.0056497175
8243 0.0056497175
8246 0.011299435
14650 0.011299435
3645 0.016949153
18239 0.011299435
4934 0.0056497175
11590 0.0056497175
6215 0.0056497175
12871 0.011299435
8263 0.02259887
18251 0.033898305
18512 0.0056497175
11607 0.0056497175
18263 0.011299435
15710 0.0056497175
10847 0.0056497175
6239 0.011299435
16481 0.0056497175
21345 0.011299435
20579 0.0056497175
14691 0.011299435
3430 0.0056497175
10605 0.0056497175
11121 0.0056497175
6513 0.0056497175
13426 0.011299435
884 0.02259887
19062 0.0056497175
8314 0.0056497175
19581 0.016949153
21632 0.0056497175
16003 0.0056497175
2436 0.011299435
8837 0.050847456
9862 0.016949153
3976 0.0056497175
7567 0.011299435
6032 0.0056497175
13457 0.0056497175
10897 0.016949153
8341 0.0056497175
11413 0.0056497175
150 0.0056497175
8342 0.011299435
10651 0.0056497175
4510 0.0056497175
20127 0.0056497175
13983 0.0056497175
8864 0.0056497175
14752 0.0056497175
3745 0.0056497175
163 0.0056497175
16806 0.0056497175
21677 0.0056497175
14254 0.0056497175
14515 0.0056497175
18872 0.0056497175
6841 0.0056497175
5308 0.0056497175
192 0.0056497175
5825 0.0056497175
3522 0.0056497175
3268 0.0056497175
16582 0.0056497175
2758 0.0056497175
19917 0.0056497175
13521 0.0056497175
10451 0.033898305
472 0.0056497175
20696 0.016949153
4314 0.0056497175
731 0.0056497175
4319 0.028248588
3300 0.0056497175
8422 0.0056497175
20712 0.0056497175
3306 0.0056497175
1261 0.0056497175
18414 0.0056497175
1006 0.011299435
18677 0.0056497175
7160 0.0056497175
11512 0.03954802
2041 0.0056497175
3323 0.0056497175
12286 0.0056497175
5631 0.0056497175
6143 0.011299435
