5122 0.0034129692
8194 0.010238908
9988 0.0068259384
5893 0.0034129692
10246 0.0034129692
4362 0.017064847
3596 0.0034129692
15629 0.0068259384
14094 0.0034129692
21262 0.0034129692
5646 0.0068259384
5903 0.0034129692
12048 0.0034129692
10512 0.013651877
22294 0.0034129692
6936 0.0034129692
19736 0.0034129692
14365 0.0068259384
11808 0.0034129692
9250 0.0034129692
20516 0.0034129692
6952 0.0034129692
2602 0.0034129692
18731 0.010238908
6444 0.0034129692
4911 0.0034129692
14903 0.0034129692
4152 0.0034129692
20538 0.0034129692
19260 0.0034129692
13631 0.0034129692
319 0.0034129692
11327 0.0068259384
8256 0.0034129692
1858 0.0034129692
10821 0.0068259384
11590 0.0034129692
12871 0.0034129692
8263 0.0034129692
2631 0.0068259384
18251 0.04778157
3148 0.0034129692
21325 0.0034129692
16717 0.010238908
17486 0.0034129692
2384 0.027303753
15698 0.0034129692
3922 0.023890786
18263 0.017064847
19034 0.0034129692
4699 0.0034129692
3419 0.0034129692
1627 0.0034129692
5212 0.0034129692
2140 0.0068259384
16736 0.0034129692
16481 0.0034129692
7265 0.0034129692
20579 0.0034129692
18021 0.0034129692
3430 0.0034129692
5990 0.0034129692
2662 0.0034129692
1142 0.0034129692
17017 0.010238908
12413 0.0034129692
19581 0.034129694
21632 0.0034129692
2176 0.0068259384
3969 0.0034129692
11905 0.0034129692
16003 0.020477816
11141 0.0034129692
9862 0.0034129692
4231 0.0034129692
15496 0.0034129692
12937 0.0034129692
8841 0.061433446
13452 0.0034129692
11151 0.0068259384
18064 0.0068259384
10897 0.010238908
18834 0.0034129692
8083 0.0034129692
5275 0.0034129692
11932 0.013651877
669 0.0034129692
8864 0.0034129692
6560 0.0034129692
3745 0.013651877
3491 0.0034129692
20402 0.0034129692
8371 0.0034129692
14515 0.017064847
12980 0.0068259384
20405 0.0068259384
18872 0.044368602
16058 0.0068259384
11197 0.0068259384
16064 0.0068259384
5825 0.013651877
10691 0.0034129692
3524 0.0068259384
16582 0.0034129692
2506 0.0034129692
970 0.010238908
15308 0.0034129692
13521 0.0034129692
10451 0.020477816
9685 0.0034129692
20696 0.0034129692
7130 0.0034129692
7642 0.0034129692
12508 0.0034129692
14556 0.0034129692
13532 0.010238908
21982 0.0034129692
6623 0.0068259384
4319 0.040955633
5349 0.0034129692
6886 0.010238908
10728 0.0034129692
20712 0.0034129692
3306 0.0034129692
6378 0.0034129692
19179 0.0034129692
21483 0.0068259384
1006 0.010238908
7669 0.0068259384
7160 0.0034129692
11512 0.040955633
2041 0.0034129692
3323 0.0068259384
5631 0.0034129692
