7680 0.003773585
4097 0.00754717
4100 0.003773585
6405 0.003773585
5893 0.02264151
10246 0.011320755
519 0.003773585
17676 0.003773585
2572 0.003773585
1295 0.003773585
5903 0.003773585
22035 0.00754717
20501 0.003773585
22294 0.003773585
278 0.003773585
19736 0.026415095
4635 0.003773585
12830 0.003773585
13345 0.003773585
11298 0.003773585
9250 0.01509434
4903 0.00754717
4649 0.003773585
6444 0.003773585
13613 0.003773585
15662 0.003773585
8751 0.003773585
22064 0.003773585
19250 0.003773585
21044 0.003773585
311 0.003773585
15418 0.03773585
22078 0.003773585
7998 0.003773585
12606 0.003773585
11327 0.003773585
18239 0.02264151
7490 0.003773585
5442 0.003773585
8260 0.003773585
12871 0.003773585
8263 0.003773585
20295 0.003773585
14153 0.003773585
18251 0.03018868
8274 0.018867925
18263 0.003773585
13659 0.003773585
16481 0.003773585
21345 0.00754717
20065 0.011320755
14691 0.003773585
20579 0.00754717
2662 0.003773585
5990 0.003773585
15209 0.003773585
11635 0.02264151
884 0.003773585
19581 0.00754717
126 0.003773585
6782 0.003773585
21632 0.003773585
6785 0.018867925
16002 0.003773585
2690 0.003773585
9862 0.00754717
8070 0.00754717
1671 0.003773585
9099 0.01509434
17294 0.003773585
3982 0.003773585
8592 0.003773585
10897 0.011320755
18834 0.003773585
4758 0.003773585
2201 0.00754717
14490 0.003773585
11932 0.003773585
4253 0.003773585
13983 0.003773585
8864 0.003773585
3745 0.003773585
18340 0.003773585
2731 0.003773585
1195 0.003773585
19886 0.003773585
21679 0.003773585
10417 0.018867925
8628 0.003773585
4789 0.003773585
20405 0.018867925
12470 0.003773585
21432 0.00754717
19641 0.003773585
16570 0.003773585
956 0.003773585
6588 0.011320755
6077 0.003773585
20673 0.003773585
9666 0.003773585
21698 0.003773585
10691 0.00754717
3268 0.00754717
9157 0.003773585
18118 0.003773585
16582 0.011320755
7878 0.02264151
10697 0.003773585
14795 0.003773585
6091 0.01509434
19917 0.003773585
12495 0.003773585
18639 0.02264151
13777 0.003773585
13521 0.003773585
10451 0.041509435
20437 0.003773585
14293 0.003773585
9685 0.011320755
20696 0.003773585
21465 0.003773585
1754 0.003773585
20959 0.003773585
4319 0.00754717
6368 0.003773585
2785 0.003773585
6116 0.003773585
20453 0.003773585
8422 0.003773585
20966 0.003773585
1006 0.011320755
12016 0.003773585
241 0.003773585
20723 0.003773585
11512 0.03018868
20217 0.003773585
764 0.041509435
12286 0.003773585
5631 0.003773585
