0 0.0037313432
8194 0.0074626864
9476 0.0037313432
19461 0.0037313432
5893 0.026119404
19718 0.0037313432
13318 0.0037313432
10246 0.0074626864
16390 0.014925373
8969 0.0037313432
6409 0.0037313432
9226 0.0037313432
1295 0.0037313432
7952 0.0037313432
15120 0.0074626864
19736 0.026119404
17690 0.0037313432
4635 0.0074626864
15900 0.0037313432
21278 0.0037313432
12830 0.0074626864
6688 0.0037313432
9250 0.0037313432
17700 0.0037313432
550 0.0037313432
10025 0.0037313432
298 0.0037313432
558 0.0037313432
5170 0.0037313432
3123 0.0037313432
1334 0.0037313432
1081 0.0037313432
3130 0.0037313432
14650 0.01119403
18239 0.014925373
21312 0.0037313432
10817 0.0037313432
10821 0.0037313432
12871 0.0037313432
8263 0.0037313432
9544 0.0037313432
9801 0.0037313432
4169 0.0037313432
18251 0.029850746
12365 0.0037313432
16717 0.0037313432
14158 0.0037313432
10321 0.0037313432
337 0.0037313432
21589 0.0037313432
18263 0.0074626864
6239 0.0037313432
13919 0.014925373
16736 0.0037313432
16481 0.0074626864
10083 0.0037313432
11363 0.0037313432
9061 0.0037313432
3430 0.0074626864
20841 0.0037313432
19826 0.0037313432
11635 0.0037313432
884 0.0037313432
20854 0.0037313432
19062 0.0037313432
19322 0.0037313432
15484 0.0037313432
8573 0.0037313432
19581 0.0037313432
20349 0.0074626864
21632 0.0037313432
22147 0.01119403
16773 0.0037313432
8837 0.04477612
8070 0.014925373
16520 0.0037313432
20360 0.0037313432
18064 0.0037313432
8592 0.0037313432
6032 0.02238806
10897 0.0074626864
8343 0.0037313432
11932 0.0037313432
13983 0.0037313432
8864 0.0037313432
3745 0.0074626864
18340 0.01119403
8614 0.0037313432
12710 0.014925373
12711 0.0037313432
168 0.0037313432
15528 0.0037313432
5801 0.0037313432
6828 0.0037313432
13485 0.0037313432
8111 0.0037313432
12208 0.0037313432
20405 0.029850746
19126 0.0074626864
2231 0.0037313432
20154 0.026119404
703 0.0037313432
9408 0.014925373
21698 0.0037313432
10691 0.0074626864
3524 0.0037313432
3268 0.0037313432
16582 0.0037313432
10184 0.0037313432
1224 0.0037313432
16841 0.0037313432
4809 0.0074626864
1482 0.0037313432
13775 0.0074626864
13521 0.0037313432
5585 0.0037313432
10451 0.018656716
7637 0.01119403
1495 0.0037313432
9688 0.0037313432
20696 0.01119403
2265 0.0037313432
1241 0.0037313432
21465 0.0037313432
13532 0.0037313432
6876 0.0037313432
20959 0.0037313432
16095 0.0037313432
4319 0.014925373
9441 0.0037313432
5861 0.0037313432
20453 0.0037313432
5349 0.0074626864
8422 0.0037313432
16871 0.0037313432
2791 0.0037313432
9710 0.0074626864
1006 0.01119403
19695 0.0037313432
12016 0.0037313432
496 0.0037313432
5366 0.0074626864
5623 0.0037313432
11512 0.05970149
17658 0.0037313432
19199 0.0074626864
6143 0.01119403
