8193 0.002994012
5893 0.04191617
16390 0.002994012
21766 0.002994012
2310 0.008982036
21002 0.002994012
5900 0.005988024
15629 0.002994012
17935 0.005988024
8210 0.026946107
11286 0.011976048
13334 0.026946107
19736 0.008982036
4635 0.005988024
13857 0.002994012
9250 0.002994012
11298 0.005988024
20516 0.002994012
21541 0.002994012
21287 0.005988024
4649 0.002994012
298 0.005988024
13613 0.002994012
18222 0.005988024
21295 0.005988024
22064 0.002994012
8497 0.002994012
19511 0.002994012
7479 0.002994012
14903 0.002994012
15934 0.002994012
11070 0.002994012
18239 0.0149700595
11327 0.0149700595
1858 0.002994012
19268 0.002994012
12614 0.002994012
4934 0.002994012
18758 0.005988024
12871 0.002994012
8263 0.005988024
4169 0.002994012
15177 0.008982036
18251 0.020958085
3922 0.002994012
18263 0.0149700595
13659 0.002994012
10331 0.008982036
6239 0.002994012
13919 0.005988024
16481 0.002994012
21345 0.002994012
11363 0.002994012
10083 0.008982036
3430 0.002994012
18536 0.002994012
6509 0.002994012
14451 0.002994012
18548 0.002994012
21621 0.005988024
10104 0.002994012
9594 0.002994012
11644 0.005988024
6525 0.002994012
19581 0.0149700595
21632 0.002994012
2690 0.002994012
13186 0.005988024
9862 0.008982036
19594 0.005988024
3982 0.002994012
6286 0.005988024
20624 0.002994012
10896 0.002994012
10897 0.005988024
17553 0.008982036
8343 0.008982036
8090 0.002994012
8603 0.002994012
11932 0.002994012
8864 0.002994012
3745 0.005988024
10914 0.002994012
18340 0.002994012
15528 0.005988024
9387 0.002994012
11692 0.002994012
6573 0.002994012
21166 0.002994012
19886 0.005988024
21679 0.002994012
8111 0.005988024
8368 0.005988024
20402 0.005988024
20405 0.017964073
16309 0.020958085
20150 0.002994012
19127 0.002994012
15034 0.002994012
19646 0.002994012
6336 0.002994012
192 0.002994012
16064 0.008982036
4801 0.002994012
19137 0.002994012
10691 0.002994012
709 0.002994012
10949 0.005988024
16582 0.005988024
13512 0.002994012
716 0.002994012
718 0.002994012
13521 0.002994012
15057 0.008982036
3538 0.005988024
10451 0.035928145
20949 0.002994012
3288 0.005988024
20696 0.059880238
11737 0.002994012
1241 0.005988024
21465 0.005988024
11482 0.002994012
13532 0.008982036
21983 0.002994012
9951 0.005988024
4319 0.0149700595
6368 0.005988024
6116 0.002994012
20196 0.002994012
5349 0.002994012
1509 0.002994012
20453 0.002994012
8422 0.002994012
20712 0.008982036
14829 0.002994012
15342 0.002994012
9710 0.002994012
1006 0.023952097
8175 0.002994012
19183 0.002994012
11504 0.008982036
498 0.002994012
2292 0.002994012
15606 0.002994012
14838 0.032934133
21752 0.002994012
11512 0.032934133
16379 0.002994012
18431 0.005988024
