8194 0.004608295
4100 0.004608295
5892 0.00921659
5380 0.013824885
5893 0.013824885
16390 0.004608295
10246 0.013824885
17415 0.00921659
9227 0.004608295
17166 0.004608295
17935 0.004608295
19736 0.01843318
4635 0.004608295
8475 0.004608295
6688 0.00921659
12321 0.004608295
9250 0.004608295
1829 0.004608295
6444 0.004608295
12085 0.013824885
14650 0.013824885
11327 0.004608295
18239 0.01843318
20544 0.004608295
5696 0.004608295
11073 0.004608295
13379 0.004608295
10821 0.00921659
12871 0.004608295
2119 0.004608295
18251 0.004608295
16717 0.00921659
7252 0.00921659
18263 0.19354838
13659 0.00921659
15452 0.004608295
19805 0.004608295
13919 0.004608295
20065 0.00921659
16481 0.013824885
20579 0.004608295
12899 0.004608295
5990 0.004608295
15209 0.013824885
6255 0.013824885
20080 0.004608295
21872 0.004608295
21632 0.004608295
13186 0.004608295
1411 0.004608295
9862 0.004608295
13190 0.004608295
16520 0.03686636
20624 0.00921659
6032 0.00921659
10897 0.00921659
17553 0.00921659
21911 0.013824885
8855 0.013824885
8343 0.013824885
5789 0.004608295
4510 0.004608295
8864 0.004608295
3745 0.004608295
10409 0.004608295
9387 0.004608295
6317 0.004608295
13485 0.00921659
19886 0.004608295
21679 0.00921659
7090 0.004608295
20405 0.01843318
2231 0.004608295
6849 0.004608295
4290 0.004608295
21698 0.004608295
16582 0.004608295
9926 0.004608295
2758 0.00921659
13260 0.004608295
2509 0.004608295
14288 0.004608295
13521 0.004608295
10451 0.013824885
20696 0.004608295
21465 0.004608295
18144 0.004608295
17378 0.004608295
19683 0.004608295
5860 0.004608295
6116 0.004608295
20453 0.004608295
8422 0.00921659
2537 0.004608295
7914 0.023041476
14060 0.004608295
18414 0.00921659
1006 0.013824885
18676 0.004608295
7160 0.004608295
9208 0.004608295
11512 0.041474655
2041 0.004608295
3323 0.004608295
22270 0.004608295
