19712 0.010238908
7681 0.0034129692
9218 0.0034129692
16386 0.010238908
10499 0.0034129692
4100 0.0034129692
5893 0.010238908
16390 0.0068259384
10246 0.017064847
17415 0.0034129692
16394 0.0034129692
2059 0.0068259384
16396 0.0034129692
5900 0.010238908
15376 0.0034129692
13844 0.0034129692
19736 0.010238908
4635 0.013651877
797 0.0034129692
13857 0.0034129692
22050 0.0034129692
9250 0.010238908
2597 0.0034129692
21541 0.0034129692
8743 0.0034129692
18217 0.0034129692
298 0.0034129692
21291 0.0034129692
13613 0.0068259384
15662 0.0034129692
1072 0.0068259384
10546 0.0034129692
21044 0.013651877
311 0.0068259384
14650 0.0034129692
14394 0.0034129692
8251 0.0034129692
22076 0.0034129692
18239 0.0068259384
7747 0.0034129692
8260 0.0034129692
10821 0.010238908
12871 0.0034129692
6215 0.0034129692
8263 0.0068259384
21323 0.0034129692
18251 0.0068259384
20813 0.0034129692
16717 0.0068259384
7246 0.0034129692
14158 0.0068259384
9810 0.013651877
20309 0.0034129692
19286 0.0034129692
18263 0.0034129692
20571 0.0034129692
6239 0.0034129692
16481 0.0034129692
9057 0.0034129692
20579 0.010238908
3430 0.013651877
15209 0.0034129692
3695 0.0034129692
14960 0.0034129692
8561 0.0034129692
21621 0.0034129692
3190 0.0034129692
19062 0.0068259384
8573 0.0034129692
19581 0.0034129692
21632 0.0034129692
11905 0.0034129692
21124 0.0034129692
11141 0.0034129692
9862 0.0034129692
8070 0.0068259384
21384 0.0034129692
17294 0.0034129692
8592 0.0034129692
10897 0.010238908
1427 0.0068259384
20886 0.0034129692
8342 0.0034129692
150 0.0034129692
8343 0.0034129692
19610 0.0034129692
12698 0.0034129692
8864 0.0034129692
3745 0.0034129692
8098 0.0034129692
7077 0.0068259384
4262 0.0068259384
15528 0.0034129692
21160 0.0068259384
1451 0.0034129692
13485 0.0034129692
19886 0.013651877
10417 0.0034129692
17843 0.0068259384
6325 0.0034129692
20405 0.017064847
6588 0.0034129692
21949 0.010238908
4286 0.0034129692
5825 0.013651877
9666 0.0068259384
10691 0.0068259384
18116 0.0034129692
3268 0.0034129692
7110 0.0034129692
2758 0.0068259384
16582 0.023890786
3272 0.020477816
6857 0.0034129692
716 0.0068259384
2509 0.0068259384
14798 0.0034129692
12495 0.0034129692
3023 0.0034129692
11215 0.0034129692
13521 0.0034129692
16081 0.0034129692
10451 0.04778157
7124 0.0068259384
20437 0.010238908
18134 0.0034129692
21718 0.013651877
20696 0.010238908
21465 0.010238908
7897 0.013651877
4314 0.0034129692
4570 0.051194537
5083 0.010238908
13532 0.0068259384
12765 0.013651877
4319 0.0034129692
5088 0.0034129692
13538 0.0034129692
11236 0.0034129692
6116 0.0034129692
20453 0.0068259384
20712 0.0034129692
1261 0.0068259384
1006 0.010238908
21487 0.0034129692
20723 0.0068259384
1524 0.0034129692
11512 0.044368602
20217 0.0034129692
510 0.0034129692
12286 0.0034129692
