512 0.003984064
7680 0.003984064
10242 0.003984064
5893 0.011952192
8709 0.011952192
10246 0.003984064
13831 0.003984064
16135 0.003984064
17415 0.011952192
3339 0.003984064
21005 0.003984064
13326 0.003984064
10767 0.003984064
18960 0.003984064
19736 0.03984064
4635 0.007968128
12830 0.007968128
6688 0.003984064
9250 0.003984064
20516 0.03187251
21541 0.007968128
550 0.003984064
10026 0.003984064
298 0.003984064
13613 0.003984064
8237 0.003984064
21038 0.003984064
10546 0.003984064
22067 0.003984064
1331 0.003984064
14650 0.011952192
18239 0.003984064
11327 0.003984064
7747 0.003984064
18758 0.007968128
12871 0.003984064
8263 0.003984064
7496 0.003984064
4169 0.003984064
18251 0.003984064
16717 0.003984064
14158 0.003984064
20821 0.003984064
18263 0.011952192
20315 0.003984064
9310 0.003984064
16481 0.003984064
8545 0.003984064
20579 0.003984064
3430 0.003984064
616 0.003984064
13929 0.003984064
6505 0.003984064
5743 0.003984064
13426 0.003984064
5235 0.003984064
11635 0.003984064
884 0.035856575
19830 0.003984064
15484 0.007968128
19581 0.015936255
21632 0.003984064
9862 0.011952192
20360 0.003984064
3210 0.003984064
1422 0.003984064
17294 0.003984064
6286 0.003984064
10897 0.011952192
20883 0.003984064
8343 0.003984064
11932 0.003984064
2204 0.003984064
8864 0.003984064
8097 0.003984064
3745 0.007968128
934 0.003984064
18349 0.003984064
7343 0.003984064
8368 0.023904383
9139 0.003984064
20660 0.003984064
20405 0.007968128
19126 0.003984064
2231 0.003984064
9143 0.003984064
10691 0.011952192
3524 0.003984064
16582 0.007968128
2758 0.007968128
2759 0.003984064
16073 0.003984064
1482 0.011952192
11723 0.003984064
716 0.003984064
12495 0.007968128
12239 0.011952192
13521 0.003984064
13778 0.003984064
10451 0.035856575
3288 0.003984064
20696 0.035856575
5849 0.003984064
7129 0.007968128
12765 0.003984064
8925 0.003984064
4319 0.003984064
18399 0.003984064
9186 0.003984064
20196 0.003984064
20453 0.003984064
8422 0.003984064
2791 0.003984064
16871 0.011952192
3560 0.003984064
11241 0.023904383
6890 0.003984064
19178 0.003984064
1261 0.003984064
1006 0.07968128
8175 0.003984064
20723 0.007968128
2292 0.003984064
13556 0.003984064
18677 0.003984064
15606 0.003984064
5623 0.003984064
11512 0.055776894
15610 0.003984064
5372 0.003984064
6654 0.003984064
4095 0.003984064
