5893 0.01724138
16390 0.012931035
10246 0.021551725
10763 0.004310345
5900 0.004310345
10767 0.00862069
13844 0.02586207
22294 0.00862069
19736 0.012931035
3097 0.004310345
8475 0.004310345
4635 0.01724138
13855 0.004310345
12321 0.004310345
14884 0.00862069
21541 0.004310345
2854 0.004310345
6952 0.012931035
6444 0.004310345
9261 0.004310345
2605 0.00862069
13613 0.012931035
10546 0.004310345
11829 0.004310345
311 0.00862069
14650 0.004310345
8254 0.012931035
18239 0.00862069
17473 0.004310345
1858 0.004310345
7234 0.004310345
10821 0.021551725
18758 0.004310345
4934 0.00862069
12871 0.004310345
8263 0.004310345
4169 0.004310345
15690 0.004310345
18251 0.02586207
16717 0.004310345
21588 0.004310345
11092 0.004310345
16724 0.004310345
11607 0.00862069
13659 0.004310345
16481 0.004310345
5219 0.004310345
6243 0.004310345
20579 0.004310345
2662 0.004310345
3430 0.00862069
13160 0.004310345
10344 0.004310345
874 0.004310345
4714 0.00862069
19581 0.01724138
21632 0.004310345
21633 0.004310345
16003 0.00862069
11141 0.004310345
12165 0.004310345
9862 0.021551725
14215 0.004310345
8583 0.004310345
20104 0.00862069
18064 0.004310345
9361 0.004310345
21905 0.004310345
17553 0.004310345
10897 0.01724138
18834 0.004310345
3730 0.004310345
8852 0.004310345
6806 0.004310345
9368 0.004310345
5019 0.004310345
6557 0.004310345
8864 0.004310345
3745 0.021551725
15011 0.00862069
19886 0.004310345
8111 0.004310345
8371 0.004310345
14515 0.021551725
20405 0.01724138
15034 0.004310345
3522 0.012931035
6339 0.004310345
16582 0.004310345
21704 0.004310345
1739 0.004310345
19917 0.004310345
20942 0.004310345
13521 0.004310345
10451 0.03448276
20696 0.004310345
2776 0.004310345
3288 0.00862069
21465 0.004310345
6875 0.004310345
13534 0.004310345
9951 0.004310345
4319 0.012931035
8163 0.004310345
5859 0.004310345
20453 0.012931035
8422 0.00862069
20712 0.004310345
1006 0.00862069
12016 0.01724138
20723 0.004310345
21235 0.004310345
1780 0.004310345
12020 0.01724138
16886 0.004310345
15608 0.004310345
11512 0.056034483
6137 0.004310345
20218 0.004310345
3323 0.00862069
22270 0.00862069
5631 0.004310345
3839 0.012931035
6143 0.012931035
