10499 0.0028653296
17156 0.0028653296
5892 0.0028653296
5893 0.008595988
10246 0.008595988
12557 0.0057306592
8208 0.0028653296
2837 0.0028653296
22294 0.0028653296
19736 0.017191976
21786 0.0028653296
4635 0.0057306592
14365 0.0057306592
13855 0.0028653296
9250 0.0028653296
6435 0.0028653296
38 0.008595988
7208 0.0028653296
6952 0.0057306592
298 0.0028653296
4652 0.0028653296
10284 0.18911175
13613 0.0028653296
11321 0.0028653296
20538 0.0028653296
14650 0.0057306592
4923 0.0028653296
18239 0.0057306592
11327 0.0057306592
21317 0.0028653296
4934 0.0028653296
18758 0.0057306592
12871 0.0057306592
8263 0.0057306592
4169 0.0057306592
18251 0.031518623
16717 0.0028653296
11598 0.0028653296
6478 0.0028653296
11343 0.0057306592
12890 0.0028653296
13659 0.0028653296
13919 0.0028653296
16481 0.0028653296
7265 0.020057306
20579 0.0057306592
2662 0.0057306592
4714 0.017191976
7793 0.0057306592
884 0.0057306592
21112 0.0028653296
9083 0.0028653296
20349 0.0057306592
19581 0.022922637
21632 0.0028653296
2690 0.0028653296
16002 0.0028653296
16003 0.04011461
11141 0.0028653296
9862 0.022922637
17036 0.0028653296
14732 0.0028653296
17294 0.0028653296
9361 0.0028653296
10897 0.025787966
19603 0.0028653296
8343 0.0114613185
19610 0.0028653296
10651 0.0028653296
11932 0.0057306592
8864 0.0028653296
3745 0.0114613185
10147 0.0028653296
12710 0.0057306592
19886 0.0057306592
2226 0.0028653296
18098 0.0028653296
14514 0.017191976
20405 0.022922637
20150 0.0057306592
18872 0.0057306592
8122 0.0057306592
12220 0.0028653296
15806 0.0028653296
10691 0.0028653296
6339 0.0028653296
16582 0.0028653296
2758 0.0028653296
9160 0.0028653296
19917 0.0028653296
718 0.0057306592
1488 0.0028653296
13521 0.0028653296
10451 0.04011461
6359 0.0028653296
20696 0.0028653296
7642 0.0028653296
731 0.0028653296
989 0.0028653296
14558 0.0028653296
9951 0.0028653296
6623 0.0057306592
4319 0.028653296
20196 0.0057306592
20453 0.0057306592
10728 0.0028653296
7914 0.0028653296
1006 0.008595988
12016 0.008595988
19188 0.0028653296
15093 0.0028653296
17653 0.008595988
5878 0.008595988
15608 0.0028653296
11512 0.051575933
3323 0.0114613185
22270 0.0028653296
3839 0.0028653296
6143 0.0057306592
5631 0.0057306592
