8450 0.0057142857
4100 0.0057142857
9988 0.0057142857
5893 0.0057142857
10246 0.017142856
5900 0.0057142857
10767 0.017142856
5396 0.0057142857
2836 0.011428571
19736 0.011428571
16410 0.0057142857
9250 0.0057142857
11298 0.022857143
1829 0.0057142857
8743 0.0057142857
4141 0.0057142857
13613 0.011428571
15662 0.0057142857
7474 0.0057142857
5170 0.0057142857
21044 0.0057142857
13621 0.011428571
14903 0.0057142857
12090 0.011428571
20538 0.011428571
14650 0.017142856
8251 0.0057142857
18239 0.0057142857
10821 0.017142856
18758 0.0057142857
12871 0.0057142857
6215 0.011428571
18251 0.017142856
9036 0.0057142857
21325 0.0057142857
18263 0.0057142857
4440 0.0057142857
19034 0.0057142857
2140 0.0057142857
15196 0.028571429
16481 0.0057142857
21345 0.0057142857
10083 0.0057142857
20579 0.011428571
14442 0.0057142857
19062 0.0057142857
19581 0.0057142857
6525 0.0057142857
21632 0.0057142857
2690 0.0057142857
9862 0.022857143
17294 0.0057142857
3982 0.0057142857
11151 0.011428571
10897 0.022857143
12180 0.0057142857
8343 0.0057142857
21401 0.0057142857
10649 0.0057142857
14490 0.0057142857
19610 0.0057142857
7323 0.0057142857
8864 0.0057142857
4513 0.0057142857
3745 0.011428571
8097 0.017142856
9123 0.0057142857
9645 0.0057142857
14768 0.0057142857
20402 0.0057142857
14515 0.011428571
20405 0.022857143
4025 0.0057142857
17084 0.0057142857
6588 0.0057142857
10691 0.0057142857
3268 0.0057142857
16582 0.0057142857
11718 0.0057142857
13255 0.0057142857
18888 0.0057142857
1224 0.0057142857
5580 0.0057142857
3790 0.0057142857
19408 0.0057142857
1488 0.0057142857
13521 0.0057142857
210 0.0057142857
10451 0.034285713
7381 0.0057142857
20696 0.0057142857
20442 0.0057142857
5595 0.0057142857
13532 0.0057142857
4319 0.011428571
7135 0.011428571
14560 0.011428571
6116 0.011428571
5861 0.0057142857
1509 0.0057142857
20453 0.011428571
8422 0.0057142857
20712 0.0057142857
18414 0.0057142857
1006 0.028571429
19183 0.0057142857
12016 0.011428571
20723 0.0057142857
18677 0.0057142857
11512 0.045714285
20218 0.0057142857
19199 0.0057142857
6143 0.011428571
