7680 0.003508772
8194 0.003508772
14596 0.003508772
5893 0.007017544
10246 0.024561403
5900 0.007017544
2061 0.010526316
10767 0.010526316
15121 0.003508772
2836 0.003508772
6934 0.003508772
19736 0.003508772
3354 0.010526316
4635 0.010526316
17951 0.003508772
9250 0.003508772
20516 0.028070176
10793 0.003508772
8237 0.014035088
21806 0.003508772
19250 0.003508772
8243 0.003508772
20020 0.003508772
5429 0.003508772
5175 0.003508772
14650 0.028070176
11327 0.003508772
18239 0.021052632
18243 0.003508772
10821 0.003508772
18246 0.003508772
18758 0.003508772
2119 0.003508772
8263 0.021052632
20554 0.003508772
11598 0.003508772
2127 0.003508772
4688 0.007017544
2897 0.003508772
11607 0.003508772
20571 0.003508772
15196 0.003508772
14432 0.003508772
614 0.003508772
3430 0.003508772
13929 0.003508772
8297 0.014035088
7793 0.003508772
2674 0.003508772
11635 0.007017544
21621 0.010526316
19062 0.007017544
5756 0.003508772
12413 0.003508772
19581 0.021052632
13186 0.003508772
2690 0.010526316
6536 0.003508772
3982 0.003508772
10896 0.007017544
10897 0.003508772
150 0.003508772
8855 0.003508772
8343 0.003508772
18841 0.003508772
11932 0.007017544
3745 0.014035088
15011 0.003508772
15528 0.007017544
5801 0.003508772
7082 0.12280702
20405 0.014035088
9143 0.003508772
3515 0.003508772
21438 0.003508772
16064 0.003508772
1217 0.003508772
5825 0.021052632
17859 0.003508772
10691 0.003508772
8388 0.003508772
2758 0.014035088
13255 0.003508772
21194 0.003508772
12746 0.021052632
718 0.003508772
1488 0.003508772
19408 0.003508772
10451 0.08421053
17366 0.007017544
16599 0.007017544
20696 0.003508772
3288 0.024561403
7642 0.003508772
19674 0.003508772
13532 0.003508772
10973 0.003508772
12001 0.003508772
18401 0.007017544
19683 0.003508772
6116 0.007017544
5349 0.003508772
11238 0.003508772
8422 0.007017544
6886 0.010526316
6888 0.003508772
1006 0.014035088
18159 0.003508772
12016 0.003508772
1778 0.003508772
2292 0.003508772
760 0.003508772
11512 0.05263158
2041 0.007017544
6143 0.010526316
