7680 0.011049724
16385 0.005524862
8194 0.005524862
5893 0.005524862
10246 0.011049724
17415 0.005524862
5900 0.011049724
15629 0.016574586
1295 0.005524862
10767 0.016574586
19736 0.044198897
4635 0.011049724
3104 0.005524862
9250 0.011049724
8743 0.011049724
10284 0.03314917
13613 0.011049724
10546 0.005524862
8243 0.005524862
13621 0.005524862
14394 0.005524862
11071 0.011049724
18239 0.038674034
10821 0.005524862
4934 0.005524862
12871 0.005524862
18251 0.016574586
8021 0.005524862
14165 0.011049724
18263 0.005524862
9562 0.011049724
13659 0.005524862
6239 0.011049724
18528 0.005524862
16481 0.005524862
13921 0.005524862
15971 0.005524862
5219 0.005524862
2662 0.005524862
3430 0.016574586
15209 0.005524862
17513 0.005524862
14443 0.005524862
21872 0.016574586
11121 0.005524862
11644 0.005524862
19581 0.022099448
21632 0.005524862
13186 0.005524862
2435 0.005524862
9862 0.011049724
20360 0.005524862
15496 0.005524862
13452 0.005524862
6286 0.005524862
3982 0.005524862
6032 0.005524862
10897 0.022099448
13972 0.005524862
8342 0.005524862
8343 0.005524862
10649 0.005524862
1948 0.005524862
668 0.005524862
8864 0.005524862
3745 0.005524862
19886 0.038674034
8111 0.005524862
14514 0.005524862
20405 0.022099448
16058 0.005524862
10691 0.005524862
16582 0.005524862
11464 0.005524862
14798 0.016574586
1488 0.005524862
13521 0.005524862
10451 0.03314917
20437 0.011049724
20696 0.011049724
7897 0.011049724
21465 0.005524862
4319 0.005524862
6368 0.005524862
992 0.005524862
20453 0.005524862
14314 0.005524862
2284 0.016574586
1006 0.016574586
18159 0.005524862
19695 0.005524862
21487 0.011049724
7666 0.005524862
12020 0.005524862
21748 0.044198897
14070 0.005524862
11512 0.038674034
5372 0.005524862
