16385 0.004347826
10499 0.004347826
4100 0.004347826
5893 0.030434782
2054 0.004347826
10246 0.008695652
16390 0.008695652
20231 0.004347826
10763 0.004347826
14860 0.008695652
19216 0.004347826
10772 0.004347826
8468 0.004347826
17431 0.004347826
19736 0.004347826
4635 0.013043478
5149 0.017391304
31 0.004347826
13855 0.004347826
6688 0.017391304
22050 0.004347826
20516 0.004347826
9765 0.004347826
38 0.004347826
6952 0.004347826
298 0.004347826
14891 0.008695652
6444 0.004347826
13613 0.004347826
11825 0.004347826
4915 0.004347826
21044 0.004347826
3645 0.008695652
18239 0.004347826
11327 0.004347826
12871 0.004347826
6215 0.004347826
8263 0.026086956
4169 0.008695652
18251 0.034782607
12109 0.004347826
2125 0.004347826
12365 0.004347826
6222 0.004347826
10831 0.008695652
9810 0.004347826
21588 0.013043478
20309 0.004347826
18774 0.004347826
11607 0.004347826
18263 0.004347826
13659 0.004347826
2397 0.004347826
9310 0.004347826
15966 0.008695652
1376 0.004347826
16481 0.004347826
7265 0.004347826
21345 0.004347826
20579 0.004347826
10083 0.004347826
2662 0.008695652
6509 0.004347826
14960 0.004347826
11635 0.004347826
19062 0.004347826
19581 0.004347826
21632 0.004347826
8837 0.008695652
9862 0.052173913
20360 0.004347826
3982 0.004347826
7567 0.004347826
6032 0.004347826
9617 0.004347826
10897 0.026086956
8343 0.004347826
11672 0.004347826
10651 0.004347826
11932 0.004347826
1948 0.004347826
8864 0.004347826
3745 0.004347826
12710 0.008695652
13228 0.008695652
12973 0.004347826
19888 0.004347826
16561 0.008695652
9139 0.008695652
20405 0.034782607
15286 0.004347826
6328 0.004347826
18872 0.008695652
956 0.008695652
3262 0.004347826
5825 0.017391304
3522 0.004347826
22210 0.004347826
3268 0.004347826
16582 0.004347826
2758 0.013043478
13255 0.004347826
1224 0.004347826
20942 0.004347826
13521 0.004347826
10451 0.013043478
18388 0.004347826
12765 0.004347826
4319 0.026086956
12771 0.004347826
5859 0.013043478
16869 0.004347826
20453 0.017391304
21225 0.008695652
7914 0.004347826
1517 0.004347826
1006 0.004347826
12016 0.008695652
11504 0.013043478
19443 0.004347826
20723 0.004347826
5623 0.004347826
16376 0.004347826
11512 0.052173913
2041 0.008695652
18173 0.004347826
12541 0.013043478
5631 0.004347826
