6660 0.0035587188
5893 0.024911031
10246 0.010676157
4617 0.0035587188
5900 0.0035587188
17676 0.0035587188
16396 0.0071174377
13581 0.0035587188
4111 0.010676157
10767 0.014234875
21264 0.0035587188
12051 0.0071174377
22294 0.0035587188
12822 0.010676157
19736 0.0071174377
4635 0.0071174377
11296 0.0035587188
6688 0.0071174377
16161 0.010676157
9250 0.010676157
4903 0.0035587188
554 0.0035587188
18991 0.0071174377
15922 0.0035587188
21044 0.0035587188
5428 0.0035587188
21813 0.0071174377
13622 0.0035587188
14650 0.017793594
18239 0.0035587188
8000 0.0035587188
1858 0.0035587188
10821 0.0035587188
12871 0.0035587188
8263 0.0071174377
17224 0.0035587188
18251 0.02846975
19020 0.0035587188
19790 0.0071174377
20047 0.0035587188
18263 0.0035587188
20571 0.0035587188
15196 0.0035587188
13919 0.0071174377
1376 0.0035587188
16481 0.010676157
6243 0.0035587188
10083 0.0035587188
3430 0.0071174377
13929 0.0071174377
15209 0.0071174377
9073 0.0071174377
11635 0.0035587188
21621 0.0035587188
14966 0.0071174377
8570 0.0071174377
19581 0.017793594
21632 0.0035587188
17025 0.0035587188
12165 0.0035587188
9862 0.0035587188
8070 0.0071174377
18826 0.0035587188
18573 0.014234875
3982 0.0035587188
11151 0.0035587188
10897 0.017793594
8851 0.0035587188
20883 0.024911031
15509 0.0035587188
7830 0.0035587188
13210 0.0035587188
11679 0.0035587188
8864 0.0035587188
3745 0.0071174377
1955 0.0035587188
15011 0.0035587188
11431 0.0035587188
20648 0.0035587188
2473 0.0071174377
7082 0.02846975
20652 0.0035587188
12205 0.0035587188
19886 0.0035587188
10417 0.0035587188
20405 0.014234875
16064 0.010676157
3522 0.0035587188
10691 0.010676157
3268 0.0071174377
4293 0.0035587188
16582 0.0035587188
18378 0.02846975
716 0.0071174377
13260 0.010676157
462 0.0035587188
11215 0.0035587188
13521 0.0035587188
15059 0.0035587188
10451 0.035587188
7892 0.0035587188
17366 0.0035587188
20696 0.0035587188
5083 0.06405694
6623 0.0035587188
4319 0.021352313
6116 0.010676157
20453 0.0035587188
2791 0.0035587188
3306 0.0035587188
18410 0.024911031
1006 0.0035587188
12016 0.0071174377
20723 0.0071174377
14838 0.06049822
1527 0.0035587188
7160 0.0071174377
11512 0.035587188
6654 0.0071174377
19199 0.0035587188
