10246 0.0053475937
17415 0.0053475937
20231 0.01604278
10767 0.0053475937
15120 0.0053475937
19736 0.01604278
11298 0.0053475937
38 0.0053475937
8743 0.0053475937
10027 0.0053475937
18731 0.010695187
13613 0.01604278
15662 0.0053475937
7474 0.0053475937
19250 0.0053475937
10546 0.0053475937
15155 0.0053475937
20020 0.0053475937
21813 0.0053475937
14650 0.010695187
3130 0.03208556
7486 0.0053475937
18239 0.0053475937
1858 0.0053475937
5698 0.0053475937
10821 0.03208556
12871 0.010695187
8263 0.010695187
14920 0.0053475937
18251 0.01604278
16717 0.0053475937
21325 0.0053475937
18263 0.010695187
14684 0.0053475937
15196 0.01604278
10589 0.0053475937
7007 0.010695187
16736 0.0053475937
16481 0.0053475937
10083 0.0053475937
20579 0.010695187
3430 0.0053475937
13929 0.0053475937
874 0.021390375
21872 0.0053475937
21621 0.01604278
1150 0.010695187
21632 0.0053475937
7299 0.0053475937
8837 0.0053475937
9862 0.010695187
3212 0.0053475937
13709 0.0053475937
17294 0.0053475937
7567 0.010695187
6032 0.01604278
18064 0.01604278
17553 0.0053475937
10897 0.026737968
16274 0.0053475937
13970 0.0053475937
8085 0.0053475937
7830 0.0053475937
8343 0.01604278
2457 0.0053475937
1948 0.0053475937
8864 0.0053475937
928 0.0053475937
3745 0.0053475937
2994 0.0053475937
8371 0.0053475937
9139 0.010695187
9141 0.0053475937
20405 0.01604278
20150 0.0053475937
16582 0.0053475937
18378 0.010695187
716 0.0053475937
13260 0.037433155
19917 0.0053475937
13521 0.0053475937
10451 0.04278075
16599 0.010695187
20696 0.0053475937
731 0.0053475937
13532 0.0053475937
16605 0.0053475937
4319 0.010695187
2531 0.0053475937
6116 0.0053475937
20453 0.010695187
5349 0.010695187
15078 0.0053475937
20712 0.0053475937
18410 0.0053475937
10474 0.010695187
14060 0.0053475937
237 0.0053475937
18414 0.0053475937
1006 0.010695187
13039 0.0053475937
496 0.0053475937
12016 0.0053475937
241 0.0053475937
8433 0.0053475937
19186 0.0053475937
5623 0.0053475937
11512 0.04812834
2041 0.0053475937
6654 0.0053475937
19199 0.0053475937
