5892 0.0036231885
5893 0.007246377
16390 0.014492754
17415 0.0036231885
9735 0.0036231885
10763 0.0036231885
6413 0.0036231885
22029 0.0036231885
12558 0.0036231885
4111 0.010869565
1040 0.0036231885
2836 0.007246377
13334 0.0036231885
19736 0.02173913
4635 0.010869565
10780 0.014492754
16669 0.0036231885
14365 0.0036231885
6430 0.0036231885
21278 0.0036231885
16161 0.036231883
9250 0.0036231885
11298 0.0036231885
7203 0.0036231885
19495 0.0036231885
2602 0.0036231885
8491 0.0036231885
21038 0.0036231885
18991 0.0036231885
15152 0.0036231885
21813 0.032608695
20280 0.0036231885
4921 0.0036231885
1081 0.0036231885
14650 0.010869565
22077 0.0036231885
8254 0.0036231885
11327 0.0036231885
18239 0.010869565
1858 0.0036231885
7748 0.010869565
8263 0.0036231885
16458 0.007246377
21325 0.007246377
12109 0.02173913
8019 0.0036231885
15959 0.0036231885
3415 0.0036231885
11607 0.010869565
18263 0.02173913
15196 0.0036231885
13919 0.0036231885
6239 0.0036231885
16736 0.0036231885
20579 0.018115941
10083 0.02173913
18021 0.0036231885
3430 0.0036231885
13160 0.0036231885
15209 0.0036231885
8297 0.0036231885
13929 0.0036231885
6509 0.0036231885
6515 0.0036231885
11635 0.014492754
21621 0.0036231885
19062 0.0036231885
4477 0.0036231885
19581 0.018115941
20610 0.0036231885
18054 0.0036231885
9862 0.0036231885
7567 0.007246377
11151 0.007246377
8592 0.0036231885
6032 0.0036231885
10897 0.010869565
20883 0.04710145
7830 0.0036231885
8342 0.007246377
8343 0.0036231885
19865 0.0036231885
21401 0.0036231885
19098 0.0036231885
10651 0.018115941
11677 0.0036231885
3745 0.0036231885
15011 0.0036231885
8355 0.007246377
2731 0.007246377
19886 0.0036231885
19376 0.0036231885
3505 0.007246377
20405 0.018115941
13753 0.0036231885
4025 0.0036231885
9918 0.0036231885
3262 0.0036231885
6336 0.0036231885
10691 0.0036231885
3268 0.007246377
16582 0.0036231885
13255 0.0036231885
1224 0.0036231885
10184 0.0036231885
6862 0.0036231885
10451 0.02173913
16599 0.0036231885
20696 0.0036231885
3288 0.007246377
14300 0.007246377
4573 0.0036231885
16605 0.0036231885
12765 0.018115941
6623 0.007246377
5088 0.0036231885
8163 0.0036231885
5349 0.0036231885
20453 0.007246377
16871 0.010869565
20712 0.0036231885
3306 0.0036231885
20204 0.02173913
16621 0.0036231885
1006 0.007246377
18159 0.0036231885
8175 0.0036231885
12016 0.010869565
20723 0.0036231885
22004 0.0036231885
13044 0.0036231885
5623 0.0036231885
11512 0.036231883
14330 0.0036231885
15610 0.0036231885
6654 0.0036231885
6143 0.032608695
