5893 0.003076923
10246 0.018461538
15629 0.006153846
10767 0.003076923
6420 0.08923077
19736 0.018461538
4635 0.006153846
14365 0.003076923
10017 0.003076923
9250 0.009230769
21541 0.003076923
38 0.006153846
4903 0.003076923
12328 0.006153846
18731 0.006153846
20780 0.003076923
1324 0.006153846
19250 0.003076923
21044 0.006153846
21813 0.003076923
14903 0.003076923
14650 0.003076923
18239 0.003076923
17215 0.003076923
11327 0.009230769
10821 0.009230769
18758 0.003076923
12871 0.003076923
18251 0.04
20813 0.003076923
16717 0.009230769
13390 0.003076923
6222 0.006153846
853 0.003076923
18263 0.02153846
16984 0.003076923
15960 0.033846155
5210 0.006153846
11611 0.003076923
18011 0.003076923
15196 0.018461538
16481 0.003076923
21345 0.003076923
3430 0.003076923
2662 0.003076923
8297 0.003076923
13929 0.003076923
2674 0.033846155
5236 0.003076923
884 0.006153846
9589 0.003076923
21109 0.024615385
12413 0.003076923
19581 0.006153846
15487 0.003076923
21632 0.003076923
11396 0.003076923
8837 0.006153846
11141 0.009230769
9862 0.018461538
11151 0.003076923
6032 0.003076923
10897 0.02153846
8343 0.006153846
10651 0.006153846
11932 0.012307692
8864 0.003076923
8097 0.003076923
3745 0.006153846
8355 0.012307692
7077 0.003076923
13480 0.003076923
2731 0.003076923
19886 0.003076923
14514 0.003076923
8371 0.003076923
20405 0.03076923
21180 0.003076923
6588 0.024615385
5825 0.003076923
3522 0.003076923
10691 0.003076923
16582 0.003076923
7110 0.003076923
1224 0.003076923
7117 0.003076923
18381 0.003076923
13775 0.003076923
3279 0.046153847
13521 0.003076923
1745 0.003076923
10451 0.024615385
3540 0.003076923
10710 0.003076923
16599 0.003076923
20696 0.009230769
15323 0.003076923
14556 0.003076923
13532 0.003076923
6623 0.018461538
4319 0.036923077
1760 0.003076923
12771 0.003076923
5349 0.006153846
2791 0.003076923
20712 0.006153846
7914 0.003076923
3306 0.027692307
20203 0.003076923
15342 0.003076923
12016 0.006153846
20723 0.003076923
15608 0.009230769
11512 0.027692307
6654 0.003076923
6143 0.012307692
