8194 0.0030674846
4100 0.006134969
8709 0.0030674846
19461 0.0030674846
5893 0.015337423
10246 0.015337423
519 0.0030674846
17415 0.0030674846
10767 0.006134969
22294 0.009202454
19736 0.021472393
15900 0.0030674846
17437 0.0030674846
1054 0.0030674846
11296 0.0030674846
9250 0.0030674846
22050 0.0030674846
19236 0.0030674846
21797 0.0030674846
9509 0.0030674846
38 0.0030674846
4903 0.0030674846
13097 0.0030674846
4649 0.006134969
298 0.0030674846
10027 0.006134969
18731 0.03374233
17196 0.0030674846
13613 0.006134969
14381 0.024539877
15922 0.0030674846
10546 0.0030674846
3123 0.0030674846
20020 0.0030674846
21044 0.0030674846
14903 0.0030674846
14650 0.0030674846
11327 0.0030674846
18239 0.009202454
10817 0.0030674846
11073 0.0030674846
17476 0.0030674846
10821 0.04601227
18758 0.0030674846
12871 0.0030674846
8263 0.0030674846
6215 0.0030674846
3144 0.0030674846
15178 0.0030674846
5963 0.0030674846
18251 0.015337423
16717 0.012269938
17487 0.0030674846
6991 0.0030674846
337 0.0030674846
9810 0.006134969
20821 0.0030674846
11350 0.0030674846
9558 0.0030674846
18263 0.006134969
13659 0.0030674846
13919 0.0030674846
16481 0.0030674846
20579 0.0030674846
8803 0.012269938
3430 0.0030674846
16745 0.0030674846
13929 0.009202454
109 0.0030674846
6509 0.006134969
11886 0.0030674846
15472 0.0030674846
21872 0.009202454
884 0.006134969
21621 0.015337423
20854 0.0030674846
19062 0.0030674846
7288 0.0030674846
1913 0.0030674846
19581 0.018404908
127 0.0030674846
21632 0.0030674846
2176 0.0030674846
8070 0.012269938
8840 0.0030674846
6286 0.0030674846
7567 0.009202454
10897 0.006134969
18834 0.0030674846
2706 0.0030674846
20883 0.0030674846
7830 0.0030674846
8343 0.006134969
15003 0.015337423
5532 0.0030674846
11932 0.0030674846
20127 0.006134969
8864 0.0030674846
3745 0.0030674846
9892 0.0030674846
7077 0.0030674846
15528 0.006134969
5801 0.0030674846
10409 0.0030674846
3756 0.0030674846
6317 0.0030674846
19886 0.0030674846
12208 0.0030674846
14768 0.0030674846
8368 0.006134969
7090 0.0030674846
4274 0.0030674846
9139 0.0030674846
8371 0.006134969
9141 0.0030674846
20405 0.012269938
13495 0.0030674846
6336 0.006134969
19137 0.0030674846
18369 0.0030674846
3268 0.0030674846
16582 0.006134969
10184 0.0030674846
20426 0.0030674846
18378 0.006134969
715 0.0030674846
13260 0.055214725
20941 0.006134969
19917 0.006134969
12495 0.006134969
1488 0.0030674846
13521 0.0030674846
10451 0.030674847
20437 0.009202454
11734 0.006134969
16599 0.006134969
3288 0.0030674846
20696 0.021472393
14300 0.0030674846
4063 0.0030674846
4319 0.006134969
2016 0.0030674846
2785 0.0030674846
6116 0.0030674846
5861 0.0030674846
5349 0.0030674846
6886 0.0030674846
2790 0.0030674846
15078 0.0030674846
20712 0.0030674846
3306 0.006134969
20715 0.0030674846
14061 0.006134969
16366 0.0030674846
1006 0.015337423
496 0.0030674846
8433 0.0030674846
21236 0.0030674846
19188 0.0030674846
11512 0.03374233
2041 0.0030674846
1275 0.0030674846
6654 0.006134969
5631 0.0030674846
6143 0.009202454
