8194 0.0045045046
4611 0.0045045046
18693 0.0045045046
10246 0.009009009
16390 0.03153153
6413 0.0045045046
10767 0.0045045046
4111 0.027027028
8208 0.0045045046
8468 0.0045045046
19736 0.022522522
4635 0.0045045046
12321 0.0045045046
11810 0.0045045046
9250 0.009009009
20516 0.013513514
4903 0.0045045046
19497 0.0045045046
13097 0.0045045046
298 0.0045045046
21291 0.0045045046
21038 0.009009009
11825 0.0045045046
8243 0.0045045046
20020 0.009009009
21813 0.027027028
21558 0.0045045046
2102 0.0045045046
7479 0.0045045046
14650 0.013513514
8254 0.0045045046
11327 0.009009009
18239 0.022522522
1858 0.013513514
7493 0.0045045046
21317 0.0045045046
18501 0.0045045046
18758 0.0045045046
6215 0.009009009
8263 0.009009009
10058 0.009009009
16717 0.009009009
11607 0.0045045046
18263 0.022522522
15196 0.009009009
15966 0.009009009
7007 0.009009009
16736 0.018018018
13921 0.0045045046
10083 0.009009009
20579 0.018018018
3430 0.0045045046
13160 0.0045045046
15209 0.0045045046
5235 0.0045045046
11635 0.0045045046
2932 0.0045045046
20085 0.027027028
5756 0.0045045046
7036 0.0045045046
19581 0.018018018
11141 0.0045045046
9862 0.0045045046
3210 0.0045045046
20367 0.0045045046
7567 0.009009009
18064 0.0045045046
8592 0.0045045046
20883 0.058558557
8342 0.0045045046
4758 0.0045045046
8343 0.013513514
10651 0.009009009
11932 0.0045045046
4509 0.022522522
8355 0.0045045046
17318 0.0045045046
13485 0.0045045046
8111 0.0045045046
16561 0.0045045046
9393 0.009009009
20405 0.018018018
7616 0.0045045046
11718 0.0045045046
13255 0.03153153
1224 0.0045045046
16841 0.0045045046
20942 0.0045045046
1488 0.0045045046
10451 0.018018018
4052 0.0045045046
3288 0.018018018
20696 0.027027028
4314 0.0045045046
731 0.0045045046
14300 0.0045045046
16605 0.0045045046
12765 0.0045045046
6115 0.0045045046
10724 0.0045045046
4068 0.0045045046
5349 0.0045045046
20453 0.009009009
16871 0.0045045046
1006 0.0045045046
18159 0.0045045046
16625 0.0045045046
18162 0.0045045046
20723 0.0045045046
22005 0.0045045046
11512 0.022522522
6141 0.0045045046
6654 0.009009009
5631 0.0045045046
