21632 0.005988024
2690 0.005988024
19461 0.005988024
5893 0.04191617
10246 0.005988024
6286 0.011976048
1295 0.005988024
10767 0.005988024
11280 0.005988024
18064 0.005988024
15376 0.005988024
10897 0.011976048
3859 0.005988024
2836 0.011976048
13334 0.005988024
8343 0.005988024
19736 0.029940119
11161 0.005988024
17690 0.005988024
2204 0.005988024
11932 0.005988024
8864 0.005988024
14368 0.005988024
3745 0.005988024
22177 0.005988024
20516 0.005988024
298 0.005988024
7082 0.077844314
2731 0.005988024
10412 0.005988024
14129 0.005988024
14514 0.005988024
7090 0.005988024
19250 0.005988024
20405 0.047904193
19126 0.005988024
2231 0.005988024
14650 0.029940119
21052 0.005988024
12734 0.005988024
18623 0.005988024
1473 0.005988024
16582 0.005988024
7110 0.005988024
2758 0.011976048
18758 0.017964073
12871 0.005988024
13255 0.005988024
8263 0.011976048
2632 0.011976048
16841 0.023952097
18251 0.005988024
8140 0.005988024
16205 0.005988024
19917 0.005988024
19149 0.005988024
6477 0.023952097
1488 0.005988024
13521 0.005988024
10451 0.017964073
7892 0.005988024
20821 0.005988024
15446 0.005988024
20696 0.017964073
8797 0.005988024
6111 0.005988024
14560 0.005988024
16481 0.005988024
21345 0.005988024
13538 0.005988024
20579 0.005988024
5859 0.005988024
2531 0.005988024
19683 0.011976048
6116 0.005988024
5861 0.005988024
20453 0.017964073
486 0.005988024
3430 0.005988024
8422 0.035928145
7914 0.005988024
8811 0.005988024
1261 0.005988024
12016 0.005988024
11121 0.005988024
884 0.005988024
21493 0.005988024
14070 0.005988024
11512 0.047904193
10873 0.011976048
7292 0.005988024
20733 0.005988024
19581 0.035928145
6143 0.011976048
