21632 0.010752688
8709 0.010752688
5893 0.06451613
9862 0.010752688
10246 0.010752688
4617 0.010752688
17679 0.010752688
17935 0.032258064
10897 0.021505376
9362 0.010752688
8343 0.010752688
19736 0.06451613
2969 0.010752688
14489 0.010752688
3097 0.010752688
4635 0.010752688
8864 0.010752688
3745 0.010752688
9250 0.010752688
13610 0.010752688
13613 0.010752688
8111 0.010752688
9393 0.010752688
19250 0.010752688
20405 0.06451613
2231 0.010752688
14650 0.010752688
18239 0.010752688
7490 0.010752688
10691 0.021505376
17476 0.010752688
18501 0.010752688
16582 0.010752688
12871 0.010752688
8263 0.032258064
1224 0.010752688
18251 0.010752688
2509 0.010752688
19917 0.010752688
13521 0.010752688
5077 0.010752688
20437 0.021505376
18263 0.021505376
20696 0.05376344
1628 0.010752688
3807 0.010752688
16481 0.010752688
21345 0.010752688
9313 0.010752688
10083 0.010752688
20196 0.010752688
19044 0.010752688
6116 0.021505376
20453 0.021505376
3430 0.010752688
7914 0.010752688
20075 0.021505376
1261 0.010752688
1006 0.010752688
8175 0.010752688
11512 0.032258064
