4100 0.006024096
16390 0.006024096
10246 0.006024096
278 0.006024096
19736 0.012048192
4635 0.042168673
10780 0.006024096
10012 0.006024096
6688 0.018072288
9250 0.018072288
11049 0.006024096
13610 0.006024096
7722 0.006024096
13613 0.006024096
9262 0.006024096
1072 0.006024096
6199 0.006024096
8254 0.006024096
319 0.006024096
18239 0.012048192
11073 0.012048192
1858 0.012048192
12871 0.006024096
13383 0.006024096
8263 0.012048192
1354 0.006024096
18251 0.018072288
14158 0.006024096
10831 0.024096385
7251 0.006024096
18263 0.018072288
14682 0.006024096
13659 0.006024096
16481 0.006024096
20579 0.006024096
15718 0.006024096
15975 0.006024096
15209 0.006024096
874 0.006024096
109 0.006024096
13426 0.006024096
11635 0.006024096
884 0.006024096
17782 0.006024096
21110 0.006024096
10103 0.006024096
18298 0.012048192
16507 0.006024096
19581 0.006024096
21632 0.006024096
2176 0.006024096
2690 0.006024096
8583 0.006024096
6286 0.006024096
6032 0.006024096
9361 0.006024096
10897 0.018072288
19603 0.006024096
662 0.006024096
8342 0.006024096
10649 0.006024096
11932 0.006024096
8864 0.006024096
3745 0.006024096
7077 0.006024096
15528 0.006024096
5801 0.006024096
2473 0.006024096
6575 0.006024096
10417 0.012048192
8371 0.006024096
20405 0.012048192
6588 0.006024096
1469 0.006024096
6336 0.006024096
16064 0.018072288
5825 0.012048192
16322 0.012048192
16582 0.006024096
7878 0.006024096
3530 0.006024096
972 0.006024096
716 0.024096385
13521 0.006024096
18385 0.006024096
10451 0.036144577
7637 0.006024096
20437 0.012048192
6359 0.012048192
20696 0.018072288
5849 0.012048192
7642 0.006024096
14554 0.006024096
1754 0.012048192
22235 0.006024096
15323 0.006024096
4319 0.006024096
13538 0.006024096
8163 0.006024096
2531 0.006024096
2791 0.006024096
16871 0.006024096
20712 0.006024096
1006 0.018072288
19183 0.006024096
12271 0.006024096
11504 0.006024096
241 0.006024096
1524 0.006024096
6391 0.006024096
11512 0.04819277
16379 0.006024096
