8194 0.014440433
5893 0.025270758
10246 0.02166065
17415 0.0036101083
5900 0.0036101083
19736 0.025270758
4635 0.0036101083
16670 0.0036101083
14368 0.0036101083
6688 0.0072202166
9250 0.0036101083
21287 0.0036101083
10546 0.0036101083
22067 0.0036101083
20020 0.010830325
10296 0.0036101083
14650 0.018050542
828 0.0036101083
18239 0.010830325
21312 0.0072202166
10817 0.0036101083
8260 0.0036101083
7748 0.0433213
18501 0.0036101083
4934 0.0036101083
1354 0.0036101083
16717 0.010830325
11598 0.0036101083
3922 0.0072202166
8021 0.0036101083
17751 0.0036101083
11607 0.0036101083
18263 0.014440433
9310 0.0036101083
6239 0.0036101083
7265 0.018050542
4194 0.0036101083
12899 0.0036101083
10083 0.0036101083
20579 0.010830325
3430 0.0072202166
15209 0.0036101083
13929 0.0036101083
11635 0.0036101083
21620 0.0036101083
15222 0.0036101083
15484 0.018050542
2690 0.0072202166
1411 0.0036101083
5253 0.0036101083
9862 0.0036101083
8843 0.0036101083
6286 0.0036101083
9616 0.0036101083
656 0.0036101083
20624 0.010830325
10897 0.0036101083
17553 0.0036101083
8851 0.0036101083
8343 0.014440433
16024 0.0036101083
14490 0.0036101083
9370 0.02166065
11932 0.0036101083
13983 0.018050542
3745 0.0036101083
5025 0.010830325
13474 0.0036101083
4776 0.0036101083
8111 0.0036101083
9393 0.0036101083
20402 0.0036101083
8371 0.010830325
16308 0.0036101083
20405 0.02166065
12470 0.0072202166
19126 0.0072202166
18361 0.0036101083
6588 0.0036101083
12734 0.0072202166
18623 0.0036101083
6336 0.0036101083
21696 0.0072202166
10691 0.0072202166
2758 0.0072202166
8140 0.0036101083
13260 0.0036101083
718 0.0036101083
11215 0.0036101083
1488 0.0036101083
5585 0.0072202166
10451 0.014440433
20437 0.025270758
11734 0.0036101083
20696 0.04693141
16605 0.0072202166
1249 0.0036101083
2273 0.0036101083
2531 0.0036101083
5859 0.0072202166
20196 0.0036101083
6116 0.010830325
5861 0.0036101083
5349 0.0036101083
20453 0.010830325
8422 0.0072202166
3047 0.0036101083
20712 0.0036101083
11241 0.0036101083
14060 0.057761732
1261 0.0036101083
1006 0.010830325
21487 0.0036101083
11504 0.0036101083
12016 0.010830325
19188 0.0036101083
15608 0.0036101083
11512 0.06859206
20217 0.0072202166
253 0.0072202166
6143 0.0036101083
