21632 0.00862069
7680 0.00862069
3969 0.00862069
2690 0.00862069
8194 0.03448276
9862 0.01724138
10246 0.04310345
2568 0.00862069
7946 0.00862069
9226 0.00862069
15629 0.00862069
2317 0.00862069
11151 0.00862069
15120 0.00862069
10897 0.01724138
8343 0.02586207
19736 0.01724138
22170 0.00862069
4635 0.00862069
14619 0.00862069
8864 0.00862069
3745 0.00862069
9250 0.00862069
14884 0.00862069
16421 0.00862069
8743 0.00862069
11827 0.02586207
14515 0.05172414
5428 0.00862069
21813 0.01724138
20405 0.01724138
19126 0.00862069
14650 0.01724138
22077 0.00862069
18623 0.00862069
18239 0.00862069
4416 0.00862069
5825 0.00862069
9157 0.00862069
16582 0.00862069
12871 0.00862069
18251 0.02586207
19020 0.00862069
12108 0.00862069
20813 0.00862069
16717 0.00862069
7757 0.01724138
11598 0.00862069
13521 0.00862069
10451 0.02586207
1370 0.00862069
13659 0.00862069
15196 0.01724138
6239 0.00862069
9951 0.00862069
4319 0.01724138
16481 0.00862069
21345 0.00862069
3299 0.00862069
3300 0.01724138
5349 0.00862069
5861 0.00862069
20453 0.00862069
3430 0.00862069
14953 0.00862069
15340 0.00862069
8175 0.00862069
19183 0.00862069
12016 0.01724138
18545 0.00862069
13426 0.01724138
884 0.00862069
11512 0.05172414
4477 0.00862069
5885 0.00862069
19581 0.00862069
19070 0.00862069
6143 0.01724138
