9988 0.004672897
5892 0.004672897
8709 0.004672897
5893 0.018691588
10246 0.004672897
16390 0.014018691
14860 0.004672897
10767 0.004672897
1295 0.018691588
21264 0.004672897
8468 0.004672897
21012 0.009345794
22294 0.004672897
19736 0.009345794
15900 0.004672897
5149 0.009345794
8991 0.004672897
9250 0.014018691
2602 0.004672897
21295 0.004672897
13616 0.004672897
19250 0.004672897
20020 0.004672897
14650 0.004672897
11327 0.004672897
18239 0.009345794
10821 0.004672897
12871 0.004672897
2119 0.004672897
18251 0.023364486
16717 0.004672897
10065 0.004672897
7252 0.009345794
20821 0.004672897
10331 0.004672897
13659 0.009345794
6239 0.004672897
13919 0.009345794
351 0.009345794
7007 0.018691588
16481 0.004672897
20065 0.028037382
5990 0.004672897
3430 0.004672897
15209 0.004672897
6509 0.004672897
15469 0.004672897
17262 0.004672897
1904 0.014018691
14451 0.004672897
11635 0.009345794
884 0.004672897
11644 0.004672897
19581 0.023364486
21632 0.004672897
14976 0.004672897
22147 0.004672897
17549 0.004672897
18064 0.004672897
6032 0.004672897
9361 0.014018691
10897 0.018691588
20886 0.004672897
8343 0.009345794
11163 0.004672897
12956 0.004672897
19100 0.004672897
11932 0.004672897
8864 0.004672897
3745 0.004672897
18340 0.004672897
12710 0.009345794
15528 0.004672897
13485 0.004672897
21679 0.13084112
10417 0.009345794
1716 0.004672897
20405 0.028037382
19897 0.004672897
20158 0.004672897
12734 0.009345794
6336 0.004672897
19137 0.004672897
5825 0.009345794
963 0.009345794
14788 0.009345794
16582 0.004672897
1993 0.004672897
6091 0.009345794
19917 0.004672897
18125 0.004672897
20942 0.004672897
13521 0.004672897
10451 0.009345794
14806 0.004672897
3288 0.014018691
1241 0.004672897
21465 0.004672897
1754 0.004672897
4319 0.004672897
20959 0.004672897
13026 0.004672897
5349 0.004672897
5861 0.009345794
16871 0.004672897
20968 0.004672897
1261 0.004672897
1006 0.014018691
1264 0.004672897
12016 0.004672897
20723 0.014018691
11512 0.042056076
12793 0.004672897
3577 0.004672897
6143 0.009345794
