16384 0.007782101
8194 0.0038910506
5893 0.015564202
10246 0.019455252
17415 0.0038910506
6409 0.007782101
14090 0.007782101
5900 0.0038910506
5903 0.0038910506
17935 0.0038910506
1812 0.0038910506
13844 0.0116731515
19736 0.007782101
6425 0.007782101
4635 0.007782101
8735 0.0116731515
12321 0.007782101
12066 0.0038910506
4645 0.0038910506
4903 0.0038910506
6444 0.0038910506
11825 0.0038910506
8243 0.0038910506
21044 0.0038910506
16694 0.0038910506
3384 0.0038910506
14650 0.0038910506
3645 0.015564202
18239 0.019455252
11840 0.0038910506
4416 0.0038910506
17476 0.0038910506
18758 0.0038910506
12871 0.0038910506
2119 0.0038910506
8263 0.0116731515
18251 0.0116731515
21325 0.0038910506
11598 0.007782101
20821 0.0038910506
11607 0.0038910506
16984 0.007782101
3419 0.0038910506
13659 0.0038910506
15196 0.031128405
7007 0.0038910506
6239 0.0038910506
16736 0.031128405
16481 0.0038910506
21345 0.0116731515
15975 0.0038910506
13929 0.023346303
12398 0.007782101
884 0.0038910506
22133 0.0038910506
18806 0.0038910506
8569 0.035019454
14204 0.0038910506
19581 0.015564202
21632 0.0038910506
2435 0.0116731515
11141 0.0038910506
8837 0.019455252
8840 0.0038910506
4747 0.0038910506
7567 0.019455252
10896 0.0038910506
10897 0.0116731515
4758 0.0038910506
7830 0.007782101
8343 0.027237354
2457 0.0038910506
7323 0.0038910506
10651 0.007782101
8864 0.0038910506
3745 0.007782101
12710 0.0038910506
15528 0.0116731515
7082 0.0038910506
1451 0.0038910506
9903 0.0038910506
20405 0.015564202
8890 0.0038910506
18620 0.0038910506
16064 0.0038910506
9408 0.0038910506
5825 0.0038910506
17092 0.0038910506
16582 0.0038910506
2758 0.007782101
12744 0.0038910506
1224 0.007782101
716 0.0038910506
2765 0.0038910506
3790 0.007782101
1488 0.0038910506
13521 0.0038910506
10451 0.019455252
20437 0.0038910506
16599 0.0038910506
5083 0.007782101
14300 0.0038910506
13532 0.0038910506
4319 0.007782101
9184 0.0038910506
6368 0.0038910506
14560 0.0038910506
6115 0.042801555
6116 0.0038910506
20453 0.0038910506
5861 0.0038910506
5349 0.0038910506
6886 0.007782101
16871 0.007782101
14060 0.0038910506
7661 0.007782101
1006 0.015564202
12016 0.0116731515
14838 0.0116731515
16375 0.007782101
11512 0.035019454
16891 0.0116731515
6654 0.0038910506
11263 0.0038910506
6143 0.0116731515
