8194 0.006134969
5892 0.0030674846
5893 0.0030674846
8709 0.0030674846
18693 0.0030674846
10246 0.006134969
5900 0.006134969
10767 0.006134969
6160 0.0030674846
8208 0.0030674846
2836 0.0030674846
19736 0.006134969
16409 0.0030674846
2331 0.0030674846
5149 0.0030674846
9250 0.009202454
38 0.0030674846
10284 0.0030674846
13613 0.006134969
8237 0.021472393
22064 0.012269938
10546 0.0030674846
20020 0.006134969
21813 0.0030674846
4665 0.0030674846
14650 0.0030674846
18239 0.0030674846
11327 0.009202454
1858 0.006134969
17476 0.012269938
21317 0.0030674846
10821 0.012269938
18246 0.006134969
12871 0.0030674846
6215 0.0030674846
8263 0.009202454
4169 0.006134969
15434 0.0030674846
11851 0.0030674846
18251 0.107361965
20813 0.0030674846
16717 0.0030674846
337 0.0030674846
18258 0.0030674846
3922 0.015337423
7252 0.006134969
8021 0.0030674846
20821 0.0030674846
9813 0.006134969
18518 0.0030674846
18263 0.006134969
20571 0.0030674846
6491 0.0030674846
10335 0.0030674846
16481 0.0030674846
20579 0.0030674846
3430 0.006134969
11111 0.0030674846
874 0.0030674846
9578 0.0030674846
4202 0.0030674846
20331 0.0030674846
10605 0.021472393
8817 0.0030674846
11635 0.006134969
884 0.006134969
21621 0.015337423
12918 0.006134969
9850 0.0030674846
20092 0.0030674846
4477 0.0030674846
8573 0.0030674846
19581 0.009202454
21632 0.0030674846
13186 0.0030674846
11396 0.0030674846
5253 0.0030674846
11141 0.006134969
9862 0.0030674846
5000 0.0030674846
17294 0.009202454
20367 0.0030674846
11151 0.012269938
8592 0.0030674846
14992 0.0030674846
20624 0.0030674846
6032 0.006134969
10897 0.006134969
20883 0.009202454
7060 0.0030674846
150 0.006134969
7830 0.006134969
8342 0.006134969
8343 0.018404908
13722 0.0030674846
14490 0.0030674846
11932 0.0030674846
4509 0.0030674846
13983 0.0030674846
8864 0.0030674846
3745 0.024539877
930 0.0030674846
8355 0.0030674846
12710 0.0030674846
20648 0.0030674846
7082 0.0030674846
12205 0.0030674846
8368 0.006134969
20402 0.0030674846
4531 0.0030674846
17075 0.0030674846
20405 0.006134969
190 0.006134969
1217 0.006134969
9157 0.006134969
16582 0.015337423
13255 0.012269938
18378 0.006134969
8140 0.0030674846
13260 0.006134969
13521 0.0030674846
4561 0.0030674846
10451 0.030674847
6612 0.0030674846
20437 0.006134969
11734 0.0030674846
16087 0.0030674846
3288 0.006134969
20696 0.018404908
14300 0.006134969
6111 0.0030674846
2785 0.0030674846
8163 0.0030674846
6116 0.006134969
5349 0.0030674846
5861 0.0030674846
20453 0.009202454
20198 0.0030674846
6888 0.006134969
7914 0.0030674846
18410 0.012269938
20203 0.0030674846
1006 0.006134969
18414 0.012269938
21487 0.0030674846
12016 0.006134969
2292 0.0030674846
21493 0.0030674846
7670 0.0030674846
5623 0.0030674846
16888 0.0030674846
11512 0.030674847
3323 0.006134969
6654 0.009202454
19711 0.0030674846
6143 0.009202454
