7680 0.006289308
8194 0.006289308
5893 0.050314464
10246 0.006289308
20231 0.006289308
5900 0.018867925
15629 0.006289308
17167 0.006289308
10767 0.012578616
10512 0.006289308
15121 0.006289308
2836 0.018867925
19736 0.012578616
21786 0.006289308
11292 0.006289308
6688 0.006289308
12321 0.006289308
6435 0.006289308
38 0.006289308
4903 0.006289308
10793 0.006289308
4652 0.006289308
20269 0.006289308
22064 0.006289308
8497 0.006289308
8243 0.012578616
20020 0.006289308
22076 0.006289308
18239 0.006289308
11327 0.012578616
9538 0.006289308
12871 0.006289308
4169 0.018867925
20554 0.012578616
18251 0.006289308
21841 0.006289308
11857 0.006289308
1364 0.025157232
19029 0.006289308
18263 0.006289308
20571 0.006289308
10331 0.006289308
13659 0.012578616
19548 0.012578616
13919 0.006289308
6239 0.006289308
16481 0.006289308
21345 0.012578616
20579 0.006289308
2662 0.006289308
3430 0.031446543
14442 0.012578616
13426 0.006289308
11635 0.006289308
11636 0.006289308
5236 0.012578616
884 0.012578616
21621 0.006289308
19062 0.006289308
9591 0.006289308
20345 0.006289308
19581 0.025157232
18815 0.006289308
21632 0.006289308
2690 0.006289308
1411 0.006289308
4743 0.006289308
19598 0.006289308
11151 0.006289308
18064 0.006289308
10897 0.03773585
21141 0.006289308
8864 0.006289308
8097 0.006289308
3745 0.012578616
3491 0.006289308
18340 0.006289308
15528 0.006289308
20402 0.006289308
9139 0.006289308
20405 0.012578616
20150 0.006289308
19385 0.006289308
3268 0.012578616
16582 0.006289308
6862 0.012578616
14288 0.006289308
1488 0.006289308
13521 0.006289308
10451 0.018867925
5076 0.006289308
20438 0.006289308
20696 0.006289308
4573 0.006289308
16605 0.006289308
18401 0.006289308
20196 0.006289308
6886 0.012578616
2791 0.012578616
1006 0.006289308
12271 0.006289308
12016 0.006289308
241 0.006289308
20723 0.006289308
499 0.006289308
4856 0.006289308
11512 0.031446543
19199 0.006289308
