7680 0.0033783785
15616 0.0033783785
11269 0.006756757
5893 0.0472973
16390 0.010135135
10246 0.016891891
20231 0.0033783785
12042 0.0033783785
15629 0.0033783785
10767 0.0033783785
17935 0.006756757
19216 0.0033783785
7188 0.0033783785
13844 0.006756757
14103 0.0033783785
19736 0.013513514
4635 0.013513514
13343 0.0033783785
13855 0.0033783785
6688 0.0033783785
20768 0.0033783785
11298 0.0033783785
6952 0.010135135
10284 0.0033783785
8493 0.0033783785
13613 0.006756757
10545 0.0033783785
8243 0.006756757
20020 0.0033783785
20788 0.0033783785
21813 0.0033783785
14650 0.006756757
4923 0.0033783785
10303 0.0033783785
18239 0.0033783785
5696 0.0033783785
10821 0.006756757
12871 0.0033783785
8263 0.0033783785
1611 0.0033783785
9039 0.0033783785
15959 0.0033783785
15193 0.0033783785
10331 0.0033783785
6239 0.0033783785
16736 0.006756757
20065 0.0033783785
7265 0.013513514
20579 0.0033783785
2662 0.0033783785
3430 0.010135135
15208 0.010135135
3950 0.0033783785
14960 0.0033783785
10097 0.0033783785
13426 0.0033783785
5235 0.0033783785
11635 0.027027028
884 0.0033783785
10101 0.0033783785
19062 0.0033783785
8573 0.030405406
19581 0.033783782
3456 0.0033783785
6785 0.0033783785
11141 0.0033783785
9862 0.006756757
13958 0.010135135
17292 0.0033783785
8592 0.006756757
6032 0.010135135
6545 0.0033783785
9361 0.02027027
9363 0.0033783785
8851 0.0033783785
19603 0.006756757
150 0.0033783785
8342 0.0033783785
8343 0.0033783785
4759 0.0033783785
10651 0.04391892
11932 0.016891891
3745 0.0033783785
6308 0.0033783785
12710 0.0033783785
11432 0.0033783785
15528 0.006756757
19886 0.006756757
12208 0.0033783785
17840 0.0033783785
9393 0.0033783785
14514 0.0033783785
20405 0.027027028
6336 0.0033783785
8384 0.0033783785
10691 0.0033783785
3268 0.0033783785
14788 0.033783782
9157 0.013513514
17863 0.0033783785
13255 0.0033783785
21703 0.006756757
16841 0.0033783785
6091 0.0033783785
19917 0.0033783785
1488 0.010135135
10451 0.027027028
7124 0.0033783785
20437 0.006756757
20696 0.027027028
21465 0.0033783785
4314 0.006756757
13532 0.006756757
20446 0.0033783785
14305 0.006756757
6116 0.0033783785
5349 0.010135135
12518 0.0033783785
12268 0.0033783785
18413 0.0033783785
20719 0.0033783785
12016 0.010135135
5105 0.006756757
21746 0.0033783785
20723 0.0033783785
2292 0.0033783785
16886 0.0033783785
4342 0.006756757
1527 0.0033783785
15608 0.0033783785
14584 0.0033783785
11512 0.067567565
3323 0.0033783785
19199 0.0033783785
5631 0.0033783785
