8194 0.0054644807
5893 0.027322404
16390 0.0054644807
10246 0.0054644807
17415 0.0054644807
20231 0.010928961
9227 0.038251366
16396 0.0054644807
15629 0.0054644807
19216 0.0054644807
19736 0.016393442
4635 0.016393442
15900 0.0054644807
6688 0.0054644807
12325 0.0054644807
38 0.0054644807
298 0.021857923
13613 0.016393442
2606 0.0054644807
11825 0.0054644807
10546 0.021857923
20020 0.010928961
21813 0.0054644807
15415 0.010928961
14650 0.016393442
18239 0.010928961
10821 0.07650273
12871 0.0054644807
6215 0.0054644807
8263 0.0054644807
18251 0.021857923
16717 0.0054644807
7251 0.0054644807
4440 0.0054644807
20315 0.0054644807
13659 0.0054644807
347 0.021857923
7007 0.0054644807
16481 0.0054644807
21345 0.0054644807
10083 0.0054644807
2662 0.0054644807
3430 0.016393442
3433 0.0054644807
16495 0.0054644807
13426 0.0054644807
11635 0.0054644807
884 0.0054644807
17270 0.0054644807
16503 0.0054644807
9591 0.0054644807
14456 0.0054644807
12664 0.0054644807
15484 0.021857923
19581 0.027322404
21632 0.0054644807
2690 0.010928961
11396 0.0054644807
9862 0.016393442
19851 0.0054644807
655 0.0054644807
18064 0.0054644807
10897 0.021857923
8855 0.0054644807
21401 0.0054644807
21403 0.0054644807
11932 0.016393442
13983 0.0054644807
8864 0.0054644807
3745 0.010928961
12710 0.016393442
17588 0.010928961
9397 0.010928961
20405 0.016393442
19126 0.010928961
14011 0.0054644807
14012 0.0054644807
3268 0.010928961
7877 0.0054644807
16582 0.0054644807
8140 0.0054644807
19917 0.010928961
12495 0.0054644807
13521 0.0054644807
13778 0.0054644807
10451 0.021857923
21465 0.0054644807
11482 0.0054644807
22235 0.0054644807
16605 0.0054644807
4319 0.0054644807
2531 0.0054644807
5349 0.0054644807
8422 0.010928961
14314 0.0054644807
19695 0.010928961
14070 0.0054644807
15606 0.0054644807
11512 0.016393442
20988 0.0054644807
17406 0.0054644807
2046 0.0054644807
