4100 0.0047393367
5892 0.018957347
8709 0.0047393367
5893 0.018957347
16390 0.033175357
9226 0.0047393367
20750 0.0047393367
1295 0.0047393367
8468 0.0047393367
12823 0.0047393367
10780 0.0047393367
12830 0.0047393367
13855 0.0047393367
15903 0.0047393367
6688 0.0047393367
9250 0.0047393367
17955 0.0047393367
298 0.0047393367
2602 0.009478673
6699 0.0047393367
13613 0.009478673
21038 0.009478673
18991 0.047393367
19249 0.0047393367
10546 0.014218009
21813 0.018957347
14394 0.0047393367
14650 0.014218009
9028 0.0047393367
18758 0.0047393367
6215 0.0047393367
12871 0.009478673
18251 0.0047393367
9810 0.0047393367
7251 0.0047393367
7252 0.0047393367
9813 0.0047393367
15446 0.009478673
18263 0.014218009
11607 0.018957347
19034 0.014218009
9310 0.0047393367
6239 0.0047393367
16481 0.0047393367
20579 0.014218009
3430 0.0047393367
9836 0.0047393367
109 0.0047393367
21872 0.0047393367
884 0.0047393367
21621 0.009478673
8573 0.0047393367
19581 0.009478673
21632 0.0047393367
11906 0.0047393367
9862 0.0047393367
20876 0.0047393367
20367 0.0047393367
7567 0.0047393367
10896 0.0047393367
10897 0.014218009
20883 0.13270143
7830 0.009478673
5783 0.0047393367
10651 0.028436018
13983 0.0047393367
8864 0.0047393367
3745 0.0047393367
20902 0.0047393367
8616 0.0047393367
5801 0.0047393367
8111 0.0047393367
20402 0.0047393367
7090 0.0047393367
9141 0.0047393367
20405 0.009478673
6588 0.0047393367
16582 0.0047393367
1224 0.0047393367
18378 0.023696683
4556 0.0047393367
14028 0.0047393367
19917 0.0047393367
11215 0.0047393367
13521 0.0047393367
10451 0.023696683
20437 0.0047393367
9685 0.0047393367
10454 0.0047393367
17366 0.0047393367
20696 0.0047393367
1754 0.0047393367
12771 0.023696683
6116 0.018957347
5349 0.0047393367
20453 0.009478673
4074 0.0047393367
1006 0.0047393367
12016 0.0047393367
241 0.0047393367
9973 0.0047393367
7415 0.0047393367
7160 0.0047393367
11512 0.04265403
2041 0.0047393367
7421 0.0047393367
6654 0.0047393367
