8709 0.007380074
5893 0.011070111
19461 0.018450184
19718 0.003690037
10246 0.014760148
17415 0.003690037
17935 0.022140222
3088 0.003690037
19216 0.003690037
2837 0.003690037
10519 0.003690037
19736 0.018450184
8475 0.003690037
5149 0.003690037
12830 0.003690037
16926 0.007380074
1311 0.003690037
9250 0.003690037
4903 0.014760148
18217 0.003690037
13097 0.04797048
13613 0.003690037
10546 0.003690037
6194 0.003690037
6964 0.003690037
15415 0.007380074
15417 0.003690037
14650 0.018450184
19771 0.003690037
18239 0.011070111
11327 0.011070111
10817 0.003690037
18758 0.003690037
12871 0.003690037
8263 0.025830258
1354 0.003690037
18251 0.040590405
16717 0.003690037
7502 0.003690037
7246 0.003690037
7251 0.003690037
10579 0.003690037
12884 0.007380074
21589 0.003690037
20309 0.003690037
18263 0.007380074
347 0.007380074
22111 0.011070111
16736 0.018450184
16481 0.007380074
6243 0.003690037
20579 0.003690037
13929 0.007380074
10350 0.011070111
15728 0.003690037
8561 0.003690037
884 0.003690037
5237 0.003690037
14966 0.003690037
5752 0.003690037
8569 0.014760148
15484 0.003690037
19581 0.003690037
14461 0.003690037
8573 0.007380074
21632 0.003690037
8322 0.003690037
12931 0.003690037
11396 0.003690037
11151 0.007380074
18064 0.007380074
17553 0.007380074
10897 0.040590405
7830 0.003690037
8855 0.007380074
8343 0.014760148
13210 0.003690037
10651 0.007380074
8864 0.003690037
3745 0.003690037
8099 0.003690037
12710 0.011070111
16297 0.003690037
942 0.003690037
19375 0.003690037
12975 0.007380074
433 0.003690037
7090 0.003690037
14514 0.003690037
9139 0.003690037
20405 0.014760148
11447 0.003690037
4286 0.003690037
12734 0.003690037
5825 0.003690037
19137 0.003690037
21698 0.003690037
16579 0.003690037
10691 0.003690037
3268 0.003690037
18116 0.003690037
16582 0.003690037
13255 0.003690037
18378 0.003690037
13260 0.003690037
20942 0.003690037
1488 0.007380074
13521 0.003690037
10451 0.007380074
20437 0.003690037
7130 0.003690037
4319 0.040590405
16609 0.003690037
8163 0.003690037
20196 0.003690037
5349 0.003690037
20453 0.003690037
2023 0.022140222
6888 0.003690037
11241 0.003690037
14060 0.003690037
1006 0.011070111
19695 0.003690037
21487 0.007380074
8433 0.007380074
499 0.003690037
20723 0.003690037
2292 0.003690037
16375 0.003690037
11512 0.036900368
14330 0.003690037
13819 0.003690037
3581 0.003690037
6654 0.003690037
19199 0.011070111
6143 0.011070111
