8193 0.0056818184
10246 0.022727273
16396 0.011363637
15629 0.0056818184
15117 0.011363637
10767 0.0056818184
8463 0.11931818
13844 0.0056818184
4635 0.011363637
12830 0.0056818184
13855 0.0056818184
12064 0.051136363
12321 0.0056818184
9250 0.0056818184
21541 0.0056818184
21287 0.028409092
298 0.0056818184
6962 0.0056818184
19250 0.0056818184
20538 0.0056818184
14650 0.0056818184
11327 0.0056818184
12095 0.0056818184
18239 0.0056818184
1858 0.0056818184
21317 0.0056818184
2630 0.0056818184
12871 0.0056818184
2119 0.0056818184
8263 0.011363637
18251 0.0056818184
16717 0.011363637
17486 0.0056818184
14158 0.0056818184
6223 0.0056818184
1364 0.0056818184
18263 0.011363637
15960 0.0056818184
20571 0.0056818184
7007 0.0056818184
16736 0.022727273
16481 0.0056818184
21345 0.0056818184
10083 0.0056818184
3430 0.0056818184
2662 0.0056818184
11635 0.017045455
884 0.017045455
19581 0.0056818184
21632 0.0056818184
11151 0.0056818184
7567 0.0056818184
8592 0.011363637
6033 0.0056818184
10897 0.022727273
20886 0.0056818184
17558 0.0056818184
8343 0.011363637
17816 0.0056818184
21401 0.0056818184
14490 0.0056818184
3745 0.0056818184
19620 0.0056818184
13733 0.0056818184
2731 0.0056818184
14514 0.011363637
4531 0.0056818184
8628 0.0056818184
20405 0.011363637
12734 0.0056818184
18116 0.0056818184
3524 0.011363637
16582 0.0056818184
12745 0.0056818184
13260 0.0056818184
5580 0.011363637
13521 0.0056818184
3538 0.0056818184
10451 0.028409092
5336 0.0056818184
20696 0.0056818184
5849 0.0056818184
21465 0.0056818184
7897 0.0056818184
4570 0.0056818184
731 0.0056818184
4061 0.0056818184
4319 0.0056818184
9183 0.0056818184
10463 0.0056818184
12001 0.0056818184
6886 0.0056818184
12522 0.0056818184
18922 0.0056818184
1006 0.017045455
21487 0.0056818184
241 0.0056818184
20723 0.0056818184
11507 0.0056818184
2552 0.0056818184
11512 0.03409091
2041 0.0056818184
7421 0.0056818184
5631 0.0056818184
10495 0.022727273
