8194 0.005524862
5893 0.016574586
10246 0.005524862
16390 0.011049724
17415 0.005524862
10248 0.005524862
14860 0.005524862
20750 0.005524862
20240 0.005524862
5396 0.03314917
19736 0.016574586
7707 0.005524862
4635 0.011049724
13090 0.005524862
22050 0.011049724
9250 0.016574586
38 0.005524862
4649 0.005524862
13097 0.005524862
6444 0.005524862
17196 0.005524862
17965 0.005524862
22067 0.005524862
20020 0.005524862
311 0.005524862
14650 0.011049724
8508 0.005524862
18239 0.005524862
11327 0.005524862
21312 0.005524862
10817 0.005524862
1858 0.005524862
10821 0.011049724
4934 0.011049724
6215 0.005524862
8263 0.016574586
11598 0.005524862
10065 0.005524862
13141 0.005524862
18263 0.038674034
10072 0.005524862
22105 0.005524862
3419 0.005524862
5212 0.005524862
16481 0.005524862
7265 0.005524862
9313 0.011049724
13411 0.005524862
20579 0.005524862
17252 0.005524862
13160 0.005524862
9577 0.005524862
9836 0.005524862
6509 0.005524862
21872 0.005524862
884 0.005524862
19062 0.005524862
2424 0.005524862
19581 0.022099448
13186 0.005524862
18566 0.005524862
9862 0.049723756
3982 0.011049724
21136 0.005524862
18064 0.005524862
6033 0.005524862
17553 0.005524862
10897 0.005524862
10388 0.005524862
8342 0.011049724
14999 0.005524862
16024 0.005524862
11932 0.005524862
15522 0.005524862
15528 0.005524862
17069 0.011049724
12464 0.011049724
9393 0.005524862
14514 0.005524862
20405 0.016574586
12734 0.005524862
16064 0.005524862
1482 0.005524862
19408 0.005524862
5585 0.005524862
10706 0.005524862
10451 0.049723756
7124 0.005524862
11220 0.005524862
3288 0.005524862
20696 0.022099448
7897 0.005524862
11482 0.011049724
6623 0.005524862
11490 0.005524862
6116 0.005524862
20453 0.022099448
15078 0.011049724
8422 0.011049724
7914 0.005524862
9710 0.005524862
1006 0.005524862
8175 0.011049724
18932 0.005524862
11512 0.055248618
14585 0.005524862
2041 0.011049724
3323 0.005524862
16892 0.005524862
5631 0.005524862
