512 0.0034129692
21504 0.0034129692
8194 0.0034129692
22275 0.0034129692
20228 0.0034129692
4612 0.0034129692
8709 0.0034129692
5893 0.013651877
10246 0.0068259384
4617 0.0034129692
21515 0.0034129692
8972 0.0034129692
15629 0.0068259384
20496 0.0034129692
22035 0.0034129692
1046 0.0034129692
11031 0.0034129692
19736 0.0034129692
12830 0.0034129692
6688 0.0034129692
9250 0.010238908
6435 0.0034129692
7460 0.0034129692
21541 0.0034129692
18470 0.0068259384
4903 0.0034129692
13097 0.0034129692
4652 0.010238908
13613 0.0034129692
14381 0.0034129692
6450 0.0034129692
10546 0.010238908
13621 0.010238908
14394 0.0034129692
1596 0.010238908
6206 0.010238908
11327 0.010238908
18239 0.013651877
13380 0.0034129692
10821 0.010238908
2630 0.0034129692
12614 0.0034129692
12871 0.0034129692
20295 0.0034129692
8011 0.0034129692
18251 0.06825939
21325 0.0034129692
16717 0.010238908
14927 0.0034129692
10065 0.0034129692
20309 0.0034129692
11350 0.0068259384
18263 0.013651877
13659 0.0034129692
20315 0.0034129692
9310 0.0034129692
1376 0.0034129692
16481 0.010238908
20579 0.0034129692
10083 0.010238908
9061 0.0068259384
2662 0.0034129692
3430 0.013651877
13160 0.0034129692
21104 0.0034129692
7793 0.0034129692
11635 0.0068259384
884 0.0068259384
21621 0.0068259384
15222 0.0034129692
19322 0.0034129692
11644 0.0034129692
8573 0.0034129692
19581 0.010238908
21632 0.0034129692
2176 0.0034129692
2690 0.0034129692
16007 0.0034129692
18823 0.0034129692
9868 0.0034129692
21134 0.0034129692
17294 0.010238908
11151 0.0034129692
14992 0.0034129692
8592 0.0068259384
20624 0.023890786
17553 0.0034129692
10897 0.010238908
20883 0.0034129692
8085 0.0068259384
20886 0.0034129692
8342 0.0034129692
8087 0.0034129692
8343 0.010238908
13983 0.0034129692
3745 0.010238908
8097 0.027303753
18594 0.0034129692
162 0.0034129692
1954 0.0034129692
7082 0.0034129692
8107 0.0034129692
12208 0.0068259384
13745 0.0034129692
9393 0.0034129692
20402 0.0034129692
7090 0.0034129692
9139 0.0034129692
10677 0.0034129692
20405 0.017064847
19126 0.0068259384
8890 0.0034129692
12734 0.0034129692
9918 0.0034129692
6850 0.0068259384
12483 0.0034129692
10691 0.0034129692
8902 0.0068259384
16582 0.037542664
1737 0.0034129692
21194 0.0034129692
16587 0.0034129692
2252 0.0034129692
19917 0.0034129692
20176 0.0034129692
13521 0.0034129692
10451 0.017064847
20437 0.0034129692
20696 0.023890786
1754 0.0034129692
12765 0.010238908
18910 0.0034129692
7135 0.0034129692
17375 0.0034129692
12771 0.0034129692
20453 0.0034129692
5606 0.0034129692
6886 0.010238908
999 0.0034129692
16871 0.010238908
20712 0.0068259384
17388 0.010238908
15342 0.0034129692
1006 0.023890786
8175 0.0034129692
11504 0.0034129692
19953 0.0034129692
20723 0.0034129692
14070 0.0034129692
5623 0.010238908
11512 0.034129694
20988 0.0034129692
5631 0.0034129692
