7680 0.005235602
3843 0.005235602
6660 0.005235602
5893 0.005235602
10246 0.005235602
10763 0.005235602
8208 0.005235602
19736 0.020942409
15900 0.005235602
12830 0.005235602
9250 0.005235602
12580 0.005235602
38 0.005235602
13100 0.005235602
8237 0.005235602
13613 0.005235602
19249 0.005235602
11825 0.005235602
14129 0.005235602
20020 0.010471204
13621 0.010471204
14650 0.005235602
14907 0.005235602
18239 0.005235602
11327 0.005235602
2630 0.005235602
12871 0.005235602
8263 0.005235602
1354 0.005235602
18251 0.005235602
20813 0.005235602
2897 0.005235602
3922 0.005235602
18259 0.005235602
7251 0.010471204
3924 0.005235602
7252 0.005235602
20821 0.005235602
18263 0.03141361
17241 0.005235602
20315 0.005235602
16481 0.005235602
4451 0.010471204
20579 0.010471204
4710 0.005235602
3430 0.005235602
13928 0.005235602
361 0.005235602
11635 0.005235602
21621 0.005235602
19062 0.005235602
21110 0.005235602
15484 0.005235602
19581 0.010471204
21632 0.005235602
8321 0.005235602
2690 0.005235602
5253 0.005235602
9862 0.03141361
20360 0.005235602
3210 0.010471204
6286 0.005235602
10896 0.005235602
6032 0.005235602
8592 0.010471204
20624 0.06806283
10897 0.010471204
20883 0.010471204
20117 0.010471204
7830 0.005235602
8343 0.010471204
14490 0.005235602
18077 0.015706806
3745 0.005235602
1697 0.005235602
14757 0.010471204
17318 0.005235602
5801 0.010471204
5291 0.005235602
1711 0.005235602
21679 0.005235602
12208 0.005235602
10417 0.005235602
7090 0.010471204
9139 0.005235602
14772 0.005235602
20405 0.020942409
2231 0.005235602
4801 0.005235602
3778 0.005235602
4290 0.015706806
16582 0.005235602
2758 0.020942409
3530 0.010471204
13260 0.010471204
2509 0.005235602
8143 0.005235602
13521 0.005235602
10451 0.05235602
15831 0.005235602
20696 0.036649216
731 0.005235602
13788 0.005235602
6111 0.005235602
4319 0.005235602
2531 0.005235602
20453 0.005235602
5349 0.010471204
7914 0.005235602
14314 0.005235602
21483 0.005235602
12016 0.005235602
20723 0.005235602
11512 0.03141361
20217 0.005235602
15357 0.005235602
5631 0.010471204
