9988 0.004
16390 0.004
17415 0.004
10763 0.012
17676 0.004
10767 0.008
19216 0.004
8468 0.004
22294 0.004
4635 0.008
15900 0.004
15902 0.004
9250 0.016
11298 0.02
8743 0.016
13097 0.004
18731 0.008
1324 0.004
17196 0.004
22064 0.004
20020 0.004
14903 0.004
14650 0.004
15934 0.004
319 0.004
11327 0.012
11073 0.008
10821 0.02
2630 0.004
9542 0.004
18758 0.008
2119 0.004
12871 0.008
8263 0.008
18251 0.004
20556 0.004
16717 0.004
7251 0.004
16724 0.004
7252 0.008
11350 0.004
18263 0.004
15959 0.004
1113 0.004
2393 0.012
13659 0.008
15196 0.004
13149 0.004
8797 0.008
9310 0.004
6239 0.004
13919 0.004
18015 0.016
16736 0.004
21345 0.004
16481 0.016
20579 0.004
3430 0.004
13929 0.004
14960 0.004
21872 0.004
11121 0.004
11635 0.092
884 0.004
21621 0.004
19062 0.012
22136 0.004
15484 0.004
3199 0.004
21632 0.004
7299 0.004
17029 0.008
8070 0.008
19849 0.004
3467 0.004
13709 0.008
17294 0.004
3982 0.004
18064 0.004
6032 0.008
10897 0.02
7830 0.004
4758 0.008
8342 0.012
8343 0.008
15257 0.004
13210 0.004
158 0.004
3745 0.004
11431 0.008
18858 0.004
19886 0.004
6062 0.004
8111 0.004
12208 0.008
10163 0.004
8371 0.012
10677 0.004
20405 0.012
3768 0.004
17850 0.004
4286 0.004
960 0.004
10691 0.004
16582 0.004
12489 0.004
18378 0.004
13260 0.044
19917 0.004
3793 0.004
13521 0.004
10451 0.04
20437 0.008
214 0.008
3288 0.004
14300 0.004
13532 0.008
12765 0.004
18656 0.004
6116 0.004
5349 0.004
6886 0.004
2022 0.004
4074 0.004
17130 0.004
1006 0.02
11504 0.016
20723 0.004
12020 0.004
11512 0.044
17659 0.004
17148 0.004
5631 0.004
