10242 0.004901961
5892 0.004901961
5380 0.004901961
4100 0.009803922
5893 0.009803922
5126 0.004901961
10246 0.004901961
16390 0.009803922
9227 0.12254902
15629 0.004901961
15117 0.009803922
19736 0.014705882
4635 0.004901961
15902 0.004901961
9250 0.004901961
10025 0.009803922
298 0.004901961
7479 0.004901961
14650 0.009803922
10813 0.004901961
18239 0.009803922
2630 0.004901961
18758 0.004901961
4934 0.004901961
12871 0.004901961
6215 0.004901961
8263 0.009803922
18251 0.004901961
14158 0.004901961
8530 0.009803922
7252 0.004901961
20823 0.004901961
18263 0.014705882
19034 0.019607844
13659 0.009803922
6239 0.004901961
16481 0.004901961
21345 0.004901961
11363 0.004901961
1125 0.004901961
17262 0.004901961
14705 0.004901961
11635 0.034313727
884 0.014705882
15484 0.078431375
8573 0.004901961
19581 0.009803922
21632 0.004901961
19077 0.004901961
20360 0.004901961
17549 0.004901961
17294 0.004901961
6286 0.004901961
10896 0.009803922
10897 0.024509804
10645 0.004901961
7830 0.004901961
8343 0.004901961
11672 0.004901961
13210 0.004901961
21403 0.05392157
2204 0.014705882
3745 0.004901961
18340 0.004901961
1706 0.004901961
19886 0.004901961
12464 0.004901961
14514 0.004901961
20405 0.009803922
12470 0.009803922
6588 0.004901961
19904 0.004901961
19137 0.004901961
10691 0.004901961
3524 0.004901961
16582 0.004901961
5834 0.009803922
8140 0.004901961
14798 0.004901961
12495 0.004901961
13521 0.004901961
5585 0.004901961
10451 0.014705882
20696 0.009803922
5849 0.009803922
21465 0.009803922
731 0.004901961
16605 0.004901961
5859 0.004901961
6116 0.019607844
20453 0.014705882
14314 0.004901961
7914 0.009803922
14060 0.019607844
6646 0.004901961
11512 0.019607844
2041 0.004901961
22009 0.004901961
10492 0.004901961
253 0.004901961
5631 0.004901961
4095 0.004901961
