5892 0.026431719
5893 0.02202643
10246 0.004405286
16390 0.013215859
9735 0.004405286
17415 0.013215859
15120 0.004405286
19736 0.004405286
17437 0.004405286
15902 0.004405286
16161 0.03524229
13090 0.004405286
9250 0.004405286
6435 0.004405286
21541 0.004405286
38 0.004405286
4903 0.004405286
298 0.004405286
18731 0.004405286
6444 0.004405286
13613 0.008810572
558 0.004405286
15922 0.004405286
10546 0.008810572
14650 0.004405286
11327 0.004405286
18239 0.017621145
1858 0.008810572
10821 0.013215859
18501 0.06167401
2630 0.004405286
18758 0.004405286
12871 0.004405286
18759 0.004405286
8263 0.008810572
18251 0.013215859
2380 0.004405286
12365 0.004405286
6222 0.004405286
18263 0.008810572
19034 0.004405286
6491 0.004405286
15196 0.004405286
6239 0.004405286
16481 0.004405286
10083 0.004405286
20579 0.004405286
3430 0.004405286
6509 0.004405286
17517 0.004405286
11630 0.004405286
884 0.004405286
14455 0.004405286
8573 0.004405286
19581 0.008810572
21632 0.004405286
17025 0.004405286
5253 0.16740088
8070 0.004405286
17549 0.004405286
17294 0.004405286
11151 0.004405286
10897 0.017621145
20883 0.004405286
10651 0.004405286
3745 0.026431719
8355 0.004405286
7844 0.004405286
18599 0.004405286
13480 0.017621145
2731 0.004405286
12205 0.008810572
19886 0.004405286
14514 0.004405286
4789 0.004405286
20405 0.004405286
19126 0.004405286
6588 0.008810572
19137 0.008810572
10691 0.004405286
3524 0.004405286
16582 0.004405286
10184 0.004405286
18378 0.008810572
13260 0.008810572
21965 0.004405286
718 0.004405286
13521 0.004405286
10451 0.02202643
20437 0.004405286
20696 0.008810572
21465 0.004405286
14300 0.004405286
10463 0.004405286
4319 0.008810572
6623 0.008810572
12771 0.004405286
6116 0.008810572
20712 0.004405286
15854 0.004405286
18414 0.008810572
19183 0.004405286
12016 0.004405286
11504 0.004405286
241 0.004405286
12020 0.004405286
14838 0.004405286
11512 0.04845815
2041 0.004405286
