5892 0.003816794
5893 0.015267176
1030 0.003816794
17415 0.003816794
20231 0.007633588
9226 0.003816794
4362 0.011450382
5903 0.003816794
10767 0.003816794
10512 0.007633588
18452 0.007633588
19736 0.022900764
8474 0.007633588
4635 0.034351144
16926 0.003816794
6688 0.003816794
21541 0.003816794
38 0.003816794
13613 0.007633588
21044 0.007633588
311 0.003816794
14650 0.011450382
18239 0.007633588
319 0.015267176
5187 0.003816794
4165 0.003816794
2630 0.003816794
4934 0.003816794
18758 0.003816794
12871 0.003816794
2119 0.003816794
18251 0.030534351
12365 0.003816794
16717 0.003816794
11598 0.003816794
18774 0.01908397
19034 0.007633588
13659 0.007633588
4958 0.003816794
16481 0.003816794
21345 0.003816794
6243 0.003816794
6509 0.011450382
5231 0.015267176
8573 0.003816794
19581 0.03816794
21631 0.011450382
21632 0.003816794
13952 0.003816794
8579 0.003816794
11141 0.003816794
9862 0.003816794
20876 0.007633588
6286 0.003816794
18319 0.003816794
10897 0.011450382
17553 0.011450382
15509 0.003816794
17815 0.003816794
8343 0.007633588
13983 0.007633588
3745 0.007633588
11692 0.007633588
19886 0.003816794
8368 0.045801528
10417 0.015267176
20402 0.003816794
20405 0.01908397
19126 0.003816794
12470 0.003816794
4286 0.003816794
3522 0.003816794
16582 0.003816794
11208 0.003816794
716 0.007633588
10700 0.011450382
20941 0.003816794
1488 0.007633588
13521 0.003816794
10451 0.022900764
5845 0.003816794
2776 0.003816794
20696 0.026717557
7897 0.003816794
21465 0.007633588
4314 0.003816794
6364 0.003816794
12765 0.003816794
6623 0.003816794
4319 0.011450382
6368 0.011450382
8162 0.003816794
3300 0.003816794
5349 0.003816794
7914 0.003816794
14829 0.003816794
18414 0.003816794
1006 0.007633588
13039 0.003816794
12016 0.003816794
20723 0.003816794
12020 0.022900764
11512 0.08015267
12283 0.003816794
3323 0.07251909
20220 0.003816794
6141 0.003816794
6654 0.003816794
12286 0.003816794
22270 0.007633588
5631 0.003816794
