10243 0.006024096
8709 0.006024096
5893 0.018072288
10246 0.018072288
17415 0.012048192
10767 0.012048192
15120 0.006024096
8468 0.006024096
13844 0.006024096
4635 0.012048192
15900 0.012048192
9250 0.018072288
12329 0.006024096
13610 0.006024096
298 0.012048192
6449 0.006024096
5170 0.006024096
13621 0.006024096
21813 0.006024096
1590 0.012048192
14650 0.018072288
15162 0.018072288
22076 0.006024096
4416 0.042168673
11073 0.006024096
8259 0.006024096
2630 0.006024096
12871 0.006024096
8263 0.006024096
2119 0.018072288
18251 0.024096385
21325 0.006024096
16724 0.006024096
20821 0.006024096
18263 0.012048192
20571 0.006024096
15196 0.012048192
16481 0.006024096
10083 0.006024096
2662 0.006024096
8297 0.012048192
14442 0.012048192
7793 0.006024096
884 0.012048192
15222 0.006024096
15484 0.018072288
20349 0.006024096
19581 0.012048192
5502 0.006024096
21632 0.006024096
2176 0.006024096
5760 0.006024096
11396 0.006024096
9862 0.006024096
6032 0.006024096
18064 0.006024096
17553 0.006024096
10897 0.042168673
8343 0.018072288
14490 0.006024096
8097 0.006024096
3745 0.012048192
8355 0.006024096
7082 0.006024096
1706 0.006024096
8111 0.006024096
12468 0.006024096
3252 0.006024096
20405 0.036144577
2231 0.012048192
20158 0.006024096
5825 0.006024096
1473 0.006024096
3522 0.006024096
10691 0.024096385
1476 0.006024096
14533 0.006024096
16582 0.006024096
2758 0.018072288
8140 0.006024096
12495 0.018072288
13521 0.006024096
10451 0.012048192
16599 0.006024096
20696 0.012048192
21465 0.006024096
1499 0.006024096
16605 0.006024096
9183 0.006024096
4319 0.018072288
11235 0.006024096
5349 0.006024096
16869 0.006024096
8422 0.012048192
20712 0.006024096
15849 0.012048192
21740 0.006024096
1006 0.006024096
20723 0.006024096
20726 0.006024096
11512 0.018072288
