8193 0.0053475937
5892 0.026737968
5893 0.010695187
4362 0.0053475937
10763 0.0053475937
7179 0.0053475937
9227 0.010695187
20236 0.0053475937
16396 0.010695187
17935 0.0053475937
10512 0.010695187
21265 0.0053475937
19736 0.021390375
797 0.0053475937
12321 0.0053475937
9250 0.0053475937
18217 0.0053475937
21545 0.0053475937
18731 0.0053475937
10284 0.010695187
10546 0.01604278
14650 0.01604278
8508 0.0053475937
11327 0.0053475937
319 0.01604278
21312 0.0053475937
8260 0.0053475937
17476 0.0053475937
10821 0.010695187
2630 0.0053475937
18758 0.01604278
4934 0.01604278
12871 0.0053475937
14920 0.0053475937
18251 0.03208556
11598 0.0053475937
18774 0.0053475937
18263 0.0053475937
1113 0.0053475937
6239 0.0053475937
13919 0.010695187
16481 0.0053475937
21345 0.0053475937
9313 0.010695187
20579 0.0053475937
5990 0.0053475937
3430 0.01604278
15209 0.0053475937
4714 0.010695187
8811 0.0053475937
9836 0.0053475937
21872 0.0053475937
19581 0.010695187
21118 0.0053475937
3455 0.0053475937
21632 0.0053475937
9862 0.0053475937
13452 0.0053475937
10896 0.0053475937
17553 0.0053475937
10897 0.021390375
15509 0.0053475937
150 0.0053475937
8855 0.021390375
21401 0.0053475937
10649 0.01604278
5019 0.0053475937
16028 0.0053475937
4510 0.0053475937
20127 0.010695187
3745 0.010695187
18858 0.0053475937
9387 0.0053475937
13995 0.0053475937
19886 0.0053475937
10417 0.0053475937
20405 0.03208556
4286 0.0053475937
12734 0.0053475937
192 0.0053475937
5825 0.0053475937
1217 0.0053475937
10691 0.010695187
16582 0.0053475937
16071 0.010695187
12748 0.0053475937
19917 0.010695187
1488 0.01604278
3793 0.0053475937
13521 0.0053475937
20177 0.0053475937
10451 0.04278075
20437 0.0053475937
3288 0.010695187
989 0.0053475937
16605 0.0053475937
4319 0.010695187
13538 0.0053475937
5349 0.0053475937
5861 0.0053475937
20203 0.0053475937
1261 0.0053475937
19181 0.0053475937
16621 0.010695187
1006 0.0053475937
12016 0.010695187
20723 0.0053475937
7160 0.0053475937
11512 0.04278075
2041 0.0053475937
2043 0.0053475937
3323 0.01604278
12798 0.0053475937
