8194 0.004237288
7683 0.004237288
5892 0.004237288
4100 0.008474576
8709 0.004237288
19461 0.004237288
5893 0.012711864
10246 0.012711864
2061 0.004237288
20750 0.004237288
10767 0.004237288
13844 0.004237288
22294 0.004237288
19736 0.025423728
4635 0.021186441
15900 0.004237288
6688 0.012711864
14625 0.004237288
11298 0.008474576
9250 0.008474576
18731 0.004237288
8237 0.004237288
13613 0.004237288
22064 0.004237288
6450 0.004237288
10546 0.012711864
20020 0.004237288
21813 0.004237288
14650 0.012711864
6206 0.004237288
11327 0.004237288
18239 0.004237288
10821 0.004237288
2630 0.004237288
18758 0.012711864
12871 0.004237288
1863 0.004237288
7752 0.008474576
4169 0.004237288
18251 0.012711864
17486 0.004237288
3922 0.008474576
15699 0.004237288
16724 0.008474576
7252 0.008474576
21588 0.033898305
18263 0.008474576
20571 0.004237288
13659 0.004237288
14173 0.025423728
4446 0.004237288
9310 0.021186441
6239 0.008474576
13919 0.012711864
16481 0.004237288
21345 0.004237288
20579 0.004237288
3171 0.008474576
5990 0.004237288
3430 0.004237288
21872 0.004237288
11635 0.004237288
5236 0.004237288
884 0.016949153
5237 0.004237288
12664 0.004237288
19581 0.008474576
21632 0.004237288
2176 0.004237288
13186 0.004237288
9862 0.004237288
17294 0.004237288
5263 0.004237288
6032 0.004237288
8592 0.004237288
10897 0.021186441
8342 0.008474576
2199 0.004237288
8343 0.021186441
21401 0.004237288
2201 0.004237288
4253 0.004237288
3745 0.004237288
4513 0.004237288
8355 0.004237288
14757 0.004237288
9393 0.008474576
8371 0.004237288
14515 0.004237288
13237 0.004237288
20405 0.038135592
6838 0.004237288
15034 0.004237288
956 0.012711864
16582 0.004237288
715 0.004237288
13521 0.004237288
10451 0.025423728
17877 0.008474576
4309 0.012711864
18134 0.004237288
14806 0.004237288
3030 0.004237288
6359 0.004237288
8151 0.004237288
20696 0.012711864
12765 0.004237288
4319 0.008474576
12771 0.008474576
20196 0.004237288
6116 0.008474576
5861 0.004237288
20453 0.008474576
742 0.004237288
5099 0.008474576
14060 0.004237288
1006 0.016949153
16625 0.004237288
20723 0.004237288
9973 0.008474576
5623 0.004237288
11512 0.076271184
2041 0.008474576
14842 0.004237288
