17665 0.004347826
8194 0.008695652
8709 0.004347826
19461 0.004347826
5893 0.017391304
10763 0.008695652
13844 0.004347826
22038 0.008695652
12311 0.004347826
19736 0.008695652
4635 0.008695652
15900 0.004347826
10780 0.004347826
5149 0.004347826
9250 0.004347826
550 0.008695652
18221 0.004347826
13613 0.004347826
18222 0.004347826
9012 0.004347826
14903 0.004347826
14650 0.02173913
59 0.004347826
18239 0.004347826
11073 0.004347826
13380 0.004347826
2630 0.004347826
18758 0.004347826
12871 0.004347826
6215 0.004347826
8263 0.004347826
15178 0.004347826
18251 0.004347826
12109 0.008695652
6477 0.02173913
11598 0.004347826
9813 0.008695652
7766 0.004347826
18263 0.02173913
19034 0.004347826
13659 0.004347826
20571 0.008695652
6239 0.013043478
16481 0.004347826
10083 0.008695652
20579 0.008695652
2662 0.004347826
3430 0.008695652
13929 0.004347826
10094 0.004347826
6255 0.004347826
884 0.004347826
21632 0.004347826
2176 0.004347826
2690 0.004347826
11141 0.008695652
8070 0.004347826
9862 0.04347826
7567 0.008695652
6032 0.004347826
10896 0.004347826
17553 0.008695652
10897 0.017391304
9362 0.004347826
18834 0.008695652
20883 0.04347826
13722 0.004347826
5019 0.004347826
11932 0.004347826
20638 0.004347826
3745 0.004347826
19622 0.07826087
13480 0.017391304
10922 0.004347826
13485 0.004347826
10417 0.004347826
6836 0.004347826
20405 0.013043478
12470 0.008695652
6588 0.004347826
12734 0.004347826
3268 0.013043478
16582 0.004347826
4556 0.060869563
19917 0.004347826
11215 0.004347826
13521 0.004347826
10451 0.013043478
14549 0.004347826
731 0.004347826
6116 0.004347826
5861 0.004347826
5349 0.013043478
20453 0.008695652
8422 0.004347826
16871 0.008695652
20203 0.004347826
14060 0.013043478
1006 0.004347826
12016 0.004347826
11504 0.004347826
241 0.004347826
7160 0.004347826
11512 0.052173913
2041 0.004347826
9722 0.004347826
20988 0.004347826
6141 0.04347826
6143 0.008695652
