21632 0.016393442
2176 0.016393442
5380 0.016393442
8837 0.016393442
5253 0.032786883
5893 0.06557377
4934 0.016393442
16582 0.016393442
2630 0.016393442
12871 0.016393442
14090 0.032786883
18251 0.016393442
13452 0.016393442
21709 0.016393442
6286 0.016393442
4432 0.016393442
13521 0.016393442
10897 0.04918033
10451 0.016393442
15252 0.016393442
15509 0.016393442
2776 0.016393442
20696 0.016393442
15962 0.016393442
13722 0.04918033
10651 0.016393442
12765 0.032786883
16481 0.016393442
3745 0.016393442
16166 0.016393442
5094 0.016393442
10472 0.04918033
18217 0.016393442
13097 0.032786883
6317 0.016393442
1006 0.016393442
5231 0.016393442
11504 0.016393442
10417 0.016393442
20723 0.016393442
8371 0.016393442
20150 0.016393442
15479 0.016393442
11512 0.016393442
12283 0.016393442
3323 0.016393442
12734 0.032786883
