4100 0.0046948357
5892 0.014084507
5893 0.0046948357
5 0.0046948357
14090 0.0093896715
9227 0.0046948357
10763 0.0093896715
3339 0.02347418
10767 0.0046948357
14095 0.0046948357
15121 0.0046948357
275 0.0046948357
19989 0.0046948357
278 0.0046948357
19736 0.02347418
8218 0.0046948357
4635 0.0093896715
18972 0.0093896715
10783 0.0046948357
6688 0.0046948357
3104 0.0046948357
3872 0.0046948357
13090 0.0046948357
11298 0.0046948357
9250 0.014084507
3619 0.0046948357
18212 0.0046948357
2602 0.0046948357
17196 0.0046948357
18222 0.0046948357
10546 0.0046948357
13362 0.0093896715
21813 0.0046948357
14650 0.0046948357
1342 0.0046948357
18239 0.0093896715
19522 0.0046948357
10821 0.0046948357
12357 0.0046948357
2630 0.0046948357
18758 0.0046948357
12871 0.0046948357
8263 0.0046948357
17739 0.0046948357
18251 0.018779343
9805 0.0046948357
6738 0.0046948357
9810 0.0093896715
18263 0.0046948357
18776 0.0046948357
19034 0.0046948357
13659 0.0046948357
15963 0.0046948357
6239 0.0046948357
16736 0.0046948357
16481 0.0046948357
7265 0.0046948357
18530 0.0046948357
10083 0.0046948357
3430 0.018779343
13929 0.0046948357
15209 0.0093896715
874 0.0046948357
21872 0.0046948357
884 0.0046948357
10868 0.0046948357
4980 0.014084507
19581 0.0093896715
17023 0.0046948357
21632 0.0046948357
19330 0.0046948357
8070 0.0046948357
14472 0.0046948357
3467 0.0046948357
9356 0.0093896715
7567 0.0093896715
10896 0.0046948357
10897 0.0093896715
15763 0.0046948357
16789 0.0046948357
4758 0.018779343
8343 0.0046948357
3745 0.0046948357
14757 0.0046948357
168 0.0046948357
19886 0.028169014
21936 0.0046948357
12208 0.028169014
20402 0.0046948357
2994 0.0046948357
8371 0.0046948357
6836 0.0046948357
8885 0.0046948357
20405 0.014084507
6588 0.0046948357
18623 0.0046948357
1473 0.0093896715
3268 0.0046948357
9926 0.0046948357
16582 0.014084507
19917 0.0046948357
11215 0.0046948357
13521 0.0046948357
10451 0.051643193
6612 0.0046948357
20437 0.0046948357
13526 0.0046948357
6616 0.0046948357
20696 0.04225352
21465 0.0046948357
14556 0.0046948357
12765 0.0046948357
7135 0.0046948357
4319 0.014084507
9188 0.0046948357
6116 0.0046948357
20198 0.0046948357
6886 0.0046948357
4329 0.0046948357
7914 0.0046948357
14060 0.0046948357
21487 0.0046948357
8175 0.0046948357
1524 0.0046948357
7160 0.0046948357
11512 0.037558686
3323 0.018779343
7421 0.0093896715
6654 0.0093896715
6143 0.0093896715
