10242 0.004201681
8194 0.008403362
5893 0.029411765
16390 0.008403362
10246 0.008403362
20231 0.012605042
15625 0.004201681
6410 0.008403362
1035 0.004201681
21779 0.008403362
22294 0.004201681
19736 0.025210084
4635 0.004201681
13855 0.004201681
6688 0.008403362
1829 0.004201681
8485 0.008403362
13097 0.008403362
13613 0.004201681
815 0.004201681
8497 0.004201681
19250 0.004201681
9014 0.004201681
14650 0.012605042
18239 0.008403362
11327 0.008403362
17985 0.004201681
18501 0.004201681
2630 0.004201681
18759 0.004201681
2119 0.004201681
12871 0.008403362
6728 0.004201681
18251 0.004201681
20813 0.004201681
15949 0.004201681
16717 0.004201681
21841 0.004201681
6738 0.004201681
7251 0.004201681
83 0.004201681
18263 0.016806724
13659 0.004201681
8797 0.004201681
16481 0.004201681
9313 0.004201681
21345 0.004201681
20065 0.004201681
20579 0.004201681
5219 0.004201681
1125 0.004201681
3430 0.008403362
13929 0.008403362
15209 0.008403362
6509 0.008403362
13426 0.012605042
11635 0.004201681
884 0.012605042
21621 0.004201681
19830 0.004201681
12924 0.004201681
15484 0.004201681
8573 0.004201681
19581 0.008403362
1150 0.004201681
21632 0.004201681
11141 0.004201681
3982 0.004201681
7567 0.004201681
8592 0.004201681
10896 0.008403362
17553 0.004201681
10897 0.025210084
9362 0.004201681
8852 0.004201681
8343 0.008403362
21403 0.004201681
157 0.004201681
13983 0.004201681
3745 0.004201681
4003 0.012605042
12710 0.037815128
1192 0.004201681
15528 0.004201681
11179 0.004201681
13485 0.012605042
10415 0.004201681
8368 0.008403362
20405 0.025210084
2231 0.004201681
1723 0.004201681
5825 0.004201681
10691 0.008403362
3268 0.004201681
14788 0.012605042
16582 0.004201681
2758 0.008403362
16071 0.004201681
13255 0.004201681
16841 0.004201681
1739 0.004201681
19917 0.004201681
14288 0.004201681
1488 0.04621849
13521 0.004201681
10451 0.033613447
20437 0.008403362
7382 0.004201681
20696 0.008403362
989 0.004201681
12765 0.004201681
14560 0.004201681
12001 0.008403362
2531 0.004201681
6116 0.008403362
8422 0.004201681
19434 0.004201681
18924 0.004201681
11757 0.004201681
1006 0.021008404
18159 0.008403362
12016 0.004201681
11504 0.033613447
8433 0.004201681
12020 0.004201681
21236 0.004201681
11512 0.042016808
5631 0.004201681
19199 0.004201681
