3331 0.0058139535
10244 0.0029069767
5893 0.014534884
20231 0.0029069767
17415 0.0058139535
6409 0.008720931
5900 0.0029069767
15629 0.0029069767
20751 0.0029069767
7439 0.0029069767
13844 0.0058139535
278 0.0029069767
19736 0.008720931
1049 0.0029069767
4635 0.008720931
13343 0.0029069767
12321 0.0029069767
1829 0.0029069767
550 0.0029069767
6952 0.09593023
7209 0.0029069767
13613 0.0029069767
814 0.0029069767
15662 0.0029069767
21044 0.0029069767
4922 0.0029069767
14650 0.008720931
18239 0.008720931
11327 0.011627907
11073 0.0058139535
10821 0.037790697
2630 0.0029069767
4934 0.0029069767
18758 0.0058139535
2119 0.0029069767
8263 0.0029069767
12871 0.008720931
18251 0.020348838
2380 0.0029069767
19020 0.0058139535
16717 0.0029069767
21588 0.0029069767
18263 0.0029069767
20571 0.0029069767
13659 0.0029069767
16481 0.0029069767
7265 0.12790698
13922 0.0029069767
11363 0.0029069767
5990 0.0029069767
15208 0.017441861
4714 0.0058139535
6509 0.0029069767
109 0.0029069767
10094 0.0029069767
111 0.0029069767
11635 0.0029069767
16503 0.0058139535
19581 0.017441861
21632 0.0029069767
16003 0.014534884
9862 0.017441861
17294 0.0029069767
11151 0.0029069767
6032 0.0029069767
18064 0.0058139535
17553 0.0029069767
10897 0.017441861
11925 0.020348838
8343 0.014534884
10651 0.0029069767
16543 0.0029069767
16032 0.0029069767
3745 0.0029069767
6052 0.0029069767
12710 0.0058139535
14514 0.017441861
20405 0.014534884
19126 0.0029069767
20150 0.0058139535
4025 0.0029069767
17595 0.011627907
14784 0.0029069767
16064 0.0029069767
6336 0.0029069767
20933 0.0029069767
16582 0.008720931
8135 0.0029069767
1224 0.0029069767
968 0.0058139535
17355 0.06686047
718 0.0029069767
20942 0.0029069767
13521 0.0029069767
10451 0.029069768
8661 0.0029069767
3287 0.0029069767
2776 0.0029069767
731 0.0029069767
6623 0.011627907
4319 0.020348838
8163 0.0029069767
3300 0.0029069767
5861 0.0029069767
20453 0.0058139535
2022 0.0058139535
16871 0.0029069767
1006 0.0058139535
18159 0.008720931
241 0.0058139535
11512 0.034883723
6143 0.011627907
