4736 0.0058139535
21632 0.0058139535
8194 0.0058139535
16003 0.011627907
10115 0.011627907
7299 0.017441861
5892 0.0058139535
11141 0.0058139535
5893 0.011627907
12937 0.0058139535
1674 0.0058139535
10763 0.0058139535
17549 0.011627907
5903 0.0058139535
10767 0.0058139535
6160 0.0058139535
10897 0.029069768
6934 0.0058139535
22294 0.023255814
8343 0.0058139535
19736 0.017441861
4635 0.011627907
11932 0.011627907
14365 0.0058139535
4510 0.0058139535
20638 0.0058139535
3745 0.0058139535
9250 0.0058139535
38 0.011627907
806 0.011627907
4903 0.0058139535
15528 0.023255814
10284 0.046511628
13613 0.0058139535
19886 0.0058139535
8368 0.023255814
10546 0.0058139535
7220 0.0058139535
20405 0.0058139535
16058 0.0058139535
8122 0.0058139535
8251 0.0058139535
22076 0.0058139535
18239 0.011627907
11327 0.017441861
19137 0.017441861
9666 0.0058139535
17730 0.0058139535
11971 0.0058139535
3268 0.011627907
16582 0.0058139535
2630 0.0058139535
12871 0.0058139535
18251 0.075581394
13644 0.0058139535
12495 0.0058139535
1488 0.0058139535
13521 0.0058139535
10451 0.017441861
20438 0.0058139535
18263 0.017441861
21465 0.0058139535
15323 0.0058139535
4319 0.069767445
16481 0.0058139535
20449 0.0058139535
9061 0.0058139535
20453 0.0058139535
5349 0.011627907
5224 0.0058139535
15209 0.0058139535
4714 0.017441861
6509 0.0058139535
10094 0.0058139535
17262 0.0058139535
1006 0.023255814
19695 0.0058139535
5235 0.0058139535
2292 0.0058139535
884 0.011627907
5623 0.0058139535
11512 0.029069768
3323 0.0058139535
9979 0.0058139535
2941 0.0058139535
19581 0.040697675
3839 0.023255814
