8193 0.0049751243
16385 0.0099502485
8194 0.09950249
5893 0.0049751243
10246 0.0099502485
9227 0.0049751243
15629 0.0099502485
10767 0.0049751243
8208 0.0049751243
10512 0.0049751243
2836 0.0049751243
19736 0.014925373
14365 0.0099502485
6688 0.0049751243
12321 0.0099502485
13603 0.0099502485
38 0.0049751243
550 0.0049751243
9001 0.0049751243
21802 0.0049751243
7722 0.0049751243
13613 0.0099502485
18992 0.0049751243
10546 0.0049751243
7477 0.0099502485
21813 0.0099502485
14650 0.0099502485
5698 0.0049751243
6210 0.0049751243
2115 0.0049751243
10821 0.0099502485
2630 0.0049751243
12871 0.0049751243
8263 0.0049751243
6215 0.0049751243
1354 0.0049751243
18251 0.039800994
16717 0.0099502485
6477 0.0099502485
11598 0.0049751243
5711 0.0049751243
21841 0.0049751243
84 0.0049751243
11607 0.0049751243
18263 0.0099502485
5210 0.0049751243
11611 0.0049751243
15196 0.014925373
16991 0.0049751243
16736 0.0049751243
16481 0.0049751243
3430 0.0049751243
2662 0.0049751243
15209 0.0049751243
6509 0.0049751243
15726 0.0049751243
11121 0.0049751243
13426 0.0049751243
11635 0.0049751243
5236 0.0049751243
13689 0.0049751243
19581 0.024875622
21632 0.0049751243
2690 0.0049751243
11141 0.0049751243
3982 0.0049751243
10897 0.014925373
20883 0.014925373
17815 0.0049751243
13983 0.0049751243
3745 0.0049751243
15011 0.0049751243
15528 0.0099502485
2473 0.0049751243
13485 0.0049751243
12205 0.0049751243
14515 0.0049751243
20405 0.0099502485
12470 0.0049751243
18872 0.0099502485
10691 0.0049751243
16582 0.0049751243
2758 0.019900497
13255 0.0099502485
20426 0.0049751243
4556 0.0049751243
2509 0.0049751243
14798 0.014925373
18640 0.0049751243
1488 0.0099502485
13521 0.0049751243
19410 0.0049751243
10451 0.03482587
7892 0.0049751243
7381 0.0049751243
21465 0.0049751243
15323 0.0049751243
14300 0.0049751243
6623 0.019900497
4319 0.03482587
19683 0.0049751243
20453 0.014925373
19687 0.0049751243
18410 0.0049751243
1006 0.0099502485
19183 0.0049751243
12016 0.014925373
20723 0.0049751243
14838 0.0049751243
14070 0.0049751243
11512 0.03482587
5631 0.0099502485
