8194 0.021390375
9988 0.0053475937
5893 0.010695187
5126 0.0053475937
16390 0.0053475937
10246 0.010695187
15629 0.010695187
7189 0.0053475937
19736 0.01604278
4635 0.0053475937
9250 0.010695187
4645 0.01604278
21291 0.0053475937
14891 0.0053475937
13613 0.010695187
1072 0.0053475937
10546 0.0053475937
14650 0.01604278
4416 0.0053475937
2630 0.0053475937
18758 0.0053475937
12871 0.0053475937
2119 0.0053475937
8263 0.0053475937
18251 0.01604278
19020 0.0053475937
18263 0.0053475937
13659 0.0053475937
14173 0.0053475937
6239 0.0053475937
16481 0.0053475937
21345 0.0053475937
9313 0.0053475937
20579 0.0053475937
15209 0.0053475937
10095 0.0053475937
19056 0.0053475937
13426 0.0053475937
11635 0.0053475937
884 0.0053475937
20087 0.0053475937
11132 0.0053475937
15484 0.010695187
8573 0.010695187
19581 0.01604278
21632 0.0053475937
2690 0.0053475937
2435 0.010695187
2436 0.0053475937
8837 0.010695187
9862 0.01604278
20876 0.0053475937
17294 0.0053475937
7567 0.0053475937
14992 0.0053475937
6032 0.01604278
10897 0.01604278
18834 0.0053475937
2706 0.0053475937
17299 0.0053475937
4758 0.0053475937
8343 0.010695187
14490 0.0053475937
8603 0.0053475937
11932 0.010695187
3745 0.0053475937
11682 0.0053475937
15011 0.0053475937
14755 0.010695187
18340 0.0053475937
12710 0.0053475937
15528 0.0053475937
4014 0.0053475937
8111 0.0053475937
20405 0.03208556
11450 0.0053475937
12734 0.0053475937
18369 0.0053475937
16582 0.0053475937
8140 0.0053475937
19917 0.0053475937
12495 0.010695187
13521 0.0053475937
5843 0.0053475937
10451 0.026737968
7124 0.0053475937
20437 0.0053475937
20438 0.0053475937
14041 0.0053475937
4319 0.010695187
2785 0.0053475937
3299 0.0053475937
6116 0.0053475937
5349 0.0053475937
6886 0.0053475937
4842 0.0053475937
3306 0.0053475937
20203 0.010695187
14060 0.171123
7661 0.0053475937
1006 0.0053475937
18159 0.0053475937
19695 0.010695187
12016 0.0053475937
241 0.0053475937
21747 0.0053475937
12020 0.0053475937
11512 0.010695187
3323 0.0053475937
6143 0.010695187
