8194 0.005263158
5892 0.005263158
5893 0.005263158
10246 0.005263158
9226 0.005263158
22027 0.005263158
16396 0.010526316
19736 0.015789473
16409 0.005263158
14618 0.010526316
4635 0.010526316
15900 0.005263158
13085 0.005263158
6430 0.005263158
14367 0.005263158
31 0.005263158
6688 0.005263158
22050 0.010526316
9250 0.010526316
21541 0.005263158
38 0.005263158
4903 0.005263158
10027 0.005263158
19249 0.005263158
11058 0.11578947
8508 0.005263158
15934 0.005263158
11327 0.005263158
18239 0.02631579
11073 0.005263158
17476 0.005263158
10821 0.021052632
2630 0.005263158
12871 0.005263158
2119 0.005263158
8263 0.015789473
14153 0.005263158
18251 0.005263158
12365 0.005263158
6993 0.005263158
18003 0.005263158
16724 0.005263158
18263 0.047368422
20571 0.005263158
14173 0.005263158
9310 0.005263158
6239 0.005263158
16481 0.005263158
874 0.010526316
21872 0.005263158
11635 0.005263158
884 0.005263158
20085 0.005263158
22136 0.005263158
14204 0.005263158
21632 0.005263158
13190 0.005263158
18566 0.005263158
9862 0.010526316
12685 0.005263158
6286 0.005263158
6032 0.005263158
18064 0.005263158
8592 0.005263158
10897 0.015789473
8343 0.005263158
5783 0.005263158
21401 0.010526316
11932 0.005263158
2973 0.005263158
4253 0.005263158
3745 0.005263158
2731 0.005263158
13485 0.005263158
19886 0.005263158
10417 0.005263158
9393 0.015789473
9139 0.005263158
20405 0.036842104
21947 0.005263158
12734 0.005263158
18623 0.005263158
17601 0.005263158
21698 0.005263158
10691 0.005263158
16582 0.005263158
2506 0.005263158
13260 0.047368422
2509 0.005263158
13521 0.005263158
10451 0.015789473
20437 0.005263158
20696 0.031578947
8163 0.005263158
3300 0.005263158
6116 0.005263158
5861 0.005263158
5349 0.005263158
18410 0.005263158
7914 0.010526316
1006 0.005263158
11504 0.005263158
12016 0.010526316
11512 0.047368422
22270 0.005263158
6143 0.010526316
