4100 0.0053475937
5893 0.010695187
10246 0.0053475937
4618 0.0053475937
5642 0.0053475937
7434 0.0053475937
6923 0.0053475937
19736 0.01604278
3097 0.12834224
21278 0.0053475937
6688 0.010695187
9250 0.010695187
1571 0.0053475937
38 0.0053475937
13097 0.0053475937
2602 0.0053475937
298 0.01604278
1324 0.010695187
13613 0.01604278
16178 0.0053475937
15417 0.0053475937
3130 0.010695187
14650 0.03208556
3387 0.0053475937
13883 0.0053475937
11327 0.0053475937
13377 0.0053475937
7747 0.0053475937
8260 0.0053475937
15173 0.0053475937
2630 0.0053475937
4934 0.010695187
12871 0.0053475937
8263 0.01604278
14922 0.0053475937
17738 0.0053475937
18251 0.0053475937
12109 0.010695187
16717 0.01604278
19286 0.0053475937
18263 0.037433155
14173 0.0053475937
16481 0.0053475937
21345 0.01604278
20579 0.0053475937
8811 0.0053475937
10605 0.0053475937
11635 0.01604278
884 0.0053475937
19830 0.0053475937
18553 0.0053475937
8573 0.0053475937
19581 0.0053475937
12414 0.0053475937
21632 0.0053475937
2690 0.0053475937
8836 0.01604278
20360 0.0053475937
17549 0.0053475937
18064 0.0053475937
21136 0.0053475937
6032 0.0053475937
17553 0.0053475937
10897 0.010695187
8343 0.01604278
13722 0.0053475937
2204 0.010695187
3745 0.0053475937
10402 0.0053475937
18599 0.010695187
15528 0.0053475937
19886 0.0053475937
8371 0.0053475937
4021 0.0053475937
20405 0.05882353
3513 0.0053475937
15034 0.0053475937
3262 0.0053475937
17601 0.0053475937
16582 0.0053475937
8140 0.0053475937
716 0.010695187
19917 0.0053475937
12495 0.0053475937
13521 0.0053475937
19667 0.0053475937
10451 0.026737968
20437 0.0053475937
11734 0.0053475937
20950 0.0053475937
11482 0.0053475937
2531 0.0053475937
8163 0.0053475937
6116 0.0053475937
20453 0.0053475937
1006 0.01604278
20723 0.0053475937
11512 0.04812834
9978 0.0053475937
4095 0.0053475937
