8194 0.011976048
3331 0.005988024
5892 0.005988024
8708 0.011976048
10246 0.005988024
17415 0.005988024
22280 0.005988024
10763 0.005988024
5900 0.023952097
17167 0.005988024
1295 0.011976048
22294 0.005988024
19736 0.005988024
4635 0.005988024
15900 0.005988024
9250 0.017964073
2602 0.005988024
8493 0.005988024
10546 0.011976048
20020 0.005988024
14903 0.005988024
15160 0.017964073
14650 0.005988024
20028 0.005988024
319 0.005988024
18239 0.005988024
11327 0.011976048
10817 0.005988024
10821 0.017964073
2630 0.005988024
12871 0.005988024
2119 0.005988024
8263 0.005988024
15177 0.005988024
4169 0.005988024
18251 0.023952097
16717 0.005988024
7251 0.005988024
17747 0.005988024
13144 0.005988024
13659 0.005988024
20571 0.005988024
10331 0.005988024
5212 0.023952097
22112 0.005988024
16481 0.005988024
20579 0.005988024
3430 0.005988024
5735 0.005988024
15465 0.005988024
8297 0.011976048
4202 0.005988024
10350 0.005988024
11121 0.005988024
11635 0.011976048
884 0.011976048
12664 0.005988024
7292 0.005988024
19581 0.017964073
21632 0.005988024
2176 0.005988024
9862 0.005988024
9361 0.005988024
17553 0.005988024
10897 0.011976048
3730 0.005988024
8343 0.011976048
18842 0.005988024
20891 0.005988024
2204 0.005988024
12700 0.005988024
11932 0.005988024
3745 0.005988024
15528 0.005988024
19886 0.005988024
8371 0.005988024
20405 0.005988024
10677 0.005988024
17846 0.035928145
4025 0.011976048
8890 0.005988024
192 0.005988024
4290 0.005988024
16582 0.005988024
10184 0.005988024
1482 0.005988024
718 0.005988024
22223 0.005988024
13521 0.005988024
16339 0.005988024
10451 0.017964073
20696 0.011976048
14300 0.005988024
13532 0.005988024
4319 0.005988024
10463 0.005988024
6623 0.017964073
20453 0.011976048
4074 0.005988024
7914 0.005988024
18414 0.011976048
1006 0.017964073
1780 0.011976048
14838 0.023952097
11256 0.005988024
11512 0.065868266
2041 0.005988024
3323 0.017964073
6654 0.005988024
