19461 0.0044247787
5893 0.030973451
5382 0.0044247787
16390 0.013274336
10246 0.013274336
10767 0.0044247787
5903 0.0044247787
21781 0.0044247787
19736 0.013274336
8732 0.0044247787
15900 0.0044247787
13855 0.0044247787
6688 0.0088495575
22050 0.0044247787
3619 0.0088495575
7460 0.0044247787
2854 0.0044247787
38 0.0088495575
10025 0.026548672
2602 0.0044247787
13613 0.0044247787
815 0.0044247787
11056 0.0044247787
10546 0.0044247787
19250 0.0088495575
13621 0.0044247787
14650 0.0044247787
20538 0.0044247787
15934 0.0088495575
11327 0.0044247787
18239 0.0044247787
11073 0.0044247787
1858 0.0088495575
10821 0.013274336
2630 0.0044247787
12871 0.0044247787
2119 0.0044247787
8263 0.0088495575
4169 0.0088495575
18251 0.013274336
20813 0.0088495575
6222 0.0044247787
5455 0.0044247787
10321 0.0088495575
9810 0.0044247787
7251 0.0044247787
9813 0.0044247787
18263 0.017699115
15196 0.0044247787
6239 0.0044247787
13919 0.026548672
16736 0.0088495575
19297 0.0044247787
16481 0.017699115
20579 0.0044247787
11363 0.0044247787
5990 0.0044247787
3430 0.0088495575
13929 0.0044247787
11881 0.0088495575
15980 0.0044247787
10350 0.0044247787
10095 0.0044247787
11635 0.013274336
5236 0.0044247787
19062 0.0044247787
15484 0.0044247787
19581 0.017699115
5502 0.0044247787
21632 0.0044247787
8834 0.0044247787
8837 0.03982301
8582 0.0044247787
8592 0.0044247787
17553 0.0088495575
10897 0.013274336
1427 0.0044247787
9368 0.0044247787
9113 0.0044247787
3745 0.0044247787
18340 0.0044247787
12710 0.030973451
15528 0.0044247787
19886 0.013274336
8111 0.0044247787
9139 0.0044247787
20405 0.03982301
16576 0.0044247787
16064 0.0088495575
21698 0.013274336
10691 0.0044247787
3268 0.0044247787
2758 0.0044247787
16582 0.013274336
5834 0.0044247787
13260 0.013274336
1488 0.013274336
13521 0.0044247787
10451 0.017699115
3288 0.0044247787
21465 0.0044247787
14554 0.0044247787
13275 0.0044247787
14300 0.0044247787
8163 0.013274336
6116 0.0088495575
6886 0.022123894
16871 0.0044247787
20203 0.0044247787
1006 0.0088495575
19695 0.0044247787
11504 0.0044247787
12016 0.0044247787
1266 0.0044247787
9973 0.0044247787
7160 0.0044247787
11512 0.026548672
17658 0.0044247787
18431 0.0044247787
19199 0.0088495575
6143 0.013274336
