8709 0.004219409
5893 0.012658228
10246 0.008438818
16390 0.012658228
17415 0.008438818
6409 0.004219409
5900 0.004219409
15629 0.008438818
5390 0.004219409
17935 0.004219409
10767 0.008438818
8208 0.004219409
15120 0.008438818
19736 0.008438818
4635 0.016877636
8224 0.004219409
15394 0.004219409
9250 0.008438818
38 0.004219409
2854 0.012658228
7209 0.004219409
11306 0.004219409
298 0.004219409
2602 0.004219409
13613 0.004219409
15922 0.004219409
19250 0.004219409
14650 0.008438818
8000 0.004219409
1858 0.004219409
2630 0.004219409
18758 0.004219409
12871 0.004219409
8263 0.004219409
19787 0.004219409
18251 0.016877636
14413 0.004219409
7246 0.004219409
2639 0.004219409
8016 0.004219409
18263 0.050632913
4697 0.004219409
19034 0.008438818
13659 0.008438818
8288 0.004219409
16481 0.008438818
6243 0.004219409
8549 0.004219409
3430 0.004219409
5990 0.004219409
16744 0.004219409
8811 0.004219409
9836 0.004219409
6509 0.012658228
7022 0.004219409
6256 0.008438818
21621 0.004219409
19062 0.004219409
12918 0.008438818
20345 0.004219409
15484 0.004219409
4477 0.004219409
19581 0.008438818
21632 0.004219409
2690 0.004219409
11141 0.004219409
8326 0.004219409
9862 0.004219409
8070 0.008438818
20360 0.008438818
19594 0.021097047
17549 0.004219409
10897 0.008438818
8855 0.004219409
20631 0.004219409
8343 0.008438818
8090 0.03797468
11932 0.008438818
4253 0.004219409
13983 0.004219409
20127 0.012658228
3745 0.004219409
13480 0.004219409
168 0.016877636
2473 0.008438818
2731 0.004219409
6573 0.004219409
14514 0.008438818
6836 0.004219409
20405 0.012658228
15031 0.004219409
15034 0.004219409
18623 0.004219409
21696 0.004219409
192 0.004219409
16064 0.008438818
3522 0.008438818
10691 0.004219409
16582 0.004219409
3271 0.004219409
8140 0.008438818
2509 0.012658228
18640 0.004219409
3793 0.004219409
13521 0.004219409
18385 0.004219409
10451 0.033755273
21716 0.004219409
20437 0.004219409
20696 0.008438818
7897 0.004219409
14300 0.004219409
18399 0.004219409
13538 0.004219409
2531 0.004219409
5349 0.004219409
20453 0.012658228
6886 0.004219409
8422 0.004219409
16871 0.004219409
17896 0.008438818
14060 0.004219409
7406 0.004219409
18414 0.008438818
1006 0.012658228
15342 0.012658228
12016 0.004219409
20723 0.004219409
9973 0.004219409
21493 0.008438818
9462 0.004219409
6646 0.004219409
11512 0.05907173
2041 0.004219409
14330 0.004219409
19199 0.008438818
