3842 0.005076142
8194 0.015228426
9988 0.005076142
5893 0.010152284
8709 0.015228426
10246 0.015228426
20231 0.005076142
2825 0.005076142
5900 0.005076142
18958 0.005076142
8208 0.005076142
20500 0.005076142
19736 0.005076142
4635 0.005076142
14365 0.005076142
797 0.005076142
12830 0.005076142
13855 0.005076142
18208 0.02538071
1829 0.005076142
21541 0.005076142
38 0.005076142
6440 0.005076142
7208 0.005076142
13097 0.015228426
13613 0.005076142
7479 0.005076142
14650 0.010152284
11327 0.010152284
19011 0.005076142
2630 0.005076142
12871 0.005076142
6215 0.005076142
8263 0.010152284
18251 0.005076142
337 0.015228426
21588 0.005076142
20821 0.005076142
18263 0.035532996
3419 0.005076142
13659 0.015228426
5212 0.005076142
9310 0.005076142
5214 0.010152284
13919 0.005076142
16481 0.005076142
5219 0.005076142
10083 0.005076142
20579 0.010152284
3430 0.010152284
13160 0.015228426
10094 0.005076142
21872 0.010152284
8561 0.005076142
17266 0.005076142
884 0.005076142
15484 0.005076142
21632 0.005076142
3456 0.005076142
897 0.005076142
2435 0.005076142
8836 0.005076142
11141 0.005076142
20360 0.010152284
18064 0.005076142
7057 0.005076142
10897 0.010152284
18836 0.005076142
8342 0.005076142
150 0.005076142
8343 0.02538071
12700 0.005076142
3745 0.010152284
15011 0.005076142
18340 0.005076142
3749 0.005076142
5036 0.005076142
17836 0.005076142
14514 0.015228426
1205 0.005076142
20405 0.02538071
13495 0.005076142
6588 0.005076142
18623 0.005076142
4290 0.005076142
10691 0.020304568
9670 0.005076142
16582 0.010152284
8140 0.005076142
13521 0.005076142
3538 0.005076142
10451 0.04568528
7892 0.005076142
6359 0.005076142
20696 0.005076142
6872 0.005076142
3288 0.005076142
2269 0.005076142
9183 0.005076142
18657 0.010152284
2790 0.005076142
5606 0.005076142
6886 0.005076142
8422 0.005076142
16871 0.005076142
11241 0.005076142
15337 0.005076142
4329 0.010152284
7914 0.005076142
18414 0.010152284
1006 0.010152284
19183 0.005076142
18159 0.005076142
3059 0.005076142
2292 0.020304568
11512 0.05076142
17659 0.02538071
21244 0.005076142
20988 0.005076142
22270 0.005076142
