8194 0.0070921984
14851 0.0035460992
5893 0.017730497
16390 0.0070921984
18442 0.0035460992
14860 0.0035460992
2061 0.0035460992
15629 0.0070921984
8208 0.0035460992
2836 0.0035460992
19736 0.014184397
17435 0.0035460992
4635 0.0070921984
31 0.0035460992
13343 0.010638298
11298 0.0035460992
13090 0.0035460992
9250 0.024822695
2854 0.0035460992
4649 0.0035460992
10025 0.0070921984
13610 0.0035460992
298 0.0070921984
8491 0.0035460992
18476 0.0035460992
13613 0.0070921984
22064 0.0035460992
8497 0.0035460992
10546 0.0035460992
21044 0.0035460992
12087 0.0035460992
14394 0.0035460992
14650 0.017730497
22078 0.0070921984
11327 0.0035460992
18239 0.024822695
5698 0.0035460992
17476 0.0035460992
10821 0.0035460992
2630 0.0035460992
20550 0.0035460992
18758 0.0035460992
8263 0.0035460992
12871 0.0070921984
4169 0.0035460992
9801 0.010638298
18251 0.0035460992
20813 0.0070921984
16717 0.0070921984
14158 0.0070921984
19792 0.0035460992
21841 0.0035460992
337 0.0035460992
21588 0.0035460992
7252 0.0070921984
8021 0.0035460992
14165 0.0035460992
1111 0.0035460992
18263 0.04255319
20571 0.0035460992
20315 0.0035460992
13659 0.010638298
6239 0.0035460992
16481 0.0035460992
17250 0.0035460992
20579 0.0070921984
10852 0.0035460992
20325 0.0035460992
3430 0.0035460992
5990 0.0035460992
5736 0.0035460992
13929 0.0035460992
14442 0.010638298
10094 0.0035460992
10350 0.0070921984
16495 0.0035460992
17522 0.0035460992
884 0.010638298
15484 0.0035460992
19581 0.0035460992
6525 0.0035460992
21632 0.0035460992
3456 0.0035460992
2435 0.0035460992
11141 0.0035460992
8837 0.017730497
9862 0.0070921984
20360 0.0070921984
17294 0.0070921984
5776 0.0035460992
8592 0.0070921984
17553 0.0035460992
10897 0.0070921984
19603 0.0035460992
12180 0.0035460992
10645 0.0035460992
4758 0.0035460992
150 0.0035460992
8343 0.014184397
10651 0.0035460992
11932 0.0035460992
4510 0.0035460992
18591 0.0035460992
928 0.0035460992
3745 0.0070921984
12710 0.010638298
6060 0.0035460992
1966 0.0070921984
21679 0.0035460992
8368 0.014184397
7090 0.0035460992
12468 0.0035460992
1716 0.0070921984
20405 0.021276595
19126 0.0035460992
16571 0.0035460992
3262 0.0035460992
12734 0.010638298
21696 0.0035460992
10691 0.010638298
16582 0.0035460992
9926 0.0035460992
13255 0.0035460992
1224 0.0035460992
16843 0.0035460992
716 0.0035460992
19917 0.0035460992
14798 0.0035460992
13521 0.0035460992
10451 0.017730497
20437 0.0070921984
3288 0.0070921984
20696 0.017730497
4315 0.0035460992
16605 0.010638298
6368 0.021276595
21218 0.0035460992
6116 0.021276595
5349 0.0035460992
20453 0.0035460992
2022 0.0035460992
9704 0.0035460992
5609 0.010638298
14060 0.010638298
1006 0.010638298
12016 0.0035460992
20977 0.0035460992
13301 0.0035460992
14070 0.0035460992
15606 0.0035460992
11512 0.024822695
22268 0.0035460992
10492 0.0070921984
12541 0.0035460992
5885 0.0070921984
8190 0.0035460992
19199 0.0070921984
