21632 0.0056179776
3972 0.0056179776
21508 0.011235955
5893 0.0056179776
11141 0.0056179776
8709 0.011235955
10246 0.016853932
17415 0.0056179776
20360 0.011235955
16396 0.0056179776
15629 0.011235955
17935 0.0056179776
10896 0.0056179776
9489 0.011235955
10897 0.016853932
8343 0.033707865
19736 0.0056179776
8474 0.0056179776
4635 0.0056179776
10780 0.0056179776
4510 0.011235955
3745 0.0056179776
17825 0.0056179776
13857 0.011235955
9250 0.011235955
11298 0.011235955
14757 0.0056179776
550 0.0056179776
1192 0.0056179776
10025 0.0056179776
298 0.0056179776
14891 0.0056179776
13613 0.0056179776
20654 0.0056179776
16430 0.0056179776
7599 0.0056179776
22064 0.0056179776
4658 0.0056179776
20020 0.0056179776
19893 0.016853932
20405 0.028089888
8250 0.0056179776
21178 0.0056179776
14650 0.02247191
11327 0.0056179776
10821 0.0056179776
16582 0.0056179776
2630 0.0056179776
18758 0.0056179776
12871 0.0056179776
3271 0.0056179776
8263 0.0056179776
7752 0.0056179776
15690 0.0056179776
18251 0.0056179776
716 0.0056179776
16717 0.0056179776
12109 0.011235955
14158 0.0056179776
21327 0.0056179776
11728 0.0056179776
13521 0.0056179776
18385 0.0056179776
10451 0.011235955
7252 0.0056179776
16981 0.0056179776
15959 0.0056179776
18263 0.07865169
13659 0.0056179776
16605 0.011235955
6111 0.0056179776
16481 0.0056179776
20579 0.0056179776
10083 0.0056179776
5349 0.0056179776
5990 0.0056179776
8422 0.011235955
20712 0.0056179776
17896 0.0056179776
11500 0.11235955
9710 0.0056179776
15984 0.0056179776
12016 0.0056179776
11635 0.011235955
21492 0.0056179776
9462 0.0056179776
19062 0.0056179776
11512 0.056179777
2041 0.016853932
14204 0.0056179776
8444 0.0056179776
15484 0.050561797
19581 0.011235955
6654 0.0056179776
