5892 0.004716981
5893 0.004716981
10246 0.004716981
17415 0.004716981
20231 0.009433962
18442 0.009433962
10763 0.004716981
17935 0.004716981
10767 0.014150944
13334 0.004716981
4635 0.009433962
12830 0.004716981
13855 0.004716981
6688 0.004716981
9250 0.004716981
38 0.004716981
8743 0.018867925
8493 0.004716981
13613 0.009433962
22067 0.004716981
20020 0.009433962
21813 0.004716981
19765 0.004716981
14650 0.009433962
13884 0.004716981
11327 0.004716981
5698 0.004716981
1858 0.009433962
10821 0.023584906
2630 0.004716981
18758 0.004716981
12871 0.004716981
18251 0.023584906
16717 0.004716981
20813 0.004716981
5711 0.004716981
7251 0.004716981
21076 0.004716981
2393 0.028301887
6491 0.004716981
15196 0.014150944
1376 0.004716981
20065 0.004716981
16481 0.009433962
20579 0.004716981
10083 0.014150944
13929 0.004716981
874 0.004716981
6254 0.004716981
8561 0.004716981
13426 0.004716981
11635 0.009433962
884 0.009433962
15221 0.004716981
19581 0.009433962
21632 0.004716981
17793 0.004716981
1922 0.004716981
11141 0.009433962
9862 0.023584906
20360 0.009433962
6032 0.004716981
9361 0.004716981
10897 0.028301887
20883 0.004716981
8342 0.004716981
3745 0.009433962
21667 0.004716981
14757 0.009433962
17318 0.004716981
11431 0.004716981
20648 0.004716981
20405 0.028301887
2231 0.004716981
16824 0.004716981
446 0.004716981
22210 0.004716981
10691 0.009433962
16582 0.004716981
10184 0.004716981
1737 0.004716981
18378 0.023584906
13260 0.061320756
13521 0.004716981
10451 0.028301887
7380 0.004716981
3288 0.014150944
5083 0.004716981
731 0.009433962
9949 0.004716981
7135 0.004716981
4319 0.014150944
6116 0.004716981
5349 0.004716981
18410 0.014150944
1006 0.009433962
18414 0.014150944
13039 0.004716981
12016 0.004716981
11504 0.004716981
8433 0.004716981
241 0.009433962
21752 0.004716981
11512 0.08962264
19199 0.004716981
6143 0.023584906
