7683 0.003937008
4100 0.003937008
21508 0.003937008
5893 0.011811024
16390 0.007874016
10246 0.015748031
15629 0.003937008
19736 0.031496063
17690 0.003937008
4635 0.011811024
18208 0.003937008
6688 0.007874016
38 0.003937008
4903 0.003937008
7209 0.003937008
13097 0.003937008
13613 0.003937008
1837 0.003937008
8237 0.027559055
15662 0.007874016
10546 0.011811024
21044 0.003937008
20020 0.011811024
15415 0.003937008
20538 0.003937008
14650 0.007874016
11327 0.007874016
18239 0.011811024
10817 0.003937008
1858 0.003937008
9538 0.003937008
10821 0.007874016
2630 0.003937008
18758 0.007874016
8263 0.003937008
2119 0.003937008
12871 0.007874016
18251 0.003937008
16717 0.003937008
11598 0.003937008
12112 0.023622047
18263 0.05511811
13659 0.003937008
20571 0.003937008
16481 0.003937008
20579 0.007874016
11108 0.003937008
13925 0.003937008
15209 0.007874016
14442 0.007874016
8561 0.003937008
11635 0.023622047
884 0.003937008
12918 0.003937008
15484 0.007874016
4477 0.003937008
19581 0.01968504
21632 0.003937008
8837 0.003937008
18054 0.003937008
4486 0.003937008
9862 0.007874016
20360 0.007874016
17294 0.003937008
6286 0.003937008
910 0.003937008
8334 0.003937008
11151 0.007874016
9616 0.003937008
8592 0.007874016
19601 0.003937008
10897 0.011811024
18834 0.003937008
20883 0.015748031
8085 0.003937008
7830 0.011811024
8855 0.003937008
8343 0.007874016
153 0.003937008
21401 0.003937008
2204 0.003937008
8097 0.003937008
3745 0.011811024
15011 0.003937008
18340 0.003937008
12205 0.007874016
12464 0.007874016
2226 0.003937008
14514 0.003937008
17587 0.003937008
8371 0.003937008
20405 0.01968504
2231 0.003937008
20407 0.007874016
6584 0.003937008
8890 0.003937008
6336 0.003937008
192 0.003937008
3522 0.003937008
9412 0.003937008
16582 0.007874016
13255 0.003937008
18378 0.003937008
715 0.003937008
716 0.003937008
19917 0.003937008
12495 0.003937008
13521 0.003937008
10451 0.015748031
213 0.003937008
18134 0.007874016
20696 0.03937008
731 0.003937008
13532 0.003937008
18401 0.003937008
2531 0.003937008
5349 0.003937008
20453 0.003937008
5861 0.007874016
8422 0.011811024
20712 0.003937008
18410 0.003937008
14314 0.011811024
17388 0.003937008
1006 0.023622047
8175 0.003937008
17904 0.007874016
8433 0.003937008
15606 0.003937008
5623 0.011811024
11512 0.015748031
22009 0.007874016
17404 0.003937008
7421 0.003937008
19199 0.011811024
