5893 0.003649635
10246 0.003649635
2312 0.003649635
15625 0.003649635
5900 0.003649635
2061 0.003649635
19216 0.003649635
17427 0.003649635
5396 0.1569343
13334 0.003649635
22294 0.00729927
19736 0.025547445
6688 0.00729927
14370 0.003649635
9250 0.010948905
14884 0.003649635
22064 0.003649635
11825 0.003649635
5170 0.003649635
14132 0.003649635
311 0.00729927
14650 0.010948905
20030 0.00729927
18239 0.003649635
11327 0.00729927
8000 0.003649635
15424 0.003649635
1858 0.003649635
18501 0.00729927
2630 0.003649635
18758 0.003649635
2119 0.003649635
12871 0.00729927
8263 0.01459854
18251 0.032846715
9810 0.003649635
7251 0.00729927
21076 0.003649635
19542 0.00729927
16471 0.003649635
18263 0.003649635
20571 0.003649635
2139 0.003649635
3419 0.025547445
6239 0.003649635
16481 0.003649635
2662 0.00729927
3430 0.00729927
13160 0.010948905
10094 0.003649635
21872 0.003649635
13426 0.003649635
11635 0.003649635
13433 0.003649635
8573 0.003649635
19581 0.02919708
21632 0.003649635
3456 0.003649635
18305 0.003649635
16003 0.025547445
11141 0.003649635
9862 0.00729927
8583 0.003649635
3210 0.003649635
6286 0.003649635
18064 0.003649635
10897 0.025547445
8343 0.003649635
21401 0.003649635
14490 0.003649635
10651 0.003649635
2973 0.003649635
927 0.003649635
3745 0.003649635
13485 0.003649635
19886 0.00729927
12208 0.003649635
20149 0.00729927
20405 0.01459854
4286 0.003649635
15550 0.003649635
4801 0.003649635
10691 0.003649635
16582 0.003649635
2758 0.025547445
16841 0.003649635
11467 0.003649635
13521 0.003649635
10451 0.010948905
11992 0.003649635
20696 0.00729927
4314 0.003649635
13275 0.003649635
731 0.003649635
14300 0.00729927
4319 0.025547445
5859 0.003649635
6116 0.00729927
20453 0.003649635
5349 0.003649635
6886 0.01459854
4841 0.003649635
7914 0.010948905
18413 0.003649635
18414 0.003649635
1006 0.040145986
11504 0.00729927
12016 0.010948905
20723 0.003649635
17653 0.003649635
18677 0.003649635
14070 0.003649635
11512 0.047445256
3323 0.003649635
6143 0.00729927
3839 0.01459854
