21632 0.007194245
7681 0.007194245
8193 0.007194245
5893 0.07194245
9862 0.021582734
10246 0.035971224
15625 0.007194245
9226 0.007194245
19594 0.02877698
6032 0.007194245
17553 0.01438849
10897 0.021582734
20883 0.007194245
13844 0.007194245
19736 0.007194245
21401 0.007194245
8090 0.05755396
4635 0.01438849
8860 0.007194245
8735 0.007194245
20127 0.007194245
3745 0.01438849
9250 0.01438849
18340 0.007194245
21541 0.007194245
4903 0.007194245
18858 0.007194245
1072 0.007194245
15024 0.007194245
19249 0.007194245
6834 0.007194245
20020 0.007194245
20405 0.02877698
2231 0.007194245
11447 0.007194245
14650 0.007194245
13756 0.01438849
22205 0.007194245
11327 0.007194245
12613 0.007194245
18501 0.007194245
16582 0.007194245
2630 0.007194245
2758 0.007194245
12871 0.007194245
6215 0.007194245
8263 0.007194245
18251 0.007194245
715 0.007194245
16587 0.007194245
16717 0.007194245
13521 0.007194245
6738 0.007194245
10451 0.007194245
7251 0.021582734
7124 0.007194245
20821 0.007194245
16471 0.007194245
18263 0.02877698
20696 0.007194245
6239 0.007194245
16481 0.007194245
21345 0.007194245
20579 0.01438849
6116 0.02877698
1125 0.007194245
8422 0.01438849
3943 0.007194245
13929 0.007194245
4202 0.007194245
14442 0.01438849
8811 0.007194245
1006 0.01438849
12016 0.007194245
1008 0.007194245
11635 0.007194245
884 0.021582734
6646 0.007194245
5368 0.007194245
11512 0.05755396
19581 0.01438849
21118 0.007194245
