21632 0.006134969
11650 0.006134969
8194 0.012269938
8709 0.006134969
5893 0.006134969
10246 0.006134969
9862 0.006134969
13448 0.006134969
20107 0.006134969
8843 0.006134969
8078 0.006134969
11151 0.006134969
10767 0.006134969
8592 0.006134969
17553 0.006134969
10897 0.012269938
8855 0.006134969
8343 0.006134969
19736 0.036809817
4635 0.024539877
13855 0.006134969
3745 0.006134969
8097 0.09815951
2602 0.036809817
13613 0.006134969
19886 0.012269938
8497 0.006134969
8243 0.006134969
12468 0.006134969
20405 0.024539877
17846 0.006134969
12215 0.006134969
311 0.006134969
14650 0.012269938
14011 0.006134969
4286 0.006134969
319 0.006134969
11327 0.006134969
19010 0.006134969
7747 0.006134969
21317 0.006134969
10821 0.012269938
16582 0.006134969
2630 0.006134969
18758 0.018404908
12871 0.006134969
8263 0.006134969
4170 0.006134969
20554 0.006134969
16203 0.006134969
18251 0.024539877
13521 0.006134969
10451 0.042944785
21588 0.006134969
16599 0.006134969
20696 0.030674847
21721 0.006134969
20571 0.006134969
6875 0.006134969
5340 0.006134969
5212 0.006134969
6239 0.006134969
22111 0.012269938
4319 0.018404908
13919 0.018404908
16481 0.006134969
609 0.006134969
21345 0.006134969
11235 0.006134969
6116 0.006134969
5861 0.006134969
20198 0.006134969
6886 0.006134969
5735 0.012269938
20712 0.006134969
20203 0.012269938
1006 0.006134969
12016 0.006134969
11504 0.006134969
1779 0.006134969
20723 0.012269938
11635 0.012269938
884 0.006134969
8820 0.006134969
1524 0.012269938
11512 0.061349694
1659 0.006134969
6525 0.006134969
19581 0.030674847
