5892 0.0028089888
8709 0.0028089888
5893 0.019662922
16390 0.0056179776
17415 0.0028089888
8468 0.0028089888
13844 0.0028089888
22294 0.0028089888
19736 0.019662922
4635 0.008426966
14365 0.0028089888
13855 0.0028089888
11298 0.0028089888
22050 0.0056179776
20516 0.0028089888
21541 0.0056179776
6952 0.06741573
4652 0.0028089888
13613 0.0028089888
22064 0.0028089888
14903 0.0028089888
14650 0.0028089888
5434 0.0028089888
16190 0.0028089888
11327 0.0028089888
18239 0.0056179776
10821 0.0028089888
18758 0.0028089888
4934 0.0056179776
12871 0.0056179776
8263 0.008426966
2119 0.011235955
8524 0.0028089888
20813 0.0028089888
10321 0.0028089888
21588 0.0028089888
8021 0.0028089888
16981 0.0028089888
18263 0.0056179776
17751 0.0056179776
19546 0.0028089888
13659 0.0028089888
20571 0.0028089888
6239 0.0056179776
13919 0.0056179776
16481 0.0056179776
21345 0.0056179776
7265 0.08146068
10083 0.0028089888
2662 0.0056179776
1640 0.06460674
8554 0.0028089888
8811 0.0028089888
16495 0.0056179776
21872 0.0028089888
11121 0.0028089888
11635 0.008426966
884 0.0056179776
19062 0.0028089888
12918 0.0028089888
12664 0.0028089888
632 0.0028089888
15484 0.0028089888
15229 0.0028089888
19581 0.011235955
2690 0.0028089888
16003 0.014044944
18566 0.0028089888
9862 0.011235955
13709 0.0028089888
3982 0.0028089888
8847 0.0056179776
14992 0.0028089888
17553 0.0056179776
7315 0.0028089888
18836 0.0028089888
11925 0.008426966
8342 0.0028089888
150 0.0028089888
20886 0.028089888
8343 0.0056179776
8090 0.0028089888
10651 0.008426966
2204 0.0028089888
11932 0.0056179776
1181 0.0028089888
5533 0.0028089888
4509 0.0028089888
15776 0.0028089888
3745 0.0028089888
3489 0.0028089888
1697 0.0056179776
2466 0.0028089888
8355 0.0028089888
12710 0.0028089888
1706 0.0028089888
2731 0.008426966
3756 0.0028089888
13485 0.0056179776
19886 0.0056179776
8368 0.014044944
9393 0.0056179776
14514 0.0028089888
8371 0.008426966
17076 0.0028089888
20405 0.011235955
19126 0.014044944
19385 0.0028089888
450 0.0028089888
10691 0.0028089888
2758 0.0028089888
16582 0.0056179776
1224 0.0028089888
1993 0.0028089888
3530 0.014044944
19917 0.0028089888
17614 0.0028089888
20942 0.0028089888
12495 0.0028089888
10451 0.033707865
11220 0.0028089888
3288 0.0028089888
20696 0.028089888
1754 0.0028089888
15578 0.0028089888
4314 0.0056179776
14300 0.0028089888
2269 0.0028089888
6368 0.0056179776
8163 0.0056179776
14057 0.0028089888
7914 0.0028089888
17642 0.0028089888
1262 0.0028089888
15854 0.0028089888
1006 0.016853932
18159 0.016853932
12016 0.0028089888
3058 0.008426966
20723 0.0028089888
2292 0.0028089888
6392 0.0056179776
11512 0.039325844
2041 0.0028089888
22009 0.0028089888
22270 0.0028089888
3839 0.0028089888
