11776 0.0031152647
15362 0.0031152647
8194 0.0031152647
4100 0.0062305294
5893 0.0062305294
8709 0.0062305294
10246 0.0062305294
17415 0.0031152647
13577 0.0062305294
7179 0.0031152647
16396 0.0031152647
15629 0.028037382
18452 0.0031152647
1812 0.0031152647
22294 0.0062305294
19736 0.0031152647
19737 0.0031152647
10012 0.0031152647
15900 0.015576324
6688 0.0062305294
9250 0.0031152647
22050 0.024922118
3619 0.0031152647
16168 0.0031152647
1837 0.0031152647
13613 0.009345794
15662 0.0031152647
19249 0.0031152647
14129 0.0031152647
10546 0.0031152647
3123 0.0031152647
20020 0.009345794
14650 0.0062305294
1851 0.0031152647
8508 0.0031152647
8254 0.0031152647
18239 0.015576324
9538 0.0031152647
2630 0.0031152647
4934 0.0031152647
18758 0.0062305294
12871 0.0031152647
8263 0.0031152647
2119 0.009345794
18251 0.0031152647
16717 0.0062305294
20813 0.009345794
8274 0.0031152647
8530 0.0031152647
7252 0.0031152647
18263 0.06853583
14682 0.0031152647
13659 0.0031152647
20571 0.0062305294
13919 0.009345794
16481 0.0031152647
11617 0.0031152647
21345 0.009345794
8802 0.0031152647
11363 0.0031152647
20579 0.009345794
2662 0.0031152647
3430 0.0062305294
5990 0.009345794
3943 0.0031152647
109 0.0031152647
7022 0.0031152647
10094 0.0031152647
13426 0.009345794
11635 0.009345794
884 0.0031152647
8309 0.0031152647
10101 0.0031152647
19062 0.0031152647
12664 0.0031152647
15484 0.009345794
11644 0.009345794
4477 0.0031152647
19581 0.015576324
21632 0.0031152647
14976 0.0031152647
13185 0.0031152647
2690 0.0062305294
9862 0.0062305294
9095 0.0031152647
17549 0.0031152647
3982 0.0031152647
20624 0.0031152647
18064 0.0031152647
10897 0.012461059
8343 0.015576324
11932 0.009345794
18589 0.0031152647
5789 0.0031152647
2973 0.0031152647
13983 0.012461059
3745 0.0062305294
3489 0.009345794
15011 0.0031152647
12710 0.0031152647
18858 0.0031152647
19886 0.0062305294
8111 0.024922118
14514 0.0031152647
8371 0.0031152647
9139 0.0031152647
20405 0.028037382
19385 0.0031152647
6588 0.0031152647
6336 0.0031152647
1217 0.0031152647
10691 0.0031152647
16582 0.0031152647
3271 0.0031152647
2506 0.0062305294
8140 0.0031152647
19917 0.0031152647
2509 0.0062305294
14798 0.0062305294
12495 0.0031152647
13521 0.0031152647
10451 0.028037382
20696 0.009345794
21465 0.009345794
16605 0.0062305294
2785 0.0031152647
2531 0.012461059
13028 0.0031152647
6116 0.0031152647
5861 0.0031152647
20453 0.009345794
8422 0.009345794
12262 0.009345794
6886 0.012461059
6120 0.0031152647
20203 0.0031152647
14060 0.021806853
1261 0.0062305294
1006 0.021806853
12016 0.0031152647
20723 0.0031152647
11512 0.0529595
2041 0.0031152647
22270 0.0062305294
21503 0.0031152647
5631 0.0031152647
