7680 0.006289308
2048 0.006289308
5892 0.006289308
10246 0.018867925
16396 0.006289308
5645 0.006289308
15376 0.006289308
13334 0.006289308
22294 0.012578616
19736 0.012578616
8735 0.006289308
12321 0.006289308
6946 0.012578616
20516 0.006289308
21541 0.006289308
13610 0.006289308
13613 0.006289308
1072 0.03773585
14129 0.006289308
10546 0.012578616
9012 0.006289308
4665 0.006289308
14650 0.006289308
11327 0.012578616
16707 0.006289308
21317 0.006289308
2630 0.006289308
12871 0.006289308
8263 0.006289308
18251 0.03773585
16717 0.006289308
3917 0.006289308
11598 0.006289308
1872 0.006289308
3922 0.006289308
7252 0.006289308
13659 0.006289308
6239 0.006289308
2144 0.006289308
16481 0.006289308
17252 0.006289308
2662 0.006289308
9318 0.012578616
5735 0.006289308
15209 0.006289308
6509 0.006289308
884 0.012578616
15484 0.006289308
19581 0.006289308
8573 0.012578616
21632 0.006289308
17025 0.006289308
17287 0.012578616
7567 0.006289308
10897 0.018867925
9362 0.006289308
8343 0.031446543
5272 0.006289308
13722 0.006289308
8090 0.018867925
11932 0.006289308
4253 0.006289308
18848 0.006289308
3745 0.006289308
15011 0.006289308
18599 0.012578616
5801 0.006289308
9387 0.006289308
9394 0.006289308
20405 0.006289308
11450 0.006289308
11195 0.012578616
22205 0.006289308
10691 0.006289308
16582 0.006289308
13255 0.006289308
462 0.006289308
11215 0.006289308
13521 0.006289308
14801 0.006289308
10451 0.025157232
7124 0.006289308
4567 0.006289308
20696 0.006289308
18905 0.025157232
5850 0.006289308
7645 0.006289308
2269 0.006289308
4063 0.006289308
4319 0.012578616
6115 0.006289308
20453 0.006289308
5861 0.012578616
2790 0.018867925
19434 0.006289308
19435 0.006289308
1261 0.006289308
9965 0.006289308
9710 0.006289308
1262 0.012578616
1006 0.018867925
19695 0.006289308
12016 0.006289308
8433 0.006289308
14584 0.006289308
11512 0.025157232
15608 0.025157232
15354 0.006289308
22268 0.006289308
