21632 0.009803922
7683 0.009803922
11141 0.009803922
10246 0.019607844
17415 0.019607844
3210 0.019607844
16396 0.009803922
6032 0.009803922
17553 0.009803922
10897 0.019607844
17298 0.009803922
13844 0.009803922
278 0.009803922
8343 0.009803922
19736 0.019607844
4510 0.009803922
20127 0.009803922
6688 0.009803922
3745 0.009803922
9250 0.009803922
20516 0.009803922
298 0.019607844
19886 0.009803922
8368 0.04901961
14129 0.04901961
9139 0.009803922
3893 0.009803922
20405 0.019607844
2231 0.009803922
14650 0.009803922
12734 0.009803922
18239 0.009803922
11327 0.009803922
12994 0.009803922
16582 0.009803922
2630 0.009803922
20550 0.019607844
12871 0.009803922
6215 0.009803922
20167 0.019607844
18251 0.009803922
17867 0.009803922
8140 0.009803922
844 0.009803922
6477 0.009803922
10831 0.009803922
13521 0.009803922
9813 0.019607844
18263 0.039215688
11864 0.009803922
20571 0.009803922
9310 0.009803922
9183 0.009803922
7647 0.009803922
16481 0.009803922
21345 0.009803922
5219 0.009803922
10083 0.009803922
2531 0.009803922
20196 0.009803922
5349 0.009803922
3430 0.009803922
20327 0.009803922
1006 0.029411765
3058 0.009803922
12020 0.009803922
11512 0.05882353
125 0.039215688
22270 0.009803922
6143 0.019607844
