8194 0.004385965
8709 0.004385965
5893 0.02631579
16390 0.004385965
17415 0.00877193
2061 0.004385965
278 0.004385965
17431 0.004385965
19736 0.013157895
8732 0.004385965
15902 0.004385965
13343 0.004385965
9250 0.00877193
38 0.013157895
10284 0.004385965
19249 0.004385965
10546 0.00877193
14650 0.004385965
59 0.00877193
17212 0.004385965
20030 0.004385965
18239 0.004385965
1858 0.004385965
2630 0.004385965
4934 0.013157895
12871 0.004385965
2119 0.004385965
18251 0.02631579
11598 0.004385965
5455 0.004385965
18000 0.004385965
7251 0.004385965
2901 0.004385965
19286 0.004385965
15446 0.004385965
14682 0.004385965
13659 0.004385965
9565 0.004385965
14173 0.004385965
6239 0.004385965
16481 0.01754386
4963 0.004385965
20579 0.004385965
3430 0.00877193
17513 0.004385965
4714 0.004385965
874 0.004385965
18541 0.00877193
13426 0.004385965
11635 0.04385965
884 0.01754386
19062 0.004385965
14968 0.004385965
16760 0.004385965
4476 0.004385965
15484 0.004385965
8573 0.004385965
19581 0.013157895
14462 0.004385965
21632 0.004385965
16003 0.004385965
9862 0.04385965
8333 0.004385965
3982 0.00877193
17553 0.004385965
10897 0.03508772
20883 0.004385965
8855 0.013157895
22169 0.004385965
10649 0.00877193
14490 0.004385965
3745 0.00877193
8870 0.004385965
19886 0.004385965
8111 0.00877193
8371 0.021929825
6325 0.004385965
20405 0.039473683
21698 0.004385965
3522 0.004385965
10691 0.00877193
3268 0.004385965
16582 0.004385965
7110 0.004385965
2758 0.01754386
5834 0.00877193
6091 0.004385965
13521 0.004385965
10451 0.00877193
14806 0.013157895
20696 0.013157895
21465 0.004385965
1754 0.004385965
15323 0.004385965
989 0.004385965
4319 0.021929825
2016 0.004385965
7906 0.00877193
8163 0.004385965
20453 0.013157895
8422 0.004385965
6886 0.00877193
2791 0.004385965
10728 0.004385965
20203 0.004385965
12011 0.004385965
14060 0.00877193
1006 0.01754386
19183 0.004385965
11504 0.004385965
16625 0.004385965
1524 0.004385965
15606 0.004385965
11512 0.05263158
6650 0.004385965
3323 0.004385965
253 0.004385965
12286 0.004385965
1279 0.004385965
6143 0.013157895
