21632 0.0057142857
898 0.0057142857
8836 0.0057142857
5893 0.034285713
9862 0.017142856
3464 0.0057142857
3982 0.0057142857
6286 0.0057142857
10896 0.0057142857
10897 0.017142856
13844 0.0057142857
8343 0.034285713
19736 0.04
14489 0.0057142857
11932 0.0057142857
6688 0.0057142857
3745 0.0057142857
18599 0.0057142857
13610 0.0057142857
7082 0.0057142857
298 0.0057142857
20780 0.0057142857
13613 0.0057142857
1837 0.011428571
22064 0.0057142857
14514 0.011428571
20020 0.017142856
16564 0.04
20405 0.028571429
11962 0.0057142857
11327 0.011428571
16064 0.0057142857
1473 0.0057142857
5825 0.011428571
14533 0.0057142857
10821 0.0057142857
18501 0.0057142857
5957 0.011428571
16582 0.0057142857
2630 0.0057142857
18758 0.0057142857
2758 0.017142856
12871 0.0057142857
8263 0.011428571
5705 0.0057142857
12746 0.0057142857
18251 0.022857143
13521 0.0057142857
10451 0.04
18263 0.0057142857
20696 0.0057142857
16984 0.017142856
18394 0.0057142857
7130 0.0057142857
1114 0.0057142857
14300 0.0057142857
15196 0.011428571
6239 0.011428571
4319 0.017142856
6368 0.0057142857
16481 0.0057142857
10466 0.0057142857
3427 0.0057142857
20579 0.0057142857
5349 0.011428571
20453 0.028571429
7143 0.0057142857
16871 0.0057142857
20712 0.011428571
18410 0.0057142857
3306 0.017142856
14060 0.017142856
16621 0.0057142857
6509 0.011428571
17262 0.0057142857
12398 0.011428571
1006 0.022857143
17392 0.0057142857
2674 0.0057142857
12531 0.0057142857
20723 0.011428571
884 0.028571429
21621 0.0057142857
21493 0.0057142857
5237 0.0057142857
15223 0.0057142857
15608 0.011428571
11512 0.034285713
2041 0.0057142857
17659 0.0057142857
15484 0.011428571
19581 0.011428571
