8194 0.0031746032
770 0.0031746032
5893 0.01904762
4870 0.0031746032
16390 0.0031746032
10246 0.01904762
16394 0.0031746032
9227 0.012698413
5900 0.0031746032
16396 0.0031746032
13584 0.0031746032
15376 0.05079365
15121 0.015873017
21779 0.0031746032
2836 0.0031746032
13844 0.0031746032
19736 0.0063492064
4635 0.00952381
5149 0.0031746032
16926 0.0063492064
10783 0.0031746032
18209 0.0031746032
16161 0.00952381
22050 0.0031746032
13090 0.0063492064
11298 0.00952381
9250 0.012698413
21541 0.0031746032
4903 0.0031746032
13097 0.0031746032
1324 0.0063492064
11571 0.0031746032
20020 0.00952381
21558 0.0031746032
311 0.00952381
20538 0.0031746032
14650 0.0031746032
8254 0.0031746032
15422 0.0031746032
11073 0.0031746032
8260 0.0031746032
14406 0.0031746032
2630 0.0031746032
4934 0.0031746032
12871 0.0031746032
18251 0.022222223
16717 0.0031746032
8013 0.0031746032
11598 0.0031746032
7246 0.0063492064
2897 0.0031746032
3922 0.0031746032
20052 0.0031746032
20821 0.0031746032
11350 0.00952381
13659 0.0031746032
20571 0.0031746032
9310 0.0031746032
16481 0.0031746032
2662 0.0031746032
5990 0.0031746032
3430 0.012698413
10344 0.0031746032
12141 0.0031746032
7022 0.0031746032
17262 0.0031746032
21872 0.0031746032
11890 0.0031746032
4980 0.0031746032
884 0.0063492064
11381 0.0031746032
12664 0.0031746032
19581 0.01904762
21632 0.0031746032
11141 0.0031746032
17294 0.0031746032
6286 0.0031746032
11151 0.0031746032
8592 0.0031746032
6032 0.00952381
10897 0.0063492064
17553 0.0063492064
9619 0.0031746032
8085 0.0031746032
15509 0.0031746032
16789 0.0063492064
8343 0.0031746032
408 0.0031746032
21401 0.0063492064
10651 0.025396826
2204 0.0031746032
13983 0.0031746032
20127 0.0031746032
16543 0.0063492064
3745 0.0063492064
14757 0.0031746032
4007 0.0063492064
168 0.0031746032
15528 0.00952381
9130 0.0031746032
944 0.0031746032
14514 0.00952381
8371 0.0063492064
2995 0.00952381
6836 0.0031746032
20405 0.031746034
2231 0.0031746032
956 0.0031746032
6588 0.0031746032
5056 0.0031746032
9666 0.0031746032
21698 0.0063492064
5059 0.0031746032
10691 0.0063492064
14788 0.0063492064
16582 0.0031746032
1224 0.0031746032
1482 0.0031746032
716 0.0031746032
3790 0.0031746032
16079 0.025396826
1488 0.0063492064
13521 0.0031746032
10451 0.025396826
5077 0.0031746032
9685 0.0031746032
20437 0.0031746032
13015 0.0031746032
20696 0.012698413
7897 0.0031746032
14300 0.0063492064
9183 0.0031746032
4319 0.012698413
20959 0.01904762
6368 0.0031746032
8163 0.0031746032
5859 0.0063492064
6116 0.00952381
5349 0.0031746032
5861 0.0063492064
6886 0.0031746032
16871 0.0031746032
20968 0.0031746032
4329 0.0031746032
14314 0.0031746032
19178 0.0031746032
18413 0.0031746032
12271 0.0031746032
8433 0.0031746032
20723 0.012698413
17653 0.0031746032
14838 0.028571429
1527 0.0031746032
7160 0.0031746032
11512 0.041269843
20217 0.0031746032
3323 0.0063492064
5631 0.0031746032
