19712 0.0031545742
7680 0.0031545742
8194 0.0031545742
5122 0.025236594
9988 0.0031545742
5893 0.018927446
17415 0.0031545742
16393 0.0031545742
16396 0.0031545742
10767 0.0063091484
3859 0.0031545742
13844 0.012618297
10005 0.0031545742
19736 0.012618297
4635 0.009463723
15900 0.0031545742
14365 0.0031545742
6688 0.0031545742
13345 0.009463723
9250 0.012618297
20516 0.0031545742
21541 0.012618297
14374 0.0031545742
6952 0.0031545742
2601 0.0031545742
13610 0.0031545742
298 0.0031545742
1324 0.0031545742
19250 0.0031545742
10546 0.018927446
15160 0.0031545742
4665 0.0031545742
14650 0.025236594
18239 0.0063091484
11327 0.012618297
10821 0.0031545742
2630 0.0031545742
18758 0.0031545742
12871 0.0031545742
8263 0.0063091484
18251 0.025236594
16717 0.0063091484
3922 0.009463723
8019 0.0031545742
18263 0.0031545742
19548 0.0031545742
13919 0.012618297
16481 0.0031545742
3430 0.0063091484
2662 0.009463723
13160 0.0031545742
8297 0.0031545742
4714 0.0031545742
22123 0.0031545742
884 0.009463723
19062 0.0031545742
12664 0.0063091484
7292 0.0031545742
19581 0.01577287
21632 0.0031545742
13184 0.0031545742
3456 0.0031545742
2690 0.0031545742
9862 0.0031545742
6286 0.0031545742
16015 0.0031545742
18064 0.0031545742
6032 0.0063091484
17553 0.0031545742
10897 0.01577287
20883 0.0031545742
20627 0.02208202
8852 0.0031545742
8343 0.018927446
21401 0.0031545742
13210 0.0031545742
3745 0.009463723
3749 0.0031545742
9637 0.0031545742
7847 0.0031545742
18599 0.0063091484
13480 0.0031545742
15528 0.0031545742
7082 0.018927446
12205 0.0031545742
17582 0.0031545742
19886 0.0031545742
14514 0.0031545742
8371 0.0031545742
14515 0.03154574
6836 0.0031545742
20405 0.028391168
16058 0.09148265
21696 0.0031545742
5569 0.0031545742
16582 0.0031545742
2758 0.0063091484
6091 0.0031545742
16587 0.01577287
716 0.0031545742
8140 0.0031545742
2509 0.0031545742
1488 0.012618297
13521 0.0031545742
10451 0.012618297
11734 0.0031545742
20696 0.0063091484
21465 0.0031545742
4825 0.0031545742
11482 0.012618297
13532 0.009463723
16605 0.0031545742
4319 0.018927446
1249 0.0031545742
8163 0.0031545742
5349 0.0063091484
10727 0.0031545742
16871 0.0031545742
20712 0.0063091484
3306 0.0031545742
1006 0.0031545742
15854 0.0063091484
8175 0.0031545742
12016 0.0031545742
241 0.0031545742
21492 0.0031545742
13044 0.0031545742
2292 0.012618297
2550 0.0031545742
7160 0.0031545742
11512 0.028391168
2041 0.012618297
15610 0.0031545742
14587 0.009463723
6143 0.0063091484
13567 0.0063091484
