21632 0.00625
8193 0.00625
13186 0.00625
20226 0.00625
5892 0.00625
5893 0.00625
16390 0.00625
20870 0.00625
10246 0.01875
9862 0.025
17415 0.0125
9226 0.00625
14090 0.00625
10763 0.025
5900 0.0125
10897 0.0125
9361 0.0125
19736 0.03125
14745 0.00625
13210 0.00625
11932 0.00625
3745 0.00625
21666 0.00625
9250 0.00625
11298 0.0125
14883 0.05
4903 0.00625
18217 0.00625
13613 0.01875
8243 0.00625
8371 0.00625
20405 0.0375
7223 0.01875
14394 0.00625
14650 0.00625
3262 0.00625
5567 0.00625
8000 0.00625
16064 0.00625
5825 0.00625
15809 0.00625
10691 0.00625
3268 0.00625
17476 0.01875
9157 0.00625
16582 0.00625
2630 0.00625
2758 0.00625
4934 0.01875
12871 0.00625
8263 0.01875
18251 0.00625
715 0.00625
7246 0.00625
20176 0.00625
13521 0.00625
10451 0.0125
14806 0.00625
983 0.00625
18263 0.0125
4569 0.00625
7897 0.00625
21210 0.00625
13659 0.00625
9565 0.00625
18397 0.00625
4319 0.00625
20959 0.0125
16481 0.00625
17249 0.00625
21345 0.0125
13538 0.00625
4834 0.0125
20579 0.00625
20453 0.0125
5349 0.0125
3430 0.0125
20841 0.00625
14060 0.00625
14061 0.00625
17262 0.00625
1006 0.00625
4335 0.01875
11635 0.00625
884 0.00625
12020 0.00625
19062 0.00625
11512 0.10625
2041 0.0125
15484 0.00625
12286 0.00625
6143 0.01875
