7680 0.0057471264
8194 0.022988506
5893 0.0057471264
16390 0.0057471264
10246 0.0057471264
17415 0.0057471264
14 0.0057471264
10767 0.0057471264
19216 0.0057471264
4635 0.0057471264
13855 0.0057471264
38 0.0057471264
4903 0.0057471264
21291 0.0057471264
21804 0.0057471264
13613 0.0057471264
14381 0.011494253
1072 0.022988506
10546 0.0057471264
8243 0.0057471264
4665 0.0057471264
8254 0.0057471264
6206 0.0057471264
10821 0.01724138
4934 0.0057471264
2630 0.0057471264
18246 0.0057471264
12871 0.0057471264
6215 0.011494253
8263 0.028735632
18251 0.0057471264
16717 0.0057471264
7251 0.0057471264
9557 0.0057471264
18263 0.028735632
13659 0.0057471264
16481 0.0057471264
21345 0.0057471264
20579 0.011494253
3430 0.0057471264
16495 0.0057471264
15472 0.0057471264
6002 0.011494253
884 0.011494253
1399 0.0057471264
9595 0.0057471264
11131 0.0057471264
8573 0.011494253
19581 0.028735632
21632 0.0057471264
2435 0.0057471264
8837 0.022988506
9862 0.0057471264
16520 0.0057471264
10897 0.022988506
20886 0.0057471264
8343 0.0057471264
20891 0.0057471264
11932 0.0057471264
19356 0.0057471264
16028 0.0057471264
3745 0.011494253
930 0.0057471264
21925 0.0057471264
19886 0.0057471264
8371 0.0057471264
6836 0.0057471264
20405 0.01724138
6588 0.011494253
8640 0.0057471264
6336 0.0057471264
1217 0.0057471264
18369 0.0057471264
10691 0.0057471264
3268 0.022988506
16582 0.0057471264
715 0.011494253
13521 0.0057471264
10451 0.028735632
7124 0.028735632
20437 0.011494253
18134 0.011494253
21976 0.0057471264
20696 0.011494253
11739 0.0057471264
2269 0.0057471264
16605 0.0057471264
8163 0.0057471264
2531 0.011494253
11236 0.0057471264
6888 0.0057471264
19177 0.0057471264
18410 0.0057471264
2284 0.0057471264
1006 0.0057471264
496 0.0057471264
12016 0.0057471264
16625 0.0057471264
8433 0.011494253
20723 0.0057471264
15608 0.0057471264
11512 0.07471264
20217 0.0057471264
2041 0.0057471264
10492 0.0057471264
22270 0.0057471264
6143 0.01724138
