12290 0.0038022813
3842 0.0038022813
8194 0.0076045627
3331 0.0038022813
16131 0.0076045627
8709 0.0038022813
5893 0.0114068445
10246 0.0038022813
15625 0.0038022813
16396 0.0076045627
15629 0.0038022813
10767 0.019011406
8208 0.0038022813
4115 0.0038022813
18452 0.0038022813
19736 0.0114068445
12059 0.0038022813
4635 0.015209125
6688 0.0038022813
9250 0.0114068445
16676 0.0038022813
4903 0.0076045627
298 0.0076045627
1837 0.0038022813
13613 0.0114068445
18222 0.0038022813
10546 0.0038022813
7474 0.0076045627
4915 0.0038022813
20020 0.0038022813
20792 0.0038022813
14650 0.0114068445
12348 0.0038022813
22077 0.0038022813
11327 0.0038022813
18239 0.0076045627
10821 0.0076045627
4934 0.0038022813
2630 0.0038022813
12871 0.0076045627
18251 0.0038022813
12365 0.0038022813
16717 0.0114068445
6477 0.03041825
14158 0.0038022813
22097 0.0038022813
7251 0.0076045627
2901 0.0038022813
16983 0.0038022813
18263 0.04942966
13659 0.0038022813
9310 0.0038022813
15966 0.0038022813
13919 0.0038022813
22111 0.0038022813
6239 0.0076045627
14432 0.0038022813
16736 0.0076045627
21345 0.0038022813
16481 0.0114068445
15971 0.0038022813
20579 0.0038022813
3430 0.0076045627
15209 0.0114068445
8814 0.0038022813
15472 0.0038022813
18544 0.0076045627
11121 0.0038022813
21110 0.0076045627
15223 0.0038022813
15484 0.0038022813
11644 0.0038022813
8573 0.0038022813
18045 0.0038022813
19581 0.0114068445
5246 0.0038022813
21632 0.0038022813
18566 0.0076045627
9862 0.015209125
4743 0.0076045627
3467 0.0038022813
10896 0.0038022813
17553 0.0076045627
10897 0.0114068445
9362 0.0038022813
16531 0.0038022813
8342 0.0076045627
11672 0.0038022813
1948 0.0076045627
4253 0.0038022813
13983 0.0076045627
3745 0.0076045627
4517 0.0038022813
3240 0.0038022813
7082 0.0038022813
2731 0.0038022813
12205 0.0038022813
4014 0.0076045627
21679 0.0038022813
4531 0.0038022813
8371 0.0038022813
17332 0.0038022813
20405 0.022813689
12470 0.0038022813
4286 0.0038022813
16064 0.0038022813
16579 0.0038022813
7110 0.0076045627
16582 0.015209125
1224 0.0038022813
12745 0.0038022813
5834 0.0076045627
8140 0.022813689
11726 0.0038022813
13521 0.0038022813
10451 0.03041825
20437 0.0076045627
11734 0.0076045627
20696 0.022813689
22235 0.0038022813
14300 0.0038022813
16605 0.0038022813
6623 0.0038022813
13538 0.0038022813
5859 0.0038022813
2531 0.0038022813
8163 0.0114068445
6116 0.0038022813
5861 0.0038022813
8422 0.0038022813
6886 0.0076045627
16871 0.0038022813
6888 0.0038022813
14061 0.0038022813
18414 0.0038022813
1006 0.0114068445
11504 0.0038022813
16625 0.0038022813
19188 0.0076045627
9973 0.0038022813
17653 0.0038022813
18677 0.0038022813
15606 0.0038022813
1527 0.0038022813
11512 0.045627378
