8194 0.006802721
5892 0.0034013605
8709 0.010204081
5893 0.037414964
5126 0.0034013605
17928 0.0034013605
9227 0.006802721
3339 0.013605442
1295 0.0034013605
10767 0.010204081
8208 0.0034013605
19216 0.0034013605
15121 0.0034013605
2836 0.0034013605
22294 0.013605442
19736 0.027210884
16409 0.0034013605
4635 0.013605442
31 0.0034013605
6688 0.006802721
14883 0.05102041
12325 0.0034013605
9509 0.0034013605
38 0.0034013605
13097 0.0034013605
298 0.006802721
13613 0.013605442
15662 0.0034013605
8243 0.0034013605
20020 0.0034013605
4154 0.0034013605
14650 0.013605442
11327 0.0034013605
1858 0.013605442
10821 0.006802721
2630 0.0034013605
4934 0.006802721
19014 0.006802721
6215 0.0034013605
12871 0.006802721
8263 0.010204081
18251 0.020408163
1871 0.0034013605
7251 0.0034013605
1875 0.0034013605
21076 0.006802721
9813 0.0034013605
18263 0.0034013605
20571 0.006802721
6239 0.0034013605
16481 0.0034013605
21345 0.0034013605
20065 0.006802721
20579 0.006802721
3430 0.006802721
21872 0.013605442
884 0.006802721
4728 0.0034013605
8573 0.0034013605
19581 0.020408163
21632 0.0034013605
16003 0.0034013605
11141 0.0034013605
9862 0.017006803
8583 0.0034013605
10888 0.0034013605
11151 0.0034013605
9360 0.0034013605
6032 0.0034013605
20624 0.0034013605
10897 0.013605442
20883 0.0034013605
21395 0.0034013605
19603 0.010204081
8342 0.0034013605
10651 0.020408163
11932 0.0034013605
16543 0.0034013605
3745 0.0034013605
21667 0.0034013605
12710 0.0034013605
15528 0.0034013605
10409 0.0034013605
6828 0.0034013605
19886 0.006802721
9139 0.0034013605
20149 0.0034013605
20405 0.020408163
5056 0.0034013605
8384 0.0034013605
7106 0.0034013605
3268 0.0034013605
16582 0.0034013605
2758 0.010204081
7110 0.017006803
21703 0.006802721
1993 0.0034013605
1482 0.006802721
5834 0.010204081
19917 0.006802721
22222 0.0034013605
1488 0.0034013605
20176 0.006802721
13521 0.0034013605
18385 0.0034013605
10451 0.017006803
20696 0.023809524
21465 0.04761905
6364 0.0034013605
4573 0.0034013605
4319 0.017006803
19688 0.0034013605
14060 0.006802721
1006 0.0034013605
19183 0.006802721
12016 0.0034013605
19188 0.0034013605
9973 0.0034013605
7669 0.0034013605
4342 0.017006803
7160 0.0034013605
11512 0.04761905
3323 0.030612245
19199 0.0034013605
6143 0.006802721
