512 0.0031746032
3331 0.0031746032
8709 0.0031746032
5893 0.028571429
16390 0.0031746032
519 0.0031746032
20231 0.0031746032
10763 0.012698413
14860 0.0031746032
15629 0.0031746032
20750 0.0031746032
1295 0.0031746032
10767 0.0031746032
13844 0.012698413
13334 0.0031746032
22294 0.0031746032
12822 0.0031746032
19736 0.0063492064
4635 0.01904762
14365 0.0031746032
21278 0.0031746032
22050 0.0031746032
9250 0.0063492064
13860 0.0031746032
4903 0.0031746032
8743 0.00952381
13613 0.0031746032
4141 0.0031746032
10798 0.0031746032
21296 0.0031746032
22064 0.0031746032
10546 0.0031746032
311 0.0031746032
14650 0.0063492064
20538 0.0063492064
11327 0.0031746032
18239 0.00952381
11073 0.0031746032
1858 0.0031746032
5698 0.0031746032
18501 0.0031746032
10821 0.022222223
18758 0.0031746032
18759 0.0031746032
8263 0.0063492064
12871 0.00952381
15690 0.0031746032
331 0.0031746032
18251 0.012698413
20813 0.0031746032
16717 0.0063492064
15183 0.0031746032
10065 0.0031746032
10321 0.0031746032
6738 0.0031746032
8274 0.0031746032
7251 0.0031746032
7252 0.0063492064
21076 0.0063492064
20821 0.0031746032
16471 0.0031746032
15959 0.0063492064
88 0.0031746032
2393 0.012698413
20571 0.0031746032
13659 0.0031746032
8795 0.0063492064
9310 0.0031746032
6239 0.0031746032
21855 0.0063492064
16736 0.0063492064
16481 0.0031746032
20065 0.0031746032
10083 0.0063492064
20579 0.012698413
19557 0.0031746032
15209 0.0031746032
109 0.0031746032
13426 0.0031746032
11635 0.015873017
884 0.0031746032
15221 0.0031746032
5237 0.0063492064
21621 0.0063492064
7288 0.0063492064
19581 0.028571429
21632 0.0031746032
7296 0.0031746032
2690 0.0031746032
18563 0.0031746032
22147 0.0031746032
11406 0.0031746032
6286 0.0031746032
3982 0.0063492064
8592 0.0031746032
18064 0.0031746032
9361 0.0031746032
10897 0.012698413
17555 0.0031746032
6039 0.0031746032
8343 0.00952381
21401 0.0031746032
13210 0.0031746032
19356 0.0031746032
669 0.0031746032
3745 0.00952381
7847 0.0031746032
11431 0.022222223
21679 0.034920637
12208 0.0031746032
8371 0.0031746032
20405 0.03809524
6588 0.0031746032
12734 0.0031746032
2496 0.0063492064
5825 0.0031746032
9666 0.028571429
3268 0.0031746032
16582 0.0031746032
10184 0.0031746032
5834 0.0063492064
6091 0.0063492064
13260 0.031746034
17614 0.0031746032
11215 0.0031746032
19408 0.0031746032
13521 0.0031746032
10451 0.034920637
16599 0.0031746032
3288 0.0031746032
1241 0.0063492064
1242 0.0063492064
14300 0.0031746032
7135 0.0031746032
20959 0.015873017
5088 0.0031746032
6368 0.00952381
19683 0.0031746032
8163 0.0063492064
3300 0.0031746032
5861 0.0031746032
20453 0.0031746032
5349 0.012698413
6886 0.00952381
2791 0.0031746032
7914 0.0031746032
1006 0.00952381
11248 0.0031746032
20723 0.0031746032
21493 0.0031746032
12789 0.0031746032
11512 0.031746034
20217 0.0063492064
3323 0.0031746032
6654 0.0031746032
5631 0.0031746032
