7680 0.004761905
8194 0.01904762
10246 0.00952381
4617 0.004761905
15374 0.004761905
21779 0.004761905
19736 0.014285714
3354 0.014285714
4635 0.004761905
5149 0.004761905
21278 0.004761905
8481 0.004761905
9250 0.004761905
11298 0.00952381
5413 0.004761905
13097 0.004761905
18731 0.004761905
1324 0.004761905
13613 0.004761905
10546 0.004761905
21813 0.014285714
14650 0.004761905
13883 0.004761905
18239 0.023809524
11073 0.004761905
1858 0.00952381
10306 0.10952381
18758 0.004761905
8263 0.014285714
12871 0.014285714
18251 0.004761905
16717 0.004761905
21325 0.004761905
2897 0.004761905
13659 0.00952381
15196 0.004761905
16481 0.004761905
21345 0.004761905
3430 0.004761905
13929 0.004761905
8811 0.004761905
6509 0.004761905
5742 0.004761905
111 0.004761905
11121 0.004761905
884 0.004761905
21621 0.004761905
8569 0.014285714
8573 0.004761905
19581 0.01904762
21632 0.004761905
3456 0.004761905
16003 0.004761905
8070 0.00952381
3210 0.004761905
7567 0.004761905
11151 0.004761905
18064 0.004761905
10897 0.00952381
17555 0.004761905
8343 0.014285714
10649 0.004761905
21401 0.004761905
10651 0.004761905
11932 0.004761905
16796 0.004761905
18077 0.004761905
8097 0.004761905
3745 0.00952381
15011 0.004761905
12710 0.00952381
5801 0.004761905
8368 0.023809524
14514 0.004761905
9139 0.004761905
20405 0.01904762
15034 0.004761905
8384 0.004761905
16064 0.004761905
5825 0.014285714
12738 0.004761905
10691 0.014285714
3268 0.004761905
16582 0.004761905
7110 0.004761905
1224 0.004761905
18378 0.004761905
20942 0.004761905
1488 0.00952381
13521 0.004761905
209 0.004761905
21203 0.004761905
10451 0.052380953
20438 0.00952381
20696 0.023809524
13532 0.004761905
10209 0.004761905
13538 0.004761905
19683 0.004761905
6116 0.004761905
20453 0.004761905
16871 0.004761905
21480 0.004761905
6888 0.004761905
20713 0.014285714
1006 0.00952381
19695 0.004761905
19183 0.004761905
1776 0.004761905
12016 0.00952381
241 0.004761905
8433 0.004761905
3058 0.004761905
22005 0.004761905
11512 0.042857144
15610 0.004761905
9980 0.004761905
