21632 0.010638298
15236 0.010638298
5893 0.04255319
8070 0.010638298
10246 0.021276595
17671 0.010638298
4617 0.010638298
6409 0.021276595
14090 0.010638298
4620 0.010638298
10767 0.021276595
6032 0.010638298
17553 0.010638298
10897 0.04255319
17555 0.010638298
20883 0.010638298
7830 0.010638298
13463 0.010638298
8984 0.010638298
16024 0.010638298
19736 0.010638298
6688 0.010638298
3745 0.031914894
9250 0.010638298
15011 0.021276595
2731 0.021276595
22067 0.021276595
20405 0.021276595
15544 0.010638298
18239 0.031914894
1217 0.010638298
5825 0.021276595
18882 0.010638298
21444 0.010638298
16582 0.010638298
12871 0.010638298
8263 0.010638298
2119 0.010638298
18378 0.031914894
18251 0.010638298
4556 0.021276595
12495 0.010638298
13521 0.010638298
10451 0.021276595
20438 0.010638298
18263 0.010638298
19034 0.010638298
731 0.010638298
13919 0.010638298
16481 0.010638298
20453 0.031914894
2662 0.010638298
8297 0.010638298
12398 0.010638298
18159 0.021276595
12016 0.010638298
12020 0.010638298
5237 0.021276595
11512 0.05319149
19581 0.05319149
