7680 0.0050251256
8194 0.0050251256
5893 0.030150754
16390 0.0050251256
4870 0.0050251256
10246 0.015075377
8716 0.0050251256
16396 0.0050251256
20751 0.0050251256
5396 0.0050251256
19736 0.010050251
4635 0.0050251256
13851 0.0050251256
21281 0.0050251256
11298 0.0050251256
9250 0.0050251256
10025 0.0050251256
13097 0.0050251256
18217 0.0050251256
298 0.0050251256
13613 0.020100502
11825 0.0050251256
20020 0.0050251256
311 0.020100502
14650 0.015075377
3645 0.0050251256
11837 0.010050251
15934 0.010050251
18239 0.015075377
11327 0.020100502
8000 0.0050251256
10821 0.010050251
4934 0.0050251256
8775 0.0050251256
12871 0.010050251
8263 0.015075377
15690 0.0050251256
18251 0.020100502
10321 0.0050251256
10331 0.0050251256
2140 0.010050251
9565 0.0050251256
6239 0.0050251256
7007 0.0050251256
21345 0.0050251256
16481 0.010050251
20579 0.010050251
10344 0.0050251256
15209 0.010050251
14442 0.010050251
21872 0.0050251256
12914 0.0050251256
10868 0.010050251
21621 0.010050251
19062 0.0050251256
19581 0.015075377
21632 0.0050251256
3457 0.0050251256
1668 0.0050251256
8070 0.0050251256
8583 0.0050251256
17294 0.010050251
11151 0.0050251256
8592 0.0050251256
10897 0.015075377
17555 0.0050251256
7830 0.0050251256
8855 0.0050251256
10649 0.0050251256
3745 0.0050251256
14753 0.0050251256
12205 0.0050251256
19886 0.0050251256
20405 0.020100502
19126 0.0050251256
12987 0.0050251256
6588 0.010050251
4797 0.0050251256
9918 0.0050251256
21698 0.0050251256
10691 0.0050251256
3268 0.0050251256
16582 0.0050251256
11718 0.0050251256
13257 0.0050251256
716 0.0050251256
19917 0.0050251256
13775 0.0050251256
13521 0.0050251256
10451 0.03517588
9685 0.050251257
20696 0.0050251256
3288 0.015075377
21465 0.0050251256
1241 0.015075377
5083 0.0050251256
13532 0.0050251256
4319 0.010050251
14818 0.0050251256
5861 0.0050251256
20453 0.0050251256
5349 0.0050251256
6886 0.0050251256
7914 0.0050251256
20203 0.0050251256
1006 0.025125628
8175 0.0050251256
19188 0.0050251256
8692 0.010050251
2552 0.0050251256
11512 0.04522613
3323 0.030150754
12286 0.0050251256
6143 0.010050251
