8194 0.01058201
5893 0.01058201
4617 0.01058201
6156 0.01058201
10767 0.005291005
4111 0.026455026
8208 0.005291005
22294 0.005291005
19736 0.01058201
4635 0.005291005
12321 0.005291005
16161 0.01058201
4136 0.005291005
13613 0.005291005
20792 0.005291005
56 0.005291005
3130 0.005291005
14650 0.015873017
22076 0.005291005
12871 0.005291005
18251 0.005291005
3917 0.005291005
14158 0.005291005
6222 0.005291005
20819 0.005291005
18263 0.005291005
12633 0.005291005
15196 0.005291005
14173 0.005291005
9310 0.005291005
16736 0.02116402
16481 0.005291005
10083 0.005291005
20579 0.005291005
3430 0.01058201
9831 0.005291005
5735 0.005291005
15209 0.005291005
13929 0.01058201
9071 0.005291005
21872 0.01058201
11635 0.005291005
6778 0.005291005
8573 0.005291005
19581 0.037037037
17023 0.005291005
21632 0.005291005
11396 0.005291005
11141 0.005291005
8837 0.01058201
9862 0.01058201
3207 0.005291005
3982 0.005291005
11151 0.005291005
7567 0.026455026
9617 0.005291005
13713 0.005291005
10897 0.015873017
17298 0.005291005
17555 0.005291005
20883 0.02116402
8343 0.005291005
15257 0.005291005
14490 0.005291005
412 0.005291005
1948 0.005291005
2973 0.005291005
16032 0.015873017
3745 0.005291005
6051 0.005291005
12710 0.005291005
11431 0.005291005
5801 0.005291005
2731 0.005291005
12208 0.005291005
9139 0.005291005
10677 0.005291005
20405 0.031746034
19126 0.005291005
14011 0.005291005
6588 0.005291005
6333 0.005291005
12734 0.01058201
19137 0.005291005
14273 0.01058201
10691 0.015873017
16582 0.005291005
1224 0.04761905
21194 0.005291005
13260 0.005291005
19917 0.005291005
19408 0.005291005
13521 0.005291005
15059 0.005291005
10451 0.02116402
8917 0.005291005
20437 0.01058201
14300 0.005291005
6623 0.01058201
21218 0.005291005
8163 0.01058201
5349 0.005291005
4326 0.005291005
8422 0.01058201
16871 0.005291005
20712 0.01058201
14060 0.005291005
12016 0.01058201
12530 0.005291005
20723 0.005291005
22004 0.005291005
11512 0.031746034
14585 0.005291005
22009 0.005291005
2041 0.01058201
6654 0.015873017
6143 0.01058201
