16385 0.012121212
5892 0.012121212
5893 0.024242423
10246 0.012121212
17415 0.042424243
10763 0.012121212
5900 0.006060606
13844 0.006060606
19736 0.012121212
14873 0.006060606
4635 0.006060606
13600 0.006060606
13090 0.006060606
4644 0.006060606
9509 0.006060606
21541 0.006060606
4903 0.006060606
8743 0.006060606
13613 0.006060606
19249 0.006060606
21813 0.018181818
311 0.006060606
18239 0.012121212
11073 0.006060606
1858 0.006060606
10821 0.036363635
18758 0.006060606
12871 0.006060606
2119 0.006060606
8263 0.012121212
18251 0.006060606
20813 0.006060606
14158 0.006060606
17486 0.006060606
3922 0.006060606
16724 0.006060606
9813 0.018181818
18263 0.006060606
18778 0.006060606
15196 0.006060606
6239 0.006060606
1376 0.006060606
16736 0.012121212
16481 0.012121212
20579 0.012121212
10344 0.006060606
15209 0.006060606
4971 0.006060606
8561 0.006060606
2674 0.006060606
21365 0.006060606
20085 0.006060606
19062 0.006060606
21632 0.006060606
20608 0.006060606
2690 0.012121212
11151 0.006060606
7567 0.006060606
10896 0.006060606
10897 0.018181818
17555 0.006060606
8855 0.006060606
8343 0.012121212
13983 0.006060606
3745 0.006060606
11425 0.006060606
8097 0.012121212
7082 0.006060606
12208 0.036363635
10417 0.006060606
9394 0.006060606
8371 0.006060606
20405 0.030303031
21178 0.006060606
6588 0.012121212
16064 0.006060606
10691 0.006060606
16582 0.006060606
13521 0.006060606
10451 0.048484847
7124 0.006060606
3288 0.006060606
20696 0.018181818
7897 0.006060606
5849 0.018181818
731 0.006060606
20959 0.006060606
8163 0.006060606
5349 0.006060606
8422 0.006060606
2791 0.006060606
20712 0.012121212
20203 0.006060606
1006 0.024242423
11504 0.006060606
20723 0.006060606
11512 0.060606062
9468 0.006060606
