5893 0.0045045046
10246 0.0045045046
20999 0.0045045046
10763 0.0045045046
15629 0.0045045046
13334 0.018018018
19736 0.018018018
14618 0.04054054
4635 0.013513514
21278 0.009009009
3872 0.018018018
14625 0.0045045046
9250 0.013513514
4649 0.0045045046
18731 0.0045045046
22064 0.0045045046
311 0.009009009
14650 0.009009009
18239 0.0045045046
11327 0.0045045046
8000 0.0045045046
11073 0.0045045046
10821 0.0045045046
12614 0.0045045046
4934 0.0045045046
12871 0.0045045046
8263 0.0045045046
18251 0.022522522
1357 0.0045045046
16717 0.013513514
19025 0.0045045046
3922 0.013513514
7252 0.0045045046
9813 0.0045045046
18263 0.0045045046
20571 0.0045045046
15196 0.013513514
14173 0.018018018
21855 0.0045045046
6239 0.0045045046
16736 0.0045045046
16481 0.0045045046
100 0.0045045046
3430 0.009009009
5735 0.018018018
13160 0.0045045046
4714 0.0045045046
12398 0.0045045046
11635 0.0045045046
884 0.009009009
21621 0.0045045046
7292 0.0045045046
19581 0.013513514
17023 0.0045045046
21632 0.0045045046
3969 0.0045045046
1923 0.0045045046
20869 0.0045045046
9862 0.009009009
6282 0.0045045046
13452 0.009009009
10897 0.009009009
17555 0.0045045046
13459 0.0045045046
4510 0.0045045046
3745 0.009009009
17827 0.0045045046
15011 0.009009009
15528 0.0045045046
19886 0.013513514
21679 0.0045045046
18864 0.013513514
14514 0.0045045046
10677 0.0045045046
20405 0.022522522
12470 0.009009009
15034 0.0045045046
14011 0.0045045046
6078 0.0045045046
10691 0.0045045046
6083 0.0045045046
3780 0.0045045046
9926 0.0045045046
16582 0.009009009
18374 0.009009009
1482 0.013513514
13260 0.0045045046
716 0.022522522
14798 0.0045045046
13521 0.0045045046
10451 0.04054054
6612 0.0045045046
20696 0.0045045046
3288 0.013513514
5336 0.1036036
5083 0.0045045046
16605 0.0045045046
12765 0.0045045046
4319 0.009009009
20196 0.0045045046
6116 0.009009009
8422 0.0045045046
20712 0.0045045046
1006 0.009009009
21487 0.0045045046
18932 0.0045045046
21493 0.0045045046
14838 0.0045045046
11512 0.045045044
22009 0.0045045046
6654 0.0045045046
2047 0.0045045046
