10246 0.008298756
16396 0.004149378
8463 0.004149378
10767 0.020746889
3859 0.004149378
13844 0.004149378
19736 0.012448133
4635 0.004149378
17693 0.004149378
12321 0.004149378
9250 0.004149378
8743 0.004149378
18731 0.008298756
2605 0.008298756
21038 0.004149378
18991 0.004149378
2610 0.004149378
20275 0.004149378
20020 0.008298756
21813 0.008298756
313 0.004149378
14650 0.008298756
22077 0.008298756
62 0.004149378
18239 0.004149378
4416 0.008298756
1858 0.012448133
10821 0.012448133
18758 0.004149378
8263 0.012448133
18253 0.004149378
18263 0.012448133
13659 0.004149378
12899 0.004149378
20579 0.008298756
10083 0.012448133
2662 0.004149378
3430 0.020746889
13929 0.012448133
109 0.004149378
6509 0.004149378
10605 0.004149378
1400 0.004149378
16505 0.004149378
19581 0.008298756
13186 0.004149378
2435 0.004149378
7299 0.008298756
18564 0.004149378
11141 0.004149378
9862 0.004149378
18315 0.004149378
11151 0.004149378
7567 0.008298756
8592 0.008298756
18834 0.004149378
20883 0.004149378
150 0.004149378
8343 0.008298756
8856 0.004149378
10651 0.008298756
11932 0.008298756
6047 0.004149378
3745 0.008298756
12710 0.004149378
11431 0.004149378
7082 0.008298756
2731 0.012448133
1451 0.016597511
19886 0.004149378
9393 0.004149378
12977 0.004149378
20402 0.004149378
20405 0.024896266
19126 0.004149378
2231 0.004149378
6588 0.008298756
10944 0.004149378
5825 0.008298756
19137 0.008298756
10691 0.004149378
19658 0.004149378
21194 0.004149378
18378 0.020746889
13260 0.004149378
5580 0.008298756
2765 0.008298756
1488 0.004149378
10451 0.029045643
20437 0.004149378
3288 0.004149378
2776 0.004149378
20696 0.016597511
21465 0.004149378
4314 0.004149378
7642 0.004149378
731 0.004149378
6623 0.004149378
6115 0.029045643
228 0.004149378
6116 0.008298756
5861 0.004149378
16869 0.004149378
5349 0.004149378
8422 0.004149378
16871 0.004149378
20712 0.004149378
17386 0.004149378
3306 0.0373444
18410 0.041493777
14317 0.004149378
13039 0.004149378
12016 0.008298756
15601 0.004149378
241 0.004149378
14838 0.012448133
16375 0.008298756
11512 0.07883818
253 0.004149378
6654 0.012448133
5631 0.008298756
6143 0.012448133
