21632 0.008
16003 0.064
5892 0.008
8709 0.008
5893 0.008
10246 0.008
9862 0.016
16390 0.016
17415 0.008
21384 0.008
1163 0.008
5900 0.032
3982 0.008
1422 0.008
10896 0.008
17553 0.008
10897 0.024
17555 0.008
6677 0.008
22294 0.016
8343 0.016
19736 0.008
4635 0.024
17565 0.008
4510 0.024
6688 0.008
3745 0.024
9250 0.024
298 0.008
1195 0.008
17196 0.008
6317 0.016
10546 0.008
20405 0.008
14650 0.016
20414 0.008
319 0.024
19137 0.008
4547 0.008
10821 0.008
18501 0.008
16582 0.016
12871 0.008
20554 0.008
18251 0.024
12109 0.008
19917 0.008
13521 0.008
2897 0.008
10451 0.024
9813 0.024
16599 0.008
18263 0.016
3288 0.008
5336 0.096
13659 0.008
14173 0.008
4319 0.016
16481 0.008
20586 0.008
874 0.008
4202 0.032
9073 0.008
21621 0.016
11512 0.064
5631 0.008
