3331 0.0054644807
19461 0.0054644807
8709 0.0054644807
5893 0.038251366
16390 0.0054644807
16396 0.010928961
13326 0.0054644807
10767 0.0054644807
13844 0.010928961
2837 0.0054644807
19736 0.027322404
4635 0.0054644807
14108 0.0054644807
15900 0.010928961
6688 0.016393442
13600 0.038251366
4388 0.0054644807
20516 0.0054644807
13610 0.010928961
19250 0.0054644807
10546 0.0054644807
4658 0.0054644807
21813 0.0054644807
7224 0.0054644807
22073 0.0054644807
14650 0.016393442
18239 0.010928961
18501 0.0054644807
18758 0.010928961
12871 0.0054644807
8263 0.0054644807
18251 0.0054644807
16717 0.0054644807
6477 0.010928961
20813 0.016393442
17490 0.0054644807
18263 0.0054644807
11356 0.0054644807
8797 0.0054644807
16481 0.0054644807
21345 0.016393442
20579 0.0054644807
19044 0.0054644807
3430 0.016393442
8297 0.0054644807
15209 0.0054644807
2674 0.0054644807
11635 0.021857923
5237 0.0054644807
19062 0.0054644807
8573 0.0054644807
12413 0.0054644807
19581 0.016393442
21632 0.0054644807
20360 0.021857923
21385 0.0054644807
3982 0.0054644807
11151 0.0054644807
20624 0.0054644807
18064 0.0054644807
17553 0.0054644807
10897 0.016393442
17555 0.0054644807
4758 0.0054644807
20630 0.0054644807
8343 0.038251366
21401 0.010928961
3745 0.0054644807
14753 0.010928961
7082 0.027322404
2731 0.0054644807
13485 0.0054644807
20405 0.016393442
6588 0.010928961
703 0.0054644807
5314 0.0054644807
7106 0.0054644807
10691 0.0054644807
16582 0.0054644807
1488 0.0054644807
13521 0.0054644807
10451 0.043715846
20696 0.010928961
21465 0.0054644807
731 0.0054644807
19683 0.0054644807
2531 0.010928961
20453 0.0054644807
1766 0.0054644807
8422 0.0054644807
20712 0.016393442
14060 0.010928961
9710 0.0054644807
1006 0.038251366
18159 0.0054644807
15608 0.0054644807
11512 0.05464481
5631 0.0054644807
