13057 0.0038461538
14849 0.0038461538
3843 0.0038461538
4100 0.0076923077
15365 0.0038461538
5893 0.03076923
10246 0.0038461538
17415 0.0038461538
22027 0.0038461538
10767 0.0038461538
2836 0.0038461538
278 0.0038461538
19736 0.011538462
4635 0.0038461538
15900 0.0038461538
14365 0.0038461538
18208 0.0038461538
6688 0.011538462
9250 0.0038461538
3619 0.0038461538
12325 0.015384615
6952 0.0038461538
13610 0.0038461538
2602 0.0038461538
21291 0.0038461538
1324 0.0038461538
20269 0.0038461538
13872 0.0038461538
14129 0.0038461538
10546 0.0038461538
6196 0.0038461538
14903 0.0038461538
14650 0.01923077
6206 0.0038461538
11327 0.0038461538
4934 0.0038461538
6215 0.0038461538
12871 0.0076923077
8263 0.011538462
6728 0.0038461538
1354 0.0038461538
18251 0.01923077
12365 0.0038461538
10065 0.0038461538
21588 0.0038461538
16724 0.0038461538
8021 0.0038461538
18263 0.0038461538
19034 0.0038461538
13659 0.0038461538
14173 0.015384615
13919 0.011538462
16481 0.0038461538
21345 0.0038461538
20579 0.0076923077
10083 0.0076923077
2662 0.0038461538
3430 0.0076923077
13929 0.0038461538
20586 0.0038461538
15722 0.0038461538
874 0.0038461538
109 0.0038461538
8561 0.0038461538
7538 0.0038461538
11635 0.015384615
884 0.011538462
19062 0.0038461538
10618 0.0038461538
4474 0.0038461538
19581 0.0038461538
21632 0.0038461538
16003 0.042307694
9862 0.015384615
20876 0.0038461538
10896 0.0038461538
17553 0.0038461538
13201 0.0038461538
10897 0.0076923077
17555 0.0038461538
1427 0.0038461538
10651 0.01923077
11932 0.0038461538
3745 0.0076923077
1697 0.053846154
15011 0.011538462
18340 0.0038461538
8619 0.0038461538
13485 0.0038461538
20142 0.0038461538
19886 0.015384615
8368 0.0076923077
16305 0.0038461538
14514 0.0038461538
8371 0.0038461538
20405 0.01923077
8886 0.0038461538
8121 0.0038461538
956 0.0038461538
4286 0.0038461538
16064 0.0038461538
5825 0.0038461538
3268 0.0076923077
16582 0.0038461538
3530 0.0038461538
6604 0.0038461538
1488 0.0038461538
13521 0.0038461538
10451 0.015384615
21465 0.0038461538
1754 0.0038461538
13532 0.0038461538
16605 0.0038461538
4319 0.011538462
2531 0.0038461538
15078 0.0038461538
20198 0.0076923077
8422 0.011538462
7914 0.0076923077
9451 0.0038461538
9710 0.0038461538
19183 0.0076923077
8433 0.0076923077
3058 0.06923077
8696 0.0076923077
11512 0.03846154
3323 0.026923077
22270 0.0038461538
18431 0.0038461538
3839 0.0038461538
19199 0.0038461538
6143 0.011538462
