7680 0.0032467532
8194 0.0064935065
770 0.012987013
5892 0.0032467532
5893 0.016233766
19718 0.0032467532
10246 0.0064935065
8972 0.0032467532
10767 0.0032467532
15120 0.0032467532
8208 0.0032467532
21779 0.0032467532
20504 0.0064935065
19736 0.025974026
16409 0.0097402595
4635 0.0064935065
14365 0.0032467532
9250 0.0032467532
4645 0.0032467532
8491 0.0032467532
4652 0.0097402595
14381 0.0032467532
13613 0.0032467532
1837 0.0064935065
16174 0.0032467532
21807 0.0032467532
10035 0.0032467532
21813 0.0032467532
21559 0.0064935065
15160 0.0032467532
9017 0.0032467532
2874 0.0032467532
14650 0.016233766
11327 0.0064935065
18239 0.0097402595
1858 0.0097402595
7490 0.012987013
18501 0.0032467532
18758 0.0032467532
12871 0.0032467532
18251 0.045454547
12365 0.0032467532
16717 0.019480519
7762 0.0032467532
20821 0.0032467532
20571 0.0032467532
13659 0.0032467532
13919 0.0064935065
6240 0.0032467532
16736 0.0097402595
16481 0.0032467532
21345 0.0032467532
14691 0.0032467532
10083 0.0032467532
20579 0.0064935065
3430 0.0097402595
13160 0.0097402595
13929 0.0032467532
20587 0.0032467532
10094 0.0032467532
16238 0.0097402595
18803 0.0032467532
884 0.0032467532
20854 0.042207792
12413 0.0032467532
8573 0.0064935065
19581 0.032467533
21632 0.0032467532
11905 0.0032467532
2435 0.0032467532
11141 0.0032467532
8837 0.012987013
8070 0.0097402595
14472 0.0032467532
7567 0.0097402595
10896 0.0032467532
18064 0.0032467532
12176 0.0064935065
13457 0.0032467532
10897 0.016233766
17555 0.0032467532
15252 0.0032467532
8342 0.0032467532
8343 0.0064935065
17815 0.0064935065
8089 0.0032467532
10651 0.025974026
11932 0.0032467532
2973 0.0032467532
3745 0.0032467532
8097 0.0032467532
3489 0.0064935065
675 0.0032467532
8355 0.012987013
12710 0.042207792
20648 0.0032467532
168 0.016233766
20140 0.0032467532
13485 0.0032467532
10415 0.0032467532
10417 0.0032467532
20402 0.0032467532
2994 0.0032467532
20405 0.022727273
10934 0.0032467532
2231 0.0032467532
6584 0.0032467532
12476 0.0032467532
10691 0.0064935065
13509 0.0032467532
16582 0.0032467532
3530 0.0032467532
1482 0.0032467532
11214 0.0032467532
12495 0.0032467532
13521 0.0032467532
5843 0.0032467532
10451 0.019480519
9685 0.0032467532
20438 0.0032467532
15831 0.0032467532
3288 0.0032467532
20696 0.0032467532
21465 0.0032467532
2265 0.012987013
7642 0.0032467532
4319 0.0064935065
9441 0.0032467532
16355 0.0032467532
14052 0.0032467532
5349 0.0032467532
20453 0.0032467532
6886 0.012987013
20712 0.0032467532
14061 0.0032467532
1006 0.0032467532
19695 0.025974026
11504 0.0032467532
241 0.0032467532
8177 0.0032467532
17653 0.0032467532
11512 0.035714287
12537 0.0064935065
6654 0.0032467532
