11777 0.005586592
4100 0.005586592
9988 0.011173184
5893 0.022346368
16390 0.005586592
10246 0.005586592
8208 0.005586592
19736 0.022346368
7449 0.005586592
4635 0.005586592
10025 0.005586592
298 0.005586592
13610 0.005586592
6444 0.005586592
13613 0.005586592
19250 0.005586592
6450 0.011173184
14901 0.005586592
7223 0.005586592
6206 0.005586592
18239 0.016759777
18501 0.005586592
10821 0.005586592
4934 0.016759777
12871 0.005586592
8263 0.011173184
2632 0.005586592
12616 0.005586592
4169 0.005586592
18251 0.016759777
16717 0.005586592
18263 0.05586592
9310 0.005586592
15966 0.011173184
13919 0.011173184
16481 0.011173184
20579 0.005586592
2662 0.005586592
20841 0.005586592
2924 0.005586592
21872 0.016759777
7794 0.005586592
11635 0.011173184
8564 0.005586592
5236 0.005586592
884 0.011173184
18298 0.005586592
10618 0.05027933
19581 0.011173184
21632 0.005586592
2176 0.011173184
11141 0.005586592
16005 0.005586592
16773 0.005586592
9862 0.033519555
3982 0.005586592
9359 0.005586592
8592 0.005586592
10897 0.022346368
17555 0.005586592
16531 0.005586592
8342 0.005586592
7830 0.039106146
17815 0.005586592
8343 0.005586592
19864 0.005586592
11672 0.005586592
13983 0.005586592
20127 0.005586592
3745 0.011173184
6566 0.011173184
7847 0.005586592
9387 0.005586592
13227 0.005586592
11436 0.005586592
6317 0.005586592
19886 0.005586592
8111 0.005586592
16049 0.005586592
16305 0.005586592
10417 0.016759777
20405 0.011173184
6588 0.005586592
12734 0.005586592
4290 0.005586592
16582 0.016759777
21449 0.005586592
1482 0.005586592
17867 0.005586592
14798 0.005586592
13521 0.005586592
10451 0.005586592
16084 0.005586592
20438 0.005586592
4319 0.011173184
16097 0.005586592
20196 0.005586592
6116 0.005586592
7914 0.005586592
1261 0.005586592
2292 0.005586592
12020 0.005586592
1015 0.005586592
11512 0.02793296
2041 0.011173184
3323 0.005586592
20220 0.011173184
6654 0.005586592
6143 0.011173184
