21632 0.0066225166
512 0.013245033
16386 0.0066225166
5893 0.0397351
16390 0.0066225166
9862 0.013245033
10246 0.013245033
7434 0.0066225166
16394 0.01986755
9227 0.0066225166
22284 0.0066225166
15120 0.0066225166
9361 0.0066225166
15377 0.0066225166
10897 0.01986755
17555 0.0066225166
8855 0.0066225166
19736 0.013245033
4635 0.0066225166
11932 0.01986755
31 0.0066225166
6688 0.013245033
3745 0.013245033
18338 0.0066225166
9250 0.0066225166
4141 0.01986755
1966 0.01986755
17329 0.01986755
6836 0.0066225166
20405 0.0066225166
13366 0.0066225166
19126 0.0066225166
14650 0.0066225166
8890 0.0066225166
8508 0.0066225166
11327 0.013245033
18239 0.0397351
8000 0.0066225166
5825 0.07284768
21698 0.0066225166
8514 0.0066225166
1858 0.0066225166
10691 0.013245033
16582 0.0066225166
11718 0.0066225166
4934 0.013245033
12871 0.0066225166
8263 0.0066225166
2119 0.0066225166
8136 0.013245033
18251 0.0066225166
16079 0.0066225166
11215 0.0066225166
19919 0.0066225166
14288 0.0066225166
13521 0.0066225166
6738 0.0066225166
3922 0.0066225166
10451 0.0066225166
9813 0.0066225166
1112 0.0066225166
20696 0.0397351
21465 0.0066225166
1241 0.0066225166
19548 0.0066225166
20959 0.0066225166
14944 0.0066225166
16481 0.0066225166
21345 0.0066225166
8163 0.0066225166
20579 0.013245033
6116 0.026490066
20453 0.013245033
15209 0.0066225166
10218 0.0066225166
13674 0.0066225166
12651 0.0066225166
1006 0.01986755
21487 0.0066225166
20209 0.0066225166
13426 0.0066225166
6002 0.0066225166
11635 0.0066225166
884 0.0397351
11512 0.03311258
19581 0.0066225166
22270 0.0066225166
5631 0.0066225166
