5892 0.0031746032
17156 0.0063492064
5893 0.012698413
10246 0.00952381
17415 0.0031746032
13064 0.0031746032
1290 0.0031746032
3339 0.0031746032
10763 0.0063492064
16396 0.0031746032
14860 0.0031746032
10767 0.012698413
1299 0.0031746032
275 0.0063492064
22035 0.0063492064
19736 0.015873017
10780 0.0031746032
18972 0.00952381
12830 0.0031746032
13855 0.015873017
11808 0.0031746032
13857 0.0031746032
9250 0.015873017
6435 0.0031746032
13097 0.0031746032
9771 0.0031746032
17965 0.0031746032
13613 0.0031746032
10546 0.0031746032
21813 0.0031746032
15413 0.0031746032
5179 0.0031746032
3645 0.0031746032
17983 0.0031746032
11327 0.0063492064
18239 0.015873017
18498 0.0031746032
1858 0.0031746032
10821 0.0063492064
18758 0.0031746032
8263 0.0031746032
19020 0.0031746032
16717 0.0031746032
9810 0.0031746032
6739 0.0031746032
8021 0.0031746032
18263 0.0063492064
19034 0.0031746032
21595 0.0031746032
13659 0.0031746032
8795 0.0063492064
4446 0.0031746032
15966 0.0031746032
1376 0.0031746032
16736 0.0063492064
20065 0.00952381
10083 0.0031746032
20579 0.0063492064
2662 0.0063492064
5736 0.0063492064
14442 0.0031746032
3180 0.0031746032
8560 0.0031746032
21872 0.00952381
8561 0.0031746032
20085 0.0031746032
21110 0.0031746032
19581 0.00952381
15486 0.0031746032
13439 0.0031746032
17023 0.0031746032
11396 0.0031746032
9862 0.0063492064
6792 0.0031746032
13452 0.0031746032
13709 0.0031746032
6032 0.0031746032
8592 0.0031746032
16531 0.0031746032
20883 0.0063492064
8085 0.0031746032
8342 0.0063492064
8343 0.0031746032
17815 0.0031746032
15257 0.0031746032
9370 0.0031746032
8603 0.0031746032
11932 0.0031746032
5025 0.0031746032
8097 0.0031746032
3745 0.0063492064
9639 0.0031746032
3752 0.0031746032
19886 0.015873017
12208 0.0031746032
9393 0.0063492064
6836 0.0031746032
20405 0.01904762
20150 0.012698413
18872 0.0063492064
20409 0.0031746032
5825 0.015873017
13762 0.0031746032
21698 0.0031746032
3522 0.00952381
9667 0.0031746032
10691 0.0031746032
21444 0.0031746032
3268 0.0031746032
9926 0.0031746032
21194 0.0031746032
5581 0.0063492064
12495 0.0031746032
2001 0.0031746032
3538 0.0031746032
18642 0.0031746032
8146 0.15873016
10451 0.025396826
4052 0.0031746032
20438 0.0031746032
20696 0.041269843
21465 0.0031746032
7897 0.015873017
7642 0.0031746032
5083 0.0031746032
14300 0.0031746032
21472 0.0031746032
6368 0.0063492064
18657 0.0063492064
8163 0.0031746032
6116 0.0063492064
5861 0.0031746032
20453 0.0031746032
2791 0.0031746032
19688 0.0031746032
3306 0.0031746032
20203 0.0063492064
14060 0.0063492064
19438 0.0031746032
1006 0.01904762
18159 0.0031746032
8175 0.00952381
11504 0.0031746032
20723 0.0031746032
1524 0.0031746032
13301 0.0031746032
11512 0.031746034
20217 0.0031746032
11259 0.0031746032
13566 0.0031746032
19455 0.0031746032
6143 0.0063492064
