5893 0.009433962
10246 0.009433962
10763 0.014150944
1295 0.004716981
3855 0.004716981
10767 0.014150944
8468 0.004716981
19736 0.018867925
10525 0.009433962
12830 0.018867925
6688 0.009433962
13090 0.004716981
11298 0.004716981
13604 0.004716981
38 0.004716981
7722 0.004716981
18731 0.004716981
21295 0.004716981
22064 0.009433962
13361 0.004716981
22067 0.004716981
8500 0.004716981
21813 0.004716981
21305 0.004716981
14650 0.004716981
18239 0.004716981
1858 0.004716981
10821 0.009433962
18758 0.004716981
12871 0.004716981
8779 0.004716981
18251 0.014150944
3920 0.004716981
18263 0.009433962
9053 0.15566038
16481 0.004716981
21345 0.004716981
12899 0.004716981
3430 0.004716981
9831 0.004716981
13929 0.004716981
15209 0.004716981
20586 0.004716981
6255 0.004716981
21872 0.004716981
21621 0.004716981
14966 0.004716981
15222 0.014150944
887 0.004716981
19581 0.023584906
21632 0.004716981
17025 0.004716981
2690 0.004716981
17029 0.018867925
7567 0.004716981
11151 0.009433962
6032 0.004716981
11921 0.004716981
13713 0.004716981
10897 0.009433962
18834 0.004716981
17555 0.004716981
20883 0.009433962
20886 0.004716981
18326 0.004716981
14742 0.004716981
22169 0.004716981
11932 0.004716981
8095 0.004716981
22176 0.004716981
928 0.004716981
3745 0.004716981
2721 0.004716981
17318 0.004716981
5801 0.004716981
8368 0.028301887
8370 0.004716981
3762 0.051886793
20405 0.014150944
21696 0.004716981
192 0.009433962
5825 0.009433962
20676 0.004716981
16582 0.004716981
2758 0.004716981
13255 0.009433962
21194 0.004716981
11468 0.004716981
716 0.004716981
19917 0.004716981
6862 0.004716981
13521 0.004716981
10451 0.018867925
11734 0.004716981
3288 0.004716981
20696 0.004716981
18136 0.009433962
4314 0.004716981
731 0.009433962
6623 0.009433962
8163 0.004716981
19683 0.004716981
6116 0.004716981
5349 0.004716981
6886 0.004716981
8422 0.009433962
15847 0.004716981
1006 0.009433962
12016 0.004716981
8433 0.004716981
19188 0.004716981
18677 0.004716981
11512 0.03301887
18170 0.004716981
17917 0.004716981
