8194 0.0037593986
9988 0.007518797
4100 0.007518797
5892 0.007518797
5893 0.007518797
9478 0.007518797
16390 0.011278195
17415 0.0037593986
9227 0.037593983
5900 0.0037593986
16396 0.007518797
10512 0.0037593986
15120 0.0037593986
8724 0.0037593986
21013 0.0037593986
13334 0.0037593986
22294 0.011278195
19735 0.0037593986
19736 0.007518797
4635 0.007518797
18208 0.0037593986
6688 0.0037593986
9250 0.0037593986
11298 0.007518797
18731 0.007518797
1837 0.0037593986
18991 0.0037593986
10546 0.007518797
311 0.0037593986
4152 0.0037593986
4665 0.0037593986
14650 0.0037593986
18239 0.0037593986
11327 0.007518797
17729 0.0037593986
11073 0.0037593986
1858 0.0037593986
2371 0.0037593986
13380 0.0037593986
18501 0.0037593986
10821 0.015037594
20550 0.0037593986
18758 0.0037593986
4934 0.011278195
12871 0.0037593986
6215 0.007518797
3912 0.0037593986
15690 0.0037593986
3658 0.0037593986
18251 0.030075189
11343 0.007518797
2897 0.0037593986
3922 0.0037593986
5209 0.0037593986
13659 0.0037593986
20571 0.0037593986
19805 0.0037593986
15966 0.0037593986
13919 0.015037594
8288 0.0037593986
16481 0.0037593986
3430 0.0037593986
17513 0.0037593986
8811 0.0037593986
17262 0.0037593986
11635 0.011278195
1913 0.0037593986
13689 0.0037593986
10618 0.0037593986
19581 0.015037594
21632 0.0037593986
11905 0.0037593986
642 0.0037593986
8070 0.0037593986
9862 0.0037593986
20360 0.0037593986
8841 0.0037593986
17549 0.0037593986
21392 0.0037593986
9361 0.0037593986
12945 0.0037593986
10897 0.007518797
21403 0.0037593986
10651 0.0037593986
13211 0.04511278
18077 0.0037593986
3745 0.0037593986
15011 0.0037593986
14245 0.0037593986
13221 0.0037593986
3497 0.0037593986
4014 0.0037593986
19886 0.007518797
14514 0.011278195
9139 0.0037593986
6325 0.018796992
20405 0.02631579
21944 0.0037593986
18872 0.015037594
17084 0.0037593986
10691 0.0037593986
16582 0.0037593986
7878 0.0037593986
7366 0.0037593986
21704 0.007518797
1482 0.011278195
715 0.0037593986
13260 0.0037593986
1488 0.0037593986
720 0.0037593986
13521 0.0037593986
10451 0.04887218
7124 0.0037593986
20437 0.0037593986
16599 0.0037593986
15831 0.007518797
20696 0.02255639
217 0.0037593986
21465 0.007518797
14300 0.0037593986
6364 0.0037593986
13532 0.018796992
9951 0.0037593986
4319 0.015037594
17890 0.007518797
5859 0.0037593986
5349 0.007518797
8422 0.0037593986
18408 0.0037593986
7914 0.0037593986
1006 0.015037594
19183 0.0037593986
21487 0.011278195
8433 0.0037593986
11512 0.05639098
22270 0.007518797
5631 0.0037593986
6143 0.011278195
