21632 0.0056497175
7680 0.0056497175
2690 0.011299435
8837 0.0056497175
5893 0.011299435
8070 0.016949153
22279 0.0056497175
20360 0.0056497175
5900 0.050847456
4237 0.011299435
17935 0.0056497175
9103 0.0056497175
11151 0.0056497175
7567 0.011299435
10897 0.016949153
17041 0.028248588
13714 0.016949153
275 0.0056497175
8724 0.0056497175
13844 0.0056497175
8343 0.0056497175
19736 0.02259887
4635 0.0056497175
11932 0.0056497175
3229 0.0056497175
3745 0.0056497175
14882 0.011299435
6435 0.011299435
12710 0.0056497175
20648 0.033898305
10025 0.0056497175
18731 0.0056497175
2731 0.0056497175
13613 0.011299435
10546 0.011299435
14515 0.0056497175
4789 0.0056497175
20405 0.028248588
20150 0.0056497175
9399 0.016949153
3130 0.0056497175
14650 0.0056497175
8890 0.0056497175
3516 0.0056497175
6588 0.02259887
3645 0.02259887
18239 0.011299435
21312 0.0056497175
13761 0.0056497175
5825 0.02259887
9666 0.03954802
16582 0.011299435
12871 0.0056497175
4171 0.0056497175
18251 0.02259887
14028 0.0056497175
19917 0.0056497175
11598 0.0056497175
7246 0.0056497175
13521 0.0056497175
10451 0.07909604
20438 0.0056497175
20696 0.011299435
21465 0.0056497175
13659 0.0056497175
1628 0.0056497175
13532 0.0056497175
16481 0.0056497175
5859 0.0056497175
20579 0.016949153
20453 0.0056497175
5861 0.0056497175
6509 0.0056497175
1006 0.03954802
13426 0.0056497175
11635 0.0056497175
21363 0.011299435
884 0.011299435
9461 0.0056497175
21621 0.011299435
2679 0.0056497175
12664 0.0056497175
11512 0.02259887
10492 0.0056497175
19581 0.016949153
18431 0.0056497175
19711 0.0056497175
