10499 0.003921569
5893 0.019607844
13318 0.003921569
10246 0.011764706
17415 0.003921569
16394 0.003921569
8972 0.007843138
2061 0.003921569
1295 0.003921569
10767 0.007843138
8724 0.003921569
278 0.003921569
19736 0.015686275
4635 0.003921569
21278 0.003921569
12830 0.003921569
13855 0.003921569
13343 0.003921569
6688 0.003921569
11298 0.007843138
22050 0.007843138
9250 0.011764706
3619 0.003921569
6952 0.003921569
553 0.003921569
4652 0.003921569
10284 0.003921569
13613 0.003921569
6191 0.003921569
6450 0.003921569
19250 0.003921569
3130 0.003921569
11322 0.003921569
14650 0.007843138
9532 0.003921569
3645 0.003921569
15422 0.003921569
18239 0.003921569
17476 0.003921569
18758 0.003921569
12871 0.003921569
6215 0.007843138
8263 0.011764706
4169 0.007843138
18251 0.02745098
16717 0.011764706
11598 0.003921569
10831 0.011764706
10065 0.003921569
3922 0.003921569
7251 0.003921569
6740 0.003921569
18263 0.015686275
10331 0.003921569
6239 0.011764706
16736 0.003921569
13664 0.003921569
16481 0.003921569
21345 0.003921569
10083 0.003921569
13929 0.003921569
19307 0.003921569
4971 0.003921569
365 0.003921569
18800 0.003921569
11635 0.023529412
5236 0.003921569
884 0.011764706
19062 0.003921569
16505 0.011764706
8573 0.003921569
19581 0.015686275
3711 0.003921569
14719 0.007843138
21632 0.003921569
8837 0.011764706
9862 0.019607844
20360 0.003921569
10125 0.003921569
3982 0.023529412
6032 0.007843138
17553 0.007843138
10897 0.015686275
12180 0.003921569
7830 0.003921569
8342 0.019607844
8343 0.011764706
15257 0.003921569
14490 0.003921569
10651 0.019607844
19356 0.003921569
18077 0.003921569
3745 0.003921569
8355 0.003921569
17318 0.003921569
4007 0.003921569
18858 0.003921569
3499 0.007843138
19886 0.003921569
17327 0.003921569
9139 0.003921569
20405 0.015686275
20150 0.011764706
21432 0.003921569
3262 0.007843138
16064 0.003921569
10691 0.007843138
14788 0.003921569
16582 0.003921569
2758 0.011764706
19917 0.003921569
22222 0.003921569
13521 0.003921569
10451 0.019607844
9940 0.003921569
5077 0.003921569
20437 0.003921569
11734 0.003921569
8408 0.003921569
20696 0.015686275
1241 0.003921569
2265 0.007843138
7642 0.003921569
4319 0.019607844
9442 0.007843138
20196 0.003921569
6116 0.003921569
8422 0.003921569
7914 0.003921569
18410 0.003921569
1006 0.003921569
22000 0.003921569
496 0.003921569
2288 0.003921569
19188 0.003921569
5623 0.003921569
7160 0.003921569
19192 0.003921569
11512 0.05882353
22270 0.007843138
6143 0.011764706
