7680 0.0028901733
8194 0.00867052
10243 0.0028901733
10244 0.0057803467
5893 0.014450867
10246 0.0028901733
16390 0.00867052
15624 0.0028901733
5649 0.0028901733
8724 0.0028901733
13844 0.0028901733
19736 0.046242774
4121 0.0028901733
4635 0.0057803467
5149 0.0028901733
17440 0.0028901733
12325 0.0028901733
4903 0.0028901733
6952 0.0028901733
22064 0.0028901733
1072 0.023121387
10546 0.00867052
8243 0.00867052
20020 0.0028901733
14650 0.0057803467
319 0.0028901733
11327 0.0028901733
18239 0.00867052
18758 0.0028901733
12871 0.0028901733
2119 0.0028901733
8263 0.014450867
18251 0.014450867
20813 0.0028901733
16717 0.0028901733
10321 0.0028901733
14161 0.0028901733
3922 0.0028901733
84 0.0028901733
21589 0.095375724
11607 0.0028901733
18263 0.0028901733
13659 0.0028901733
19548 0.0028901733
7775 0.0028901733
6239 0.0028901733
16481 0.0028901733
21345 0.011560693
20579 0.00867052
17252 0.0028901733
3430 0.00867052
20586 0.0028901733
13426 0.0028901733
18038 0.0028901733
12664 0.0057803467
8573 0.0057803467
19581 0.011560693
3199 0.0028901733
21632 0.0028901733
13186 0.0028901733
16003 0.0057803467
11396 0.0028901733
10373 0.0028901733
9862 0.0028901733
8070 0.0028901733
20360 0.0028901733
6032 0.0028901733
10896 0.0028901733
8592 0.0057803467
9361 0.0028901733
10897 0.00867052
8343 0.0057803467
10651 0.0028901733
21403 0.0028901733
11932 0.00867052
4510 0.0028901733
7327 0.0028901733
3745 0.0057803467
3491 0.0057803467
17573 0.0028901733
12710 0.00867052
15528 0.0028901733
12713 0.0028901733
18858 0.0028901733
18602 0.054913294
8111 0.095375724
4789 0.0028901733
20405 0.00867052
17593 0.00867052
11450 0.0028901733
6336 0.0028901733
18369 0.0028901733
5825 0.0057803467
10691 0.0057803467
3268 0.0057803467
16582 0.0028901733
11718 0.0028901733
1482 0.0057803467
20426 0.0057803467
715 0.0028901733
13521 0.0028901733
10451 0.03468208
7124 0.049132947
14293 0.0057803467
20437 0.0057803467
3288 0.0028901733
20696 0.0028901733
21465 0.0028901733
12249 0.0028901733
6875 0.0028901733
12765 0.00867052
4319 0.0057803467
5859 0.0028901733
8163 0.0028901733
3300 0.0028901733
6116 0.0028901733
20453 0.0028901733
5349 0.00867052
16103 0.0028901733
1262 0.01734104
11504 0.0028901733
12016 0.0057803467
20723 0.0028901733
18677 0.0057803467
14838 0.0028901733
11512 0.049132947
20217 0.0028901733
22009 0.0028901733
