21632 0.005988024
18693 0.017964073
5893 0.023952097
9862 0.005988024
6409 0.005988024
17935 0.005988024
10512 0.005988024
10897 0.023952097
8724 0.005988024
22294 0.005988024
8343 0.005988024
19736 0.005988024
18842 0.005988024
4635 0.011976048
3745 0.005988024
11298 0.005988024
9250 0.005988024
17318 0.005988024
13480 0.005988024
15528 0.005988024
7208 0.005988024
1706 0.005988024
19886 0.005988024
22064 0.011976048
11825 0.005988024
10417 0.053892214
14515 0.005988024
21044 0.005988024
20020 0.005988024
1076 0.005988024
20405 0.023952097
14650 0.005988024
11327 0.005988024
18239 0.011976048
21696 0.011976048
10691 0.005988024
16582 0.005988024
12871 0.005988024
8263 0.005988024
2119 0.005988024
18251 0.08982036
19020 0.005988024
20429 0.005988024
6222 0.005988024
1488 0.011976048
13521 0.005988024
20818 0.005988024
10451 0.017964073
18774 0.011976048
18263 0.017964073
20696 0.005988024
21465 0.005988024
14300 0.005988024
6239 0.011976048
4319 0.065868266
16736 0.017964073
16481 0.005988024
13538 0.011976048
8163 0.005988024
20579 0.005988024
10083 0.005988024
4963 0.011976048
6116 0.005988024
20453 0.005988024
5990 0.005988024
3430 0.017964073
10728 0.065868266
6509 0.005988024
11635 0.005988024
884 0.011976048
7669 0.005988024
4213 0.005988024
19317 0.005988024
14838 0.005988024
21752 0.005988024
11512 0.029940119
3323 0.005988024
19581 0.035928145
13567 0.005988024
3455 0.011976048
3199 0.017964073
6143 0.017964073
