7680 0.004149378
8193 0.004149378
8194 0.004149378
5893 0.004149378
16390 0.004149378
10763 0.004149378
5900 0.004149378
5903 0.004149378
17935 0.004149378
8724 0.004149378
278 0.004149378
19736 0.016597511
4635 0.008298756
10780 0.012448133
6687 0.004149378
13855 0.004149378
6688 0.004149378
7457 0.012448133
11298 0.004149378
9250 0.004149378
10789 0.004149378
21541 0.004149378
38 0.004149378
11303 0.004149378
8743 0.008298756
13097 0.004149378
13613 0.008298756
18991 0.004149378
11825 0.004149378
7474 0.004149378
14650 0.012448133
11839 0.004149378
11327 0.008298756
18239 0.012448133
8000 0.004149378
11073 0.004149378
20034 0.004149378
1858 0.004149378
18501 0.004149378
9542 0.004149378
12871 0.004149378
8263 0.004149378
7752 0.004149378
13641 0.004149378
11337 0.004149378
18251 0.008298756
20813 0.012448133
7251 0.004149378
16724 0.008298756
18263 0.004149378
20312 0.004149378
16984 0.012448133
2393 0.004149378
3932 0.004149378
15196 0.029045643
13919 0.004149378
8288 0.004149378
16481 0.004149378
20579 0.004149378
10083 0.012448133
11109 0.004149378
3430 0.004149378
15209 0.008298756
21872 0.008298756
8561 0.008298756
2674 0.004149378
11635 0.012448133
22132 0.004149378
884 0.004149378
19062 0.008298756
2424 0.004149378
8569 0.004149378
19581 0.0373444
18815 0.004149378
21632 0.004149378
14465 0.012448133
9862 0.008298756
19082 0.004149378
2957 0.004149378
3982 0.004149378
11151 0.004149378
20367 0.008298756
20624 0.008298756
6032 0.008298756
10897 0.016597511
20883 0.004149378
150 0.004149378
2968 0.004149378
13210 0.004149378
20127 0.004149378
3745 0.012448133
8355 0.012448133
17318 0.004149378
15528 0.004149378
6317 0.008298756
19886 0.004149378
12208 0.029045643
16305 0.004149378
13235 0.004149378
10677 0.016597511
20405 0.020746889
3515 0.024896266
6588 0.012448133
14526 0.004149378
5825 0.008298756
20418 0.004149378
9666 0.004149378
16582 0.004149378
5834 0.004149378
21194 0.004149378
13521 0.004149378
10451 0.033195022
11734 0.004149378
16599 0.004149378
20696 0.004149378
1754 0.004149378
731 0.004149378
3803 0.004149378
14556 0.004149378
989 0.004149378
4319 0.004149378
7135 0.004149378
5859 0.008298756
6116 0.012448133
5861 0.004149378
5349 0.004149378
8422 0.004149378
6886 0.016597511
7914 0.004149378
18923 0.004149378
20203 0.012448133
1006 0.004149378
12271 0.004149378
12020 0.004149378
15092 0.004149378
18677 0.004149378
11512 0.029045643
20217 0.004149378
22009 0.004149378
17659 0.004149378
6143 0.008298756
