8194 0.005050505
5893 0.01010101
19461 0.04040404
16390 0.005050505
10246 0.015151516
9227 0.005050505
5900 0.005050505
2061 0.005050505
15629 0.005050505
15374 0.01010101
10767 0.01010101
16656 0.005050505
8724 0.005050505
13844 0.005050505
13334 0.005050505
19736 0.02020202
4635 0.005050505
15900 0.015151516
9250 0.01010101
1837 0.005050505
13613 0.01010101
7474 0.005050505
10546 0.005050505
7220 0.005050505
14650 0.055555556
833 0.005050505
10821 0.025252525
12871 0.005050505
8263 0.005050505
18251 0.035353534
20813 0.005050505
20821 0.005050505
18263 0.015151516
20571 0.005050505
9310 0.005050505
13919 0.005050505
1376 0.005050505
16736 0.005050505
16481 0.005050505
11363 0.005050505
20579 0.01010101
3430 0.005050505
5226 0.005050505
14189 0.01010101
3950 0.045454547
5231 0.005050505
18544 0.025252525
3704 0.005050505
19581 0.025252525
21632 0.005050505
2436 0.005050505
11141 0.005050505
8837 0.005050505
8070 0.01010101
18060 0.005050505
3982 0.005050505
11151 0.005050505
10897 0.025252525
20883 0.005050505
8343 0.005050505
19865 0.005050505
21401 0.01010101
10651 0.005050505
928 0.005050505
3745 0.005050505
6314 0.01010101
13235 0.005050505
18869 0.005050505
20405 0.01010101
19126 0.005050505
18873 0.005050505
3515 0.005050505
14011 0.005050505
6336 0.005050505
1217 0.005050505
21698 0.005050505
16582 0.005050505
10184 0.005050505
1224 0.005050505
13260 0.005050505
19917 0.005050505
13521 0.005050505
10451 0.015151516
20696 0.005050505
21465 0.005050505
11482 0.005050505
5083 0.01010101
14300 0.005050505
4319 0.015151516
13538 0.015151516
5349 0.005050505
5861 0.005050505
20453 0.01010101
16871 0.005050505
2791 0.01010101
14060 0.005050505
20723 0.005050505
12020 0.005050505
19192 0.045454547
11512 0.060606062
20217 0.01010101
5631 0.005050505
