21632 0.0062111802
2690 0.0062111802
10243 0.0062111802
5893 0.01863354
9862 0.0062111802
10246 0.0124223605
15629 0.0062111802
9361 0.0062111802
10897 0.0124223605
8724 0.0062111802
8468 0.0062111802
13844 0.0124223605
13334 0.0062111802
8343 0.024844721
19736 0.01863354
5019 0.0062111802
11932 0.0062111802
8097 0.0062111802
3745 0.0124223605
9250 0.0062111802
15011 0.0062111802
18340 0.0062111802
20516 0.0062111802
18598 0.0062111802
11431 0.0062111802
12329 0.0062111802
5801 0.0062111802
298 0.0062111802
9130 0.0062111802
7082 0.03726708
13613 0.0062111802
8493 0.0062111802
22064 0.0062111802
14514 0.0124223605
20405 0.0124223605
14650 0.0062111802
22077 0.0062111802
12734 0.0062111802
18239 0.0062111802
11327 0.0124223605
8384 0.0062111802
1858 0.0062111802
10691 0.0124223605
3268 0.0062111802
17093 0.0062111802
10821 0.0124223605
16582 0.0062111802
12871 0.0062111802
18251 0.0062111802
2380 0.0062111802
20813 0.0062111802
19917 0.0062111802
6477 0.049689442
14158 0.0062111802
11598 0.0124223605
13521 0.0062111802
10451 0.01863354
11607 0.0062111802
18263 0.0124223605
3288 0.0062111802
7642 0.0062111802
10331 0.0124223605
14300 0.0062111802
6239 0.0062111802
8288 0.0062111802
6368 0.0062111802
16481 0.0062111802
21345 0.0124223605
20579 0.0062111802
8163 0.0062111802
19683 0.0062111802
6116 0.0062111802
20453 0.0062111802
5349 0.0062111802
1125 0.01863354
3430 0.0124223605
2791 0.0062111802
15209 0.0062111802
3306 0.031055901
10094 0.0062111802
1006 0.0062111802
12016 0.0062111802
10993 0.0062111802
884 0.0124223605
9461 0.0062111802
15222 0.0062111802
19062 0.024844721
11512 0.099378884
14587 0.0062111802
15484 0.0062111802
14204 0.0062111802
19581 0.055900622
6654 0.0062111802
