21632 0.006666667
2436 0.006666667
4100 0.006666667
11396 0.006666667
5893 0.02
7430 0.013333334
5900 0.006666667
17294 0.006666667
18064 0.013333334
10897 0.033333335
8724 0.006666667
13844 0.006666667
15509 0.006666667
8343 0.02
19736 0.006666667
21403 0.006666667
4635 0.013333334
21277 0.006666667
6687 0.02
3745 0.006666667
13345 0.013333334
9250 0.006666667
2213 0.006666667
3749 0.006666667
12325 0.013333334
38 0.006666667
12710 0.02
8743 0.006666667
4649 0.006666667
13097 0.006666667
13610 0.006666667
298 0.006666667
4141 0.006666667
13613 0.013333334
8497 0.006666667
10417 0.026666667
15922 0.006666667
9139 0.006666667
20020 0.006666667
19893 0.013333334
20405 0.033333335
21558 0.006666667
2231 0.006666667
21176 0.006666667
20538 0.006666667
12734 0.006666667
18239 0.013333334
13504 0.006666667
8001 0.006666667
11970 0.006666667
3268 0.013333334
16582 0.006666667
2758 0.006666667
7878 0.006666667
18758 0.013333334
12871 0.006666667
4682 0.006666667
1867 0.006666667
18251 0.046666667
18892 0.006666667
2125 0.006666667
13521 0.006666667
10451 0.033333335
20438 0.013333334
3288 0.006666667
21465 0.006666667
2265 0.046666667
1754 0.006666667
15196 0.006666667
14556 0.006666667
13532 0.013333334
14173 0.006666667
16351 0.006666667
4319 0.013333334
13920 0.006666667
16481 0.006666667
15074 0.013333334
10083 0.006666667
20579 0.006666667
14691 0.006666667
6116 0.013333334
5349 0.006666667
3430 0.006666667
15975 0.006666667
8811 0.006666667
14060 0.013333334
18414 0.006666667
18928 0.006666667
21872 0.006666667
8561 0.006666667
11635 0.006666667
884 0.006666667
5237 0.006666667
12664 0.006666667
12541 0.006666667
19581 0.013333334
19199 0.013333334
