19461 0.009836066
5893 0.019672131
10246 0.0032786885
4873 0.0032786885
17676 0.0032786885
17935 0.0032786885
10767 0.006557377
4625 0.0032786885
3860 0.0032786885
5911 0.0032786885
19736 0.06885246
10268 0.0032786885
15900 0.0032786885
15902 0.006557377
21278 0.013114754
12321 0.0032786885
11298 0.0032786885
21541 0.0032786885
4903 0.0032786885
17704 0.0032786885
298 0.006557377
1837 0.0032786885
13613 0.013114754
10546 0.0032786885
21559 0.026229508
3130 0.0032786885
20538 0.0032786885
14650 0.022950819
4923 0.0032786885
7486 0.0032786885
11327 0.006557377
18239 0.009836066
6976 0.0032786885
10821 0.019672131
18758 0.0032786885
20813 0.009836066
16717 0.013114754
5453 0.016393442
6222 0.006557377
2901 0.0032786885
17751 0.0032786885
15196 0.0032786885
2140 0.0032786885
20830 0.0032786885
6239 0.006557377
13919 0.013114754
16736 0.009836066
21345 0.0032786885
18273 0.0032786885
12645 0.019672131
3430 0.009836066
2662 0.013114754
9319 0.0032786885
2158 0.0032786885
18800 0.0032786885
5235 0.0032786885
884 0.0032786885
19581 0.0032786885
11905 0.0032786885
19331 0.0032786885
9092 0.0032786885
6281 0.0032786885
21387 0.006557377
4238 0.0032786885
18834 0.0032786885
8851 0.0032786885
7828 0.0032786885
8343 0.0032786885
21403 0.0032786885
11932 0.039344262
2973 0.0032786885
13983 0.0032786885
2207 0.0032786885
4004 0.0032786885
6828 0.0032786885
14254 0.0032786885
19886 0.016393442
17840 0.0032786885
10417 0.0032786885
14514 0.0032786885
8371 0.0032786885
1716 0.0032786885
20405 0.029508196
9399 0.006557377
3515 0.0032786885
16064 0.0032786885
20163 0.0032786885
3780 0.0032786885
3268 0.0032786885
7110 0.0032786885
12999 0.0032786885
1224 0.0032786885
20170 0.0032786885
2763 0.022950819
13260 0.07213115
12495 0.0032786885
1488 0.06557377
10451 0.016393442
5590 0.0032786885
20696 0.039344262
17114 0.006557377
14300 0.009836066
16095 0.0032786885
5859 0.0032786885
20196 0.0032786885
1766 0.0032786885
18414 0.0032786885
1006 0.006557377
12016 0.006557377
241 0.0032786885
20723 0.0032786885
12020 0.0032786885
16376 0.0032786885
19192 0.0032786885
11512 0.04918033
5631 0.006557377
