5893 0.020304568
10246 0.015228426
17415 0.005076142
20999 0.010152284
264 0.005076142
16396 0.010152284
11790 0.005076142
2319 0.005076142
10767 0.010152284
8724 0.005076142
19736 0.005076142
12830 0.005076142
3104 0.010152284
9250 0.030456852
1829 0.005076142
8237 0.010152284
8497 0.005076142
22067 0.005076142
14388 0.005076142
5428 0.005076142
21813 0.005076142
4408 0.005076142
18239 0.010152284
8256 0.005076142
7747 0.005076142
10821 0.005076142
18758 0.005076142
12871 0.005076142
8263 0.005076142
18251 0.005076142
16717 0.010152284
21588 0.005076142
2647 0.005076142
13146 0.005076142
16481 0.005076142
2662 0.005076142
8297 0.005076142
17513 0.005076142
15209 0.005076142
13929 0.005076142
5226 0.005076142
15980 0.005076142
21872 0.015228426
5235 0.005076142
11635 0.005076142
884 0.010152284
12918 0.005076142
12408 0.005076142
8573 0.005076142
19581 0.015228426
21632 0.005076142
2176 0.005076142
3456 0.005076142
8070 0.010152284
9862 0.015228426
3464 0.005076142
650 0.005076142
18573 0.005076142
7567 0.010152284
10897 0.010152284
4758 0.010152284
8343 0.005076142
15257 0.005076142
16028 0.005076142
14494 0.005076142
3745 0.005076142
8355 0.005076142
3491 0.010152284
15528 0.005076142
5801 0.15228426
19886 0.010152284
8371 0.005076142
4531 0.005076142
20405 0.020304568
6588 0.010152284
14014 0.005076142
5825 0.005076142
12738 0.040609136
16582 0.005076142
2758 0.010152284
10184 0.005076142
1224 0.010152284
12745 0.005076142
17867 0.010152284
716 0.005076142
13521 0.005076142
10451 0.02538071
17365 0.005076142
14550 0.005076142
20696 0.010152284
3288 0.010152284
10715 0.005076142
13532 0.005076142
14300 0.005076142
7135 0.005076142
13538 0.005076142
19427 0.005076142
12771 0.020304568
3300 0.005076142
20453 0.005076142
6886 0.005076142
16871 0.005076142
20715 0.005076142
12011 0.005076142
7661 0.005076142
1006 0.010152284
241 0.005076142
17653 0.010152284
11512 0.015228426
8444 0.005076142
6654 0.005076142
