7680 0.0035587188
2048 0.0035587188
19712 0.042704627
8194 0.0035587188
5893 0.014234875
10246 0.010676157
519 0.0035587188
17415 0.0035587188
16396 0.0071174377
17679 0.0035587188
8724 0.0035587188
22294 0.0035587188
19736 0.017793594
4635 0.0035587188
15900 0.0035587188
14365 0.010676157
14879 0.021352313
9250 0.0035587188
21541 0.0035587188
38 0.0035587188
6952 0.0071174377
10284 0.035587188
13613 0.0035587188
18991 0.0035587188
1072 0.09252669
19510 0.0035587188
11327 0.0035587188
2371 0.0035587188
19268 0.0035587188
14406 0.0035587188
18758 0.0035587188
12871 0.0035587188
6215 0.0035587188
8263 0.017793594
18251 0.042704627
11596 0.0035587188
19792 0.0035587188
10065 0.0035587188
3922 0.0035587188
19548 0.0035587188
13919 0.0035587188
16481 0.0035587188
20579 0.0035587188
3430 0.017793594
4714 0.0035587188
13426 0.0035587188
884 0.0035587188
19062 0.0035587188
12664 0.0035587188
19581 0.017793594
21632 0.0035587188
16003 0.046263345
11141 0.0035587188
9862 0.010676157
10896 0.0035587188
18064 0.0035587188
9361 0.0035587188
19601 0.0035587188
10897 0.014234875
1427 0.0035587188
19603 0.010676157
21141 0.0035587188
2197 0.0035587188
11925 0.0071174377
8343 0.017793594
21401 0.0035587188
10651 0.0035587188
1948 0.0035587188
3745 0.0071174377
10417 0.0035587188
14514 0.017793594
9139 0.0035587188
20405 0.014234875
6838 0.0035587188
14518 0.0035587188
19126 0.0071174377
8890 0.0035587188
16064 0.021352313
16582 0.0071174377
6091 0.0035587188
718 0.0035587188
1488 0.010676157
13521 0.0035587188
10451 0.024911031
7124 0.06761566
20696 0.0035587188
21465 0.0035587188
2269 0.0035587188
4319 0.035587188
12771 0.010676157
20196 0.0035587188
6116 0.0035587188
5349 0.0035587188
20453 0.0071174377
1262 0.0035587188
1006 0.0071174377
19183 0.0035587188
12016 0.0071174377
499 0.0035587188
12020 0.0035587188
14070 0.0035587188
14838 0.010676157
11512 0.021352313
19199 0.010676157
6143 0.010676157
