21632 0.0061728396
8194 0.0061728396
3842 0.0061728396
8836 0.024691358
5893 0.018518519
10246 0.0061728396
9862 0.043209877
20493 0.0061728396
17294 0.0061728396
3982 0.0061728396
910 0.0061728396
6286 0.012345679
7950 0.024691358
10767 0.0061728396
10897 0.024691358
8724 0.0061728396
13844 0.0061728396
19736 0.037037037
10649 0.0061728396
19737 0.0061728396
18714 0.0061728396
4635 0.0061728396
11932 0.0061728396
12830 0.024691358
13855 0.0061728396
3745 0.0061728396
22049 0.0061728396
9250 0.012345679
13610 0.0061728396
1837 0.018518519
11825 0.0061728396
14129 0.0061728396
19250 0.0061728396
20405 0.024691358
21813 0.037037037
19126 0.0061728396
14650 0.012345679
18239 0.0061728396
18623 0.012345679
11327 0.012345679
3520 0.0061728396
4416 0.012345679
10691 0.012345679
3268 0.0061728396
19268 0.0061728396
10437 0.012345679
16582 0.0061728396
18758 0.0061728396
11462 0.030864198
12871 0.0061728396
1736 0.0061728396
18251 0.012345679
13521 0.0061728396
7251 0.0061728396
10451 0.030864198
20821 0.0061728396
20438 0.012345679
18263 0.0061728396
20696 0.012345679
21465 0.012345679
12765 0.0061728396
15966 0.0061728396
4319 0.012345679
16481 0.0061728396
18401 0.0061728396
21345 0.0061728396
2531 0.0061728396
20453 0.0061728396
5349 0.0061728396
3943 0.012345679
7914 0.0061728396
1261 0.0061728396
109 0.012345679
17262 0.0061728396
20078 0.0061728396
1006 0.0061728396
21487 0.0061728396
8175 0.012345679
12016 0.0061728396
13426 0.018518519
11635 0.012345679
884 0.012345679
19062 0.0061728396
11512 0.055555556
20601 0.0061728396
13946 0.0061728396
3579 0.0061728396
19581 0.018518519
4095 0.0061728396
