1 0.003322259
8194 0.009966778
4100 0.006644518
5892 0.006644518
5893 0.009966778
10246 0.003322259
17415 0.006644518
21514 0.003322259
10763 0.009966778
16396 0.003322259
5900 0.003322259
13839 0.003322259
10258 0.003322259
8211 0.003322259
8724 0.003322259
13844 0.003322259
19736 0.009966778
21277 0.006644518
13855 0.006644518
13343 0.006644518
6688 0.003322259
18464 0.003322259
9250 0.003322259
20516 0.003322259
38 0.003322259
6952 0.016611295
2090 0.003322259
18731 0.006644518
13613 0.003322259
4141 0.003322259
22064 0.006644518
11825 0.003322259
18233 0.003322259
14650 0.003322259
22076 0.009966778
3645 0.026578072
8254 0.003322259
11327 0.006644518
18239 0.013289036
8260 0.003322259
10821 0.016611295
18758 0.009966778
12871 0.003322259
8263 0.003322259
4169 0.003322259
18251 0.03986711
2897 0.003322259
20052 0.003322259
5460 0.003322259
18263 0.013289036
1113 0.003322259
5209 0.003322259
11611 0.003322259
10331 0.003322259
3419 0.003322259
13919 0.003322259
16481 0.003322259
7265 0.009966778
4963 0.003322259
20579 0.003322259
5990 0.003322259
2662 0.013289036
8297 0.003322259
20074 0.003322259
874 0.003322259
12398 0.003322259
13426 0.003322259
11636 0.003322259
12664 0.003322259
8573 0.009966778
19581 0.026578072
3455 0.003322259
21632 0.003322259
16003 0.013289036
11141 0.003322259
13958 0.003322259
9862 0.006644518
10125 0.003322259
11151 0.006644518
20624 0.003322259
6032 0.009966778
10897 0.009966778
8851 0.003322259
13972 0.003322259
8855 0.003322259
2968 0.003322259
18842 0.003322259
15003 0.003322259
10651 0.009966778
11932 0.003322259
3745 0.003322259
12710 0.03322259
2731 0.003322259
19886 0.006644518
19631 0.006644518
12208 0.003322259
9393 0.003322259
14514 0.003322259
6579 0.003322259
17843 0.003322259
14515 0.006644518
20405 0.036544852
19126 0.006644518
18872 0.003322259
14011 0.006644518
15550 0.003322259
5825 0.009966778
10691 0.013289036
14533 0.003322259
16582 0.006644518
1482 0.003322259
3530 0.006644518
716 0.006644518
462 0.003322259
1488 0.003322259
13521 0.003322259
17361 0.003322259
10451 0.026578072
9685 0.003322259
20696 0.009966778
10969 0.003322259
7642 0.003322259
4319 0.023255814
20451 0.003322259
5861 0.006644518
20453 0.009966778
8422 0.003322259
2791 0.003322259
20712 0.003322259
1261 0.006644518
1006 0.009966778
5616 0.003322259
12016 0.013289036
3313 0.003322259
14070 0.003322259
16886 0.003322259
11512 0.049833886
2041 0.003322259
3323 0.013289036
16892 0.003322259
6143 0.006644518
19199 0.009966778
3839 0.016611295
