20992 0.004878049
8193 0.004878049
8194 0.024390243
9988 0.004878049
8709 0.004878049
5893 0.029268293
10246 0.004878049
16390 0.004878049
17935 0.004878049
10767 0.004878049
8463 0.009756098
8208 0.004878049
15121 0.004878049
21779 0.009756098
8724 0.004878049
19736 0.019512195
3097 0.029268293
14620 0.004878049
10012 0.004878049
6688 0.004878049
12832 0.004878049
550 0.004878049
38 0.004878049
21287 0.004878049
13610 0.004878049
298 0.014634146
1324 0.004878049
14381 0.004878049
13613 0.014634146
46 0.004878049
18991 0.029268293
1072 0.004878049
8243 0.004878049
21044 0.009756098
21558 0.004878049
14650 0.004878049
22076 0.004878049
11327 0.004878049
8260 0.004878049
10821 0.004878049
326 0.004878049
18758 0.004878049
8263 0.004878049
12871 0.009756098
4169 0.004878049
18251 0.004878049
12109 0.004878049
11598 0.004878049
10831 0.004878049
18263 0.034146342
3419 0.004878049
14173 0.004878049
16481 0.004878049
21345 0.004878049
20579 0.004878049
3430 0.004878049
2662 0.009756098
15975 0.004878049
21872 0.004878049
884 0.009756098
21621 0.004878049
15222 0.004878049
19062 0.004878049
20345 0.004878049
19581 0.009756098
1662 0.004878049
21632 0.004878049
8836 0.034146342
6021 0.004878049
9862 0.009756098
18060 0.004878049
17553 0.004878049
9361 0.004878049
10897 0.024390243
9362 0.009756098
20886 0.004878049
7830 0.004878049
5783 0.004878049
8343 0.029268293
10651 0.004878049
13983 0.004878049
3745 0.009756098
7082 0.004878049
8371 0.004878049
14515 0.009756098
9141 0.004878049
20405 0.009756098
18623 0.004878049
16064 0.004878049
5825 0.009756098
18882 0.004878049
9666 0.004878049
10691 0.009756098
16582 0.004878049
715 0.004878049
19408 0.004878049
20176 0.004878049
14288 0.014634146
13521 0.004878049
3538 0.004878049
10451 0.019512195
20696 0.019512195
14300 0.004878049
12765 0.009756098
6623 0.004878049
4319 0.009756098
2531 0.009756098
20196 0.004878049
11236 0.004878049
6116 0.009756098
20453 0.004878049
5861 0.004878049
5096 0.004878049
14314 0.004878049
3306 0.004878049
1006 0.009756098
241 0.004878049
21752 0.004878049
11512 0.058536585
19455 0.004878049
