21632 0.006802721
8193 0.006802721
5893 0.027210884
10246 0.006802721
6409 0.006802721
8972 0.006802721
15374 0.006802721
10767 0.006802721
1295 0.020408163
6032 0.013605442
10897 0.013605442
20883 0.006802721
2323 0.006802721
275 0.108843535
8724 0.006802721
14618 0.006802721
4635 0.013605442
10651 0.020408163
11932 0.013605442
21278 0.020408163
8095 0.006802721
3745 0.006802721
9250 0.006802721
3491 0.027210884
2854 0.006802721
20774 0.034013607
15528 0.006802721
13097 0.013605442
19370 0.006802721
4141 0.006802721
19886 0.020408163
10417 0.006802721
12470 0.006802721
2231 0.013605442
14650 0.027210884
11327 0.006802721
16064 0.013605442
5825 0.006802721
2242 0.006802721
22210 0.006802721
10691 0.006802721
16582 0.006802721
18758 0.006802721
1862 0.006802721
7110 0.013605442
12871 0.006802721
18251 0.006802721
20942 0.006802721
19662 0.006802721
14798 0.006802721
1488 0.006802721
13521 0.006802721
3282 0.006802721
10451 0.013605442
853 0.006802721
20438 0.013605442
20312 0.013605442
21465 0.006802721
14556 0.006802721
13532 0.006802721
15196 0.020408163
18397 0.013605442
16095 0.013605442
13664 0.006802721
16481 0.006802721
12001 0.006802721
18021 0.006802721
20453 0.020408163
3430 0.006802721
5990 0.006802721
16871 0.006802721
20712 0.006802721
20203 0.006802721
19563 0.006802721
1006 0.006802721
18414 0.006802721
12016 0.006802721
20209 0.006802721
884 0.006802721
21621 0.006802721
11512 0.034013607
2041 0.006802721
10492 0.006802721
19581 0.020408163
12286 0.006802721
3839 0.006802721
6143 0.013605442
