2048 0.0036101083
8194 0.0036101083
5380 0.0036101083
5893 0.014440433
10246 0.0036101083
6409 0.0036101083
3339 0.0072202166
16396 0.0072202166
5903 0.0072202166
1295 0.0072202166
9231 0.0072202166
22035 0.0036101083
8724 0.0036101083
13844 0.010830325
8469 0.0036101083
19736 0.0072202166
4635 0.010830325
9250 0.010830325
4645 0.0036101083
4647 0.0036101083
12841 0.0036101083
7722 0.0036101083
13613 0.0036101083
8497 0.0036101083
15922 0.0036101083
10546 0.0036101083
21813 0.010830325
13626 0.0036101083
14650 0.0072202166
11837 0.0036101083
3645 0.0036101083
11327 0.010830325
1858 0.0036101083
19266 0.0036101083
10821 0.0036101083
12614 0.0036101083
18758 0.010830325
12871 0.0036101083
6215 0.0072202166
8263 0.0072202166
4169 0.0036101083
74 0.0036101083
18251 0.028880866
2380 0.0036101083
16717 0.010830325
21334 0.0036101083
11607 0.0036101083
16983 0.0036101083
18263 0.010830325
15962 0.0036101083
13659 0.0072202166
6491 0.014440433
15196 0.0036101083
16481 0.0036101083
8545 0.0036101083
10083 0.0036101083
14185 0.0036101083
13929 0.010830325
16490 0.0036101083
15986 0.0036101083
11635 0.0036101083
884 0.0036101083
19062 0.0036101083
19830 0.0036101083
8569 0.0072202166
8573 0.010830325
19581 0.014440433
9598 0.0036101083
21632 0.0036101083
7299 0.04693141
11141 0.0072202166
8837 0.014440433
9862 0.0072202166
1671 0.0036101083
14217 0.0036101083
7567 0.010830325
3984 0.0036101083
8592 0.0036101083
20624 0.0036101083
13457 0.0036101083
10897 0.014440433
20883 0.0036101083
16531 0.0036101083
12180 0.0036101083
15509 0.0036101083
7830 0.0036101083
4758 0.010830325
8343 0.0036101083
8855 0.0072202166
8087 0.010830325
10651 0.0036101083
3745 0.0036101083
21667 0.0036101083
15011 0.0036101083
18345 0.0036101083
15273 0.0036101083
9393 0.0072202166
20405 0.0072202166
19126 0.0036101083
21178 0.0036101083
702 0.0036101083
14273 0.0036101083
21444 0.0036101083
2758 0.0036101083
9926 0.0036101083
16582 0.0072202166
18378 0.018050542
4556 0.0036101083
2765 0.010830325
8654 0.0036101083
14798 0.0036101083
13521 0.0036101083
17361 0.0036101083
10451 0.02166065
7637 0.0036101083
20437 0.0036101083
20438 0.0072202166
20696 0.0072202166
5083 0.0036101083
731 0.0036101083
14300 0.0036101083
4573 0.0036101083
4319 0.014440433
15587 0.0036101083
6115 0.0036101083
6116 0.0036101083
20453 0.0072202166
8422 0.0036101083
6886 0.0072202166
3306 0.010830325
20203 0.0036101083
15595 0.032490976
18414 0.0036101083
1006 0.0072202166
21487 0.0036101083
496 0.0036101083
8433 0.014440433
12020 0.0036101083
19188 0.0036101083
21236 0.0036101083
14838 0.010830325
16375 0.014440433
11512 0.039711192
6654 0.0036101083
5631 0.0036101083
6143 0.028880866
