21632 0.0057803467
8194 0.0057803467
16003 0.011560693
8836 0.0057803467
5893 0.011560693
10246 0.011560693
9862 0.023121387
9226 0.0057803467
8843 0.0057803467
15629 0.0057803467
3982 0.0057803467
6286 0.0057803467
21262 0.011560693
20624 0.03468208
10897 0.0867052
8724 0.0057803467
12180 0.0057803467
19736 0.01734104
6688 0.0057803467
13600 0.011560693
3745 0.0057803467
9250 0.0057803467
7077 0.0057803467
4903 0.0057803467
15528 0.0057803467
10409 0.0057803467
10284 0.0057803467
13485 0.0057803467
19886 0.01734104
14514 0.0057803467
19250 0.0057803467
20405 0.07514451
12470 0.0057803467
17464 0.0057803467
14650 0.011560693
1851 0.0057803467
6588 0.0057803467
18239 0.0057803467
11327 0.01734104
14273 0.0057803467
21698 0.0057803467
17476 0.0057803467
4934 0.0057803467
16582 0.011560693
8263 0.0057803467
12871 0.011560693
7752 0.01734104
5834 0.0057803467
10699 0.0057803467
18251 0.057803467
11598 0.0057803467
11215 0.0057803467
13521 0.0057803467
3922 0.0057803467
10451 0.028901733
21076 0.0057803467
15831 0.011560693
18263 0.03468208
21465 0.011560693
731 0.0057803467
5083 0.011560693
6239 0.0057803467
13919 0.023121387
4319 0.05202312
16481 0.0057803467
21345 0.0057803467
7265 0.011560693
6116 0.0057803467
5349 0.0057803467
3430 0.0057803467
15078 0.011560693
5224 0.0057803467
13160 0.011560693
14314 0.0057803467
17130 0.0057803467
14443 0.0057803467
21483 0.011560693
6509 0.0057803467
7277 0.0057803467
1006 0.0057803467
10095 0.0057803467
12271 0.0057803467
12016 0.011560693
884 0.0057803467
11512 0.0057803467
253 0.0057803467
