2048 0.0031847134
8194 0.006369427
5892 0.0031847134
5380 0.0031847134
8709 0.0031847134
5893 0.098726116
10248 0.0031847134
8714 0.0031847134
22026 0.0031847134
5900 0.0031847134
2573 0.0031847134
17935 0.0031847134
10767 0.0031847134
15120 0.0031847134
278 0.0031847134
22296 0.0031847134
19736 0.022292994
4635 0.031847134
12830 0.0031847134
13343 0.0031847134
9250 0.0031847134
38 0.0031847134
13097 0.006369427
4649 0.006369427
6444 0.0031847134
19250 0.0031847134
20020 0.0031847134
20538 0.0031847134
14650 0.006369427
12603 0.0031847134
6206 0.0031847134
13374 0.0031847134
11327 0.006369427
18239 0.012738854
10821 0.022292994
4934 0.0031847134
12871 0.0031847134
8263 0.006369427
845 0.0031847134
20815 0.0031847134
2897 0.0031847134
10065 0.006369427
17751 0.006369427
3675 0.0031847134
13659 0.006369427
15966 0.0031847134
9310 0.006369427
13919 0.006369427
22114 0.0031847134
20579 0.0031847134
3430 0.015923567
17513 0.0031847134
14185 0.0031847134
15209 0.01910828
8811 0.0031847134
9836 0.0031847134
19052 0.0031847134
11635 0.0031847134
884 0.00955414
10618 0.0031847134
19322 0.0031847134
19581 0.041401275
21886 0.0031847134
3455 0.0031847134
9862 0.012738854
13448 0.0031847134
10895 0.0031847134
17553 0.0031847134
8855 0.0031847134
8343 0.006369427
11672 0.0031847134
8090 0.0031847134
19098 0.0031847134
2204 0.012738854
11932 0.012738854
4253 0.0031847134
5022 0.0031847134
927 0.0031847134
20127 0.0031847134
3745 0.01910828
18340 0.0031847134
15528 0.006369427
2731 0.0031847134
19886 0.0031847134
8368 0.01910828
1202 0.0031847134
14514 0.006369427
9139 0.0031847134
1716 0.0031847134
20405 0.025477707
19127 0.0031847134
16572 0.0031847134
192 0.0031847134
3268 0.006369427
10184 0.0031847134
12492 0.0031847134
716 0.006369427
2254 0.0031847134
718 0.022292994
12495 0.0031847134
11215 0.0031847134
15567 0.0031847134
1488 0.0031847134
10451 0.05732484
2260 0.0031847134
20437 0.006369427
3288 0.0031847134
20696 0.025477707
1241 0.0031847134
7897 0.0031847134
11482 0.0031847134
10461 0.0031847134
4574 0.006369427
18657 0.00955414
14819 0.0031847134
6116 0.00955414
5349 0.0031847134
6375 0.0031847134
7914 0.0031847134
14060 0.012738854
1006 0.012738854
21487 0.006369427
8433 0.0031847134
241 0.0031847134
17395 0.0031847134
20723 0.0031847134
19188 0.0031847134
7160 0.0031847134
11512 0.060509555
15865 0.0031847134
10492 0.0031847134
11005 0.0031847134
3839 0.0031847134
6143 0.0031847134
