21632 0.016949153
16064 0.016949153
19137 0.016949153
10691 0.016949153
16582 0.016949153
10246 0.050847456
12871 0.016949153
5834 0.016949153
18251 0.016949153
16717 0.016949153
12365 0.016949153
17294 0.016949153
1488 0.016949153
13521 0.016949153
10065 0.016949153
10897 0.06779661
8724 0.016949153
8343 0.016949153
18263 0.016949153
20696 0.016949153
19736 0.06779661
19034 0.016949153
4635 0.016949153
13275 0.016949153
15900 0.016949153
6111 0.016949153
20959 0.016949153
1951 0.016949153
6688 0.016949153
16481 0.016949153
3745 0.050847456
10083 0.016949153
15209 0.016949153
2602 0.016949153
14381 0.016949153
241 0.016949153
8371 0.016949153
11635 0.016949153
9141 0.016949153
20085 0.016949153
20405 0.016949153
11512 0.06779661
14650 0.06779661
