4099 0.0054644807
5893 0.027322404
17415 0.0054644807
6409 0.0054644807
4108 0.0054644807
15629 0.0054644807
10767 0.0054644807
3859 0.0054644807
8724 0.0054644807
14615 0.0054644807
14365 0.0054644807
5917 0.0054644807
6174 0.0054644807
12830 0.0054644807
6688 0.0054644807
21541 0.010928961
38 0.0054644807
12841 0.0054644807
5932 0.0054644807
13613 0.0054644807
1837 0.016393442
22064 0.010928961
21813 0.010928961
311 0.038251366
14650 0.016393442
18239 0.0054644807
11327 0.027322404
6724 0.0054644807
10821 0.0054644807
18758 0.0054644807
12871 0.0054644807
6215 0.0054644807
4169 0.0054644807
18251 0.043715846
11607 0.0054644807
11611 0.0054644807
20571 0.0054644807
15196 0.06010929
16481 0.0054644807
2914 0.010928961
12899 0.0054644807
5222 0.0054644807
2662 0.016393442
19062 0.0054644807
19834 0.0054644807
11643 0.0054644807
12413 0.0054644807
19581 0.021857923
5502 0.0054644807
21632 0.0054644807
2690 0.0054644807
11396 0.0054644807
5511 0.0054644807
13448 0.0054644807
10897 0.021857923
150 0.0054644807
8343 0.027322404
19865 0.0054644807
11932 0.016393442
18078 0.0054644807
3745 0.016393442
935 0.0054644807
18599 0.0054644807
168 0.016393442
7082 0.032786883
20395 0.0054644807
2476 0.0054644807
14515 0.010928961
20405 0.038251366
2231 0.0054644807
12734 0.0054644807
20158 0.0054644807
3268 0.010928961
16582 0.0054644807
13255 0.0054644807
10184 0.0054644807
13521 0.0054644807
10451 0.016393442
21465 0.0054644807
11225 0.016393442
7642 0.0054644807
16605 0.0054644807
10463 0.0054644807
6623 0.0054644807
9951 0.0054644807
4319 0.038251366
5603 0.0054644807
5859 0.0054644807
20453 0.0054644807
16871 0.0054644807
12016 0.0054644807
19443 0.0054644807
15608 0.0054644807
11512 0.027322404
2041 0.0054644807
14585 0.0054644807
5631 0.0054644807
6143 0.010928961
