8194 0.007920792
7683 0.001980198
4100 0.001980198
10246 0.00990099
16396 0.0118811885
2063 0.001980198
17935 0.003960396
8724 0.001980198
13844 0.007920792
17431 0.001980198
16409 0.001980198
4635 0.01980198
20508 0.001980198
15900 0.001980198
15902 0.001980198
13855 0.001980198
6688 0.0059405942
11298 0.003960396
9250 0.0118811885
21541 0.001980198
38 0.003960396
4647 0.001980198
20020 0.0059405942
17464 0.001980198
59 0.001980198
13883 0.001980198
8254 0.003960396
15935 0.001980198
11327 0.003960396
7747 0.00990099
8260 0.001980198
10821 0.003960396
12871 0.003960396
6215 0.0059405942
8263 0.00990099
4169 0.007920792
6218 0.001980198
15959 0.001980198
22107 0.001980198
13919 0.007920792
16481 0.001980198
20579 0.003960396
18536 0.001980198
13929 0.0118811885
12398 0.003960396
111 0.001980198
13426 0.001980198
10873 0.001980198
15484 0.0059405942
19581 0.015841585
21632 0.001980198
13952 0.001980198
2690 0.007920792
11396 0.001980198
18566 0.001980198
9862 0.0118811885
10380 0.001980198
17549 0.001980198
18573 0.001980198
1678 0.001980198
6286 0.001980198
14992 0.003960396
17553 0.0059405942
10897 0.00990099
2706 0.001980198
4758 0.001980198
8342 0.0059405942
13463 0.001980198
8343 0.007920792
3224 0.001980198
9370 0.001980198
2204 0.001980198
11932 0.015841585
18077 0.003960396
20127 0.001980198
13983 0.003960396
3745 0.007920792
15011 0.001980198
15528 0.001980198
20140 0.001980198
13485 0.001980198
8368 0.003960396
14514 0.003960396
12468 0.001980198
6836 0.001980198
12470 0.001980198
22198 0.001980198
8890 0.003960396
4286 0.003960396
6336 0.001980198
19137 0.001980198
8898 0.001980198
16582 0.003960396
2758 0.003960396
5834 0.001980198
11467 0.001980198
715 0.007920792
12495 0.001980198
20176 0.003960396
3793 0.001980198
13521 0.001980198
15057 0.001980198
5843 0.001980198
10451 0.01980198
20696 0.023762377
20185 0.001980198
1754 0.001980198
18144 0.001980198
2785 0.001980198
13538 0.001980198
18148 0.001980198
5349 0.001980198
5861 0.001980198
2790 0.001980198
19688 0.001980198
6888 0.001980198
3306 0.003960396
7914 0.007920792
241 0.001980198
18163 0.001980198
13044 0.001980198
14070 0.001980198
11512 0.05742574
10489 0.001980198
9979 0.001980198
3323 0.003960396
13566 0.003960396
19712 0.001980198
10499 0.001980198
3331 0.001980198
5893 0.03168317
22294 0.001980198
278 0.001980198
19736 0.021782178
13600 0.001980198
14625 0.001980198
13604 0.001980198
298 0.001980198
21291 0.001980198
1324 0.001980198
13613 0.003960396
19250 0.001980198
13621 0.001980198
14650 0.001980198
8508 0.001980198
12095 0.003960396
18239 0.0059405942
1858 0.003960396
18758 0.001980198
15178 0.001980198
18251 0.001980198
20813 0.001980198
16717 0.003960396
14158 0.001980198
3922 0.001980198
20821 0.001980198
20309 0.001980198
18263 0.015841585
14173 0.001980198
16736 0.00990099
21345 0.001980198
10083 0.003960396
5990 0.007920792
3430 0.013861386
13160 0.001980198
4969 0.001980198
15209 0.003960396
874 0.001980198
6509 0.001980198
17262 0.001980198
21872 0.0059405942
11635 0.001980198
884 0.0059405942
1913 0.001980198
11644 0.0059405942
14718 0.001980198
10115 0.001980198
9095 0.001980198
20360 0.001980198
17294 0.003960396
7567 0.001980198
11151 0.001980198
15247 0.003960396
6032 0.001980198
13714 0.003960396
17815 0.001980198
21401 0.001980198
8090 0.001980198
13722 0.001980198
13211 0.021782178
1948 0.001980198
4510 0.001980198
18340 0.001980198
1957 0.001980198
17318 0.001980198
19886 0.003960396
20402 0.001980198
9139 0.001980198
20405 0.035643563
9656 0.001980198
3000 0.001980198
6588 0.003960396
12734 0.001980198
1993 0.001980198
3530 0.001980198
1482 0.00990099
6091 0.003960396
972 0.001980198
1997 0.001980198
19917 0.0059405942
19924 0.001980198
20437 0.007920792
11734 0.003960396
8662 0.003960396
7135 0.001980198
7647 0.003960396
17378 0.001980198
6116 0.003960396
15849 0.003960396
18410 0.001980198
1006 0.0059405942
21487 0.003960396
14838 0.003960396
7160 0.001980198
2041 0.001980198
22009 0.001980198
5631 0.001980198
