21632 0.005291005
6273 0.01058201
8194 0.005291005
16386 0.005291005
16003 0.06349207
5893 0.026455026
9862 0.005291005
10246 0.01058201
5900 0.005291005
13709 0.005291005
17549 0.005291005
2061 0.01058201
19216 0.005291005
10897 0.04761905
3858 0.005291005
8724 0.005291005
22294 0.01058201
8343 0.01058201
19736 0.01058201
19994 0.005291005
21403 0.005291005
12830 0.015873017
6688 0.01058201
3745 0.005291005
8097 0.005291005
9250 0.015873017
12710 0.005291005
38 0.015873017
6952 0.026455026
1324 0.005291005
4141 0.01058201
9139 0.005291005
14515 0.01058201
11827 0.02116402
21044 0.005291005
21813 0.005291005
13621 0.005291005
20405 0.015873017
18872 0.015873017
14650 0.01058201
8254 0.005291005
18239 0.005291005
11327 0.005291005
16064 0.005291005
5825 0.015873017
19268 0.005291005
10821 0.005291005
16582 0.005291005
18758 0.005291005
12871 0.005291005
8263 0.005291005
12744 0.015873017
18251 0.05820106
11598 0.005291005
2383 0.031746034
13521 0.005291005
10451 0.015873017
21588 0.005291005
8021 0.005291005
15831 0.005291005
18263 0.01058201
7384 0.015873017
21465 0.005291005
7642 0.005291005
13659 0.01058201
14300 0.005291005
16095 0.005291005
4319 0.052910052
1376 0.005291005
14560 0.005291005
16481 0.005291005
7265 0.005291005
20579 0.005291005
10083 0.005291005
6116 0.005291005
3430 0.005291005
6886 0.005291005
2662 0.015873017
8297 0.005291005
15209 0.005291005
7914 0.005291005
6509 0.01058201
884 0.005291005
14838 0.005291005
15608 0.005291005
11512 0.052910052
19581 0.037037037
