7681 0.003144654
5892 0.003144654
4100 0.003144654
8709 0.006289308
5893 0.012578616
16390 0.015723271
10246 0.015723271
5900 0.006289308
2061 0.003144654
15629 0.009433962
17935 0.003144654
5903 0.003144654
10767 0.006289308
15121 0.003144654
8724 0.003144654
13844 0.003144654
14100 0.003144654
2837 0.003144654
16408 0.003144654
19736 0.006289308
4635 0.009433962
11292 0.003144654
11293 0.003144654
14625 0.003144654
9250 0.009433962
12325 0.003144654
21541 0.006289308
17960 0.003144654
4649 0.003144654
2602 0.006289308
13613 0.003144654
8237 0.003144654
10546 0.003144654
20020 0.003144654
21044 0.003144654
311 0.003144654
14650 0.015723271
8508 0.003144654
15422 0.003144654
18239 0.012578616
11327 0.018867925
9281 0.003144654
1858 0.003144654
18758 0.006289308
12871 0.003144654
6215 0.003144654
18251 0.003144654
15692 0.003144654
20813 0.009433962
3922 0.003144654
7252 0.006289308
20821 0.003144654
9813 0.003144654
19286 0.003144654
18263 0.07232705
14173 0.003144654
6239 0.003144654
13919 0.003144654
16481 0.003144654
10083 0.003144654
12899 0.003144654
20579 0.006289308
2662 0.006289308
5735 0.003144654
15209 0.003144654
4202 0.003144654
11626 0.003144654
14443 0.003144654
9836 0.012578616
109 0.006289308
6255 0.003144654
11635 0.015723271
19062 0.003144654
12918 0.006289308
20345 0.003144654
19581 0.018867925
21632 0.003144654
1922 0.003144654
2690 0.006289308
13187 0.003144654
8836 0.006289308
6286 0.006289308
18064 0.003144654
20624 0.006289308
2961 0.003144654
10897 0.006289308
8342 0.003144654
8343 0.009433962
16024 0.003144654
13210 0.003144654
14490 0.003144654
11932 0.006289308
20127 0.003144654
13983 0.025157232
3745 0.006289308
20648 0.003144654
15528 0.003144654
2473 0.003144654
18858 0.003144654
12205 0.003144654
8368 0.031446543
9139 0.006289308
20405 0.018867925
7864 0.003144654
19385 0.003144654
5825 0.003144654
10691 0.003144654
3525 0.003144654
16582 0.003144654
2758 0.006289308
9671 0.003144654
1224 0.003144654
16841 0.006289308
5833 0.012578616
716 0.006289308
8140 0.009433962
718 0.003144654
14798 0.009433962
1488 0.006289308
13521 0.003144654
10451 0.044025157
20696 0.003144654
3288 0.009433962
21465 0.003144654
4314 0.003144654
1754 0.003144654
7642 0.003144654
14300 0.003144654
16605 0.003144654
6111 0.015723271
9442 0.006289308
13538 0.003144654
5859 0.003144654
2531 0.040880505
6116 0.003144654
20453 0.003144654
5349 0.003144654
16869 0.003144654
8422 0.003144654
16871 0.003144654
20712 0.003144654
10218 0.003144654
18923 0.003144654
1261 0.003144654
1006 0.009433962
3058 0.003144654
21493 0.003144654
11512 0.047169812
2041 0.003144654
10492 0.003144654
19199 0.003144654
