21632 0.0061728396
13701 0.0061728396
8837 0.012345679
5893 0.074074075
19079 0.0061728396
17415 0.0061728396
20360 0.0061728396
6413 0.012345679
7567 0.012345679
400 0.012345679
17553 0.0061728396
10897 0.024691358
8724 0.0061728396
2836 0.018518519
8342 0.0061728396
8855 0.0061728396
19736 0.012345679
5019 0.0061728396
4635 0.012345679
10651 0.06790123
15900 0.0061728396
11932 0.0061728396
6688 0.024691358
3745 0.012345679
546 0.0061728396
9250 0.0061728396
3619 0.012345679
8355 0.08024691
12325 0.0061728396
12710 0.012345679
15528 0.0061728396
6952 0.0061728396
298 0.012345679
2349 0.0061728396
14129 0.0061728396
8371 0.0061728396
13235 0.0061728396
20405 0.018518519
14650 0.012345679
3262 0.0061728396
11327 0.0061728396
18239 0.012345679
1858 0.0061728396
10821 0.012345679
16582 0.0061728396
12871 0.0061728396
1482 0.0061728396
18251 0.0061728396
21325 0.0061728396
19917 0.0061728396
12109 0.012345679
718 0.0061728396
13521 0.0061728396
3922 0.0061728396
10451 0.024691358
16724 0.024691358
18263 0.0061728396
7642 0.0061728396
5210 0.0061728396
4319 0.0061728396
6239 0.0061728396
16736 0.012345679
16481 0.0061728396
13538 0.0061728396
10850 0.030864198
8163 0.0061728396
4202 0.0061728396
7914 0.018518519
12011 0.012345679
3309 0.0061728396
8175 0.0061728396
19062 0.0061728396
11512 0.049382716
2041 0.0061728396
20217 0.0061728396
19581 0.030864198
6654 0.012345679
4095 0.0061728396
4351 0.0061728396
