6148 0.0035460992
4100 0.010638298
5893 0.017730497
10246 0.0035460992
10763 0.0035460992
16396 0.0035460992
5900 0.017730497
5903 0.0070921984
8724 0.0035460992
13844 0.0035460992
22294 0.0035460992
20504 0.0035460992
19736 0.010638298
4635 0.010638298
13599 0.0035460992
13855 0.0035460992
6952 0.017730497
298 0.0035460992
10284 0.014184397
4141 0.0035460992
18222 0.0035460992
14127 0.0035460992
10546 0.0035460992
8243 0.0035460992
10803 0.0035460992
21044 0.0035460992
14650 0.010638298
11327 0.0070921984
18239 0.017730497
8000 0.0035460992
11073 0.0035460992
1858 0.0035460992
10821 0.0035460992
18501 0.0035460992
18758 0.0035460992
4934 0.0035460992
12871 0.0035460992
2119 0.0070921984
14153 0.0070921984
18251 0.05319149
20813 0.0035460992
16717 0.0035460992
3922 0.0035460992
6738 0.0035460992
8278 0.014184397
9310 0.0035460992
6239 0.0035460992
13919 0.0035460992
16481 0.0035460992
20579 0.0035460992
4710 0.0035460992
3430 0.010638298
8297 0.0035460992
109 0.0035460992
10350 0.0035460992
10095 0.0035460992
21872 0.0035460992
13426 0.0035460992
11635 0.0035460992
884 0.0070921984
4477 0.0035460992
8573 0.0035460992
19581 0.04609929
21632 0.0035460992
16003 0.081560284
8836 0.0035460992
11141 0.0070921984
9862 0.0070921984
3464 0.0035460992
10897 0.039007094
13714 0.0035460992
3730 0.0035460992
8343 0.0035460992
11932 0.010638298
3745 0.0035460992
9387 0.0035460992
19886 0.017730497
10417 0.0070921984
9139 0.0035460992
4789 0.010638298
20405 0.035460994
2231 0.0035460992
18872 0.0070921984
16062 0.0035460992
21696 0.0035460992
5825 0.0070921984
10691 0.0035460992
16582 0.0035460992
456 0.0035460992
9160 0.0035460992
3530 0.0035460992
5834 0.0070921984
19917 0.0035460992
11215 0.0035460992
13521 0.0035460992
10451 0.0070921984
3288 0.0035460992
21465 0.0035460992
731 0.0035460992
13532 0.0035460992
7647 0.0035460992
5855 0.0035460992
4319 0.04609929
6368 0.0035460992
8163 0.0035460992
6116 0.0070921984
20453 0.021276595
20712 0.0035460992
7914 0.0070921984
1261 0.0035460992
1006 0.014184397
21487 0.0035460992
8175 0.0035460992
12016 0.0035460992
20723 0.0035460992
11512 0.05319149
761 0.0035460992
3323 0.010638298
12286 0.0035460992
6143 0.0070921984
3839 0.014184397
