7680 0.0035587188
8194 0.0035587188
4100 0.06405694
19461 0.0035587188
5893 0.0071174377
16390 0.010676157
10246 0.010676157
6409 0.0035587188
22283 0.0035587188
10763 0.0071174377
5900 0.0035587188
5903 0.0035587188
10767 0.0035587188
8724 0.0035587188
278 0.0035587188
19736 0.0071174377
4635 0.0035587188
10012 0.0035587188
12830 0.010676157
14884 0.0035587188
21541 0.0035587188
38 0.0035587188
7208 0.0035587188
10284 0.010676157
1837 0.0071174377
13613 0.0071174377
10546 0.0035587188
3636 0.0035587188
21044 0.0035587188
21813 0.0071174377
14650 0.0035587188
7486 0.0035587188
11327 0.0071174377
10821 0.0035587188
18758 0.0071174377
12871 0.0035587188
8263 0.0071174377
18251 0.0569395
3922 0.0035587188
84 0.0035587188
20821 0.0035587188
9813 0.0035587188
18263 0.0035587188
8797 0.0035587188
15966 0.0035587188
6239 0.0035587188
13920 0.0035587188
16481 0.0035587188
10083 0.0035587188
5990 0.0035587188
3430 0.0035587188
2662 0.010676157
10344 0.0071174377
4714 0.03202847
12398 0.0071174377
20342 0.0035587188
19062 0.0035587188
12664 0.0071174377
14971 0.010676157
19581 0.017793594
21632 0.0035587188
16003 0.021352313
11141 0.010676157
9862 0.02846975
3466 0.014234875
4237 0.0035587188
17549 0.014234875
400 0.0035587188
18064 0.0035587188
17553 0.0035587188
10897 0.024911031
8343 0.0035587188
8855 0.0035587188
14490 0.0035587188
19610 0.0035587188
11932 0.0035587188
16032 0.0035587188
3745 0.010676157
19886 0.0035587188
20402 0.0035587188
14514 0.0071174377
14515 0.010676157
2740 0.0035587188
4789 0.0035587188
20405 0.024911031
19126 0.0035587188
11447 0.0071174377
18872 0.021352313
8890 0.0035587188
22206 0.0035587188
5825 0.0035587188
10691 0.0035587188
3268 0.0035587188
16582 0.0071174377
14798 0.0035587188
13521 0.0035587188
10451 0.021352313
7381 0.010676157
20696 0.0035587188
19675 0.0071174377
13532 0.0035587188
16605 0.0035587188
6623 0.024911031
4319 0.0569395
13538 0.0035587188
6116 0.014234875
20453 0.0035587188
8422 0.0035587188
6886 0.0035587188
7143 0.0035587188
18414 0.0035587188
1006 0.017793594
12016 0.0035587188
12020 0.0035587188
14070 0.0035587188
18935 0.0035587188
11512 0.042704627
17659 0.0035587188
19199 0.0035587188
6143 0.010676157
