7938 0.004
8709 0.004
5893 0.016
10246 0.004
17415 0.008
10248 0.004
5900 0.012
15629 0.008
5903 0.004
10767 0.004
22035 0.016
8724 0.004
13844 0.004
3860 0.004
12823 0.004
11799 0.004
19736 0.012
10012 0.004
10780 0.004
6688 0.012
12321 0.004
13345 0.008
9250 0.008
11298 0.008
21541 0.008
7208 0.016
5164 0.02
10546 0.004
12340 0.004
21813 0.008
14903 0.008
14394 0.004
14650 0.008
11327 0.012
18239 0.02
1858 0.004
18758 0.004
8263 0.004
12871 0.008
6215 0.008
4169 0.016
4682 0.004
18251 0.036
16717 0.004
10064 0.004
3154 0.004
8021 0.004
18263 0.004
19034 0.004
15196 0.008
8797 0.004
15966 0.004
6239 0.004
22112 0.004
1376 0.012
21345 0.004
16481 0.008
18019 0.004
20579 0.004
17252 0.004
3430 0.004
13160 0.004
8297 0.004
17513 0.008
14442 0.008
4971 0.004
21872 0.004
8561 0.008
2674 0.004
11635 0.028
884 0.008
21110 0.004
19062 0.008
19581 0.008
21632 0.004
2176 0.004
2690 0.004
139 0.004
3982 0.004
11151 0.004
10897 0.02
7830 0.008
9368 0.004
11932 0.016
2973 0.004
3745 0.008
8097 0.024
15011 0.008
5801 0.004
7082 0.004
12205 0.004
21679 0.004
431 0.004
9139 0.004
14515 0.008
20405 0.02
17846 0.02
18623 0.004
192 0.004
6336 0.004
16064 0.004
14533 0.004
11718 0.004
16582 0.008
2758 0.012
21194 0.008
19917 0.004
13521 0.004
10451 0.024
20438 0.004
20696 0.008
731 0.004
6623 0.004
4319 0.028
6368 0.004
18656 0.008
7143 0.004
14056 0.004
7914 0.004
3306 0.004
1006 0.012
8175 0.004
12016 0.004
20723 0.004
11512 0.052
14587 0.004
14075 0.004
22268 0.004
6654 0.012
3839 0.004
