8194 0.0051020407
3842 0.0051020407
4100 0.010204081
19461 0.0051020407
5893 0.020408163
10246 0.010204081
16390 0.020408163
10250 0.0051020407
3084 0.0051020407
5900 0.0051020407
5903 0.0051020407
10767 0.0051020407
8208 0.0051020407
8724 0.0051020407
8468 0.0051020407
13844 0.010204081
22294 0.0051020407
4635 0.015306123
13857 0.0051020407
9250 0.0051020407
20516 0.0051020407
550 0.0051020407
1324 0.0051020407
6450 0.0051020407
20538 0.0051020407
14650 0.010204081
5691 0.0051020407
11327 0.010204081
18239 0.010204081
18758 0.015306123
2119 0.010204081
8263 0.010204081
12871 0.020408163
4169 0.0051020407
18249 0.0051020407
4682 0.0051020407
18251 0.0051020407
16717 0.0051020407
14158 0.0051020407
11598 0.0051020407
15187 0.0051020407
17236 0.0051020407
20309 0.0051020407
18263 0.010204081
13659 0.0051020407
6239 0.0051020407
16481 0.0051020407
21345 0.0051020407
12645 0.0051020407
3430 0.0051020407
13426 0.0051020407
11635 0.010204081
19322 0.0051020407
9594 0.0051020407
11131 0.0051020407
15484 0.0051020407
21632 0.0051020407
898 0.0051020407
11396 0.0051020407
8836 0.015306123
11141 0.0051020407
9862 0.030612245
20360 0.0051020407
6286 0.0051020407
17553 0.020408163
10897 0.025510205
20883 0.010204081
4758 0.0051020407
8342 0.0051020407
8343 0.025510205
21401 0.0051020407
18076 0.0051020407
11932 0.010204081
8097 0.0051020407
3489 0.0051020407
3745 0.010204081
14757 0.0051020407
2731 0.0051020407
8368 0.030612245
16564 0.015306123
20405 0.040816326
19126 0.0051020407
2231 0.0051020407
3262 0.0051020407
16062 0.0051020407
10691 0.0051020407
16582 0.0051020407
2758 0.015306123
5834 0.0051020407
715 0.0051020407
6091 0.010204081
13521 0.0051020407
10451 0.015306123
16599 0.0051020407
20696 0.010204081
4314 0.0051020407
1754 0.010204081
14300 0.0051020407
6623 0.010204081
6368 0.0051020407
18656 0.010204081
16097 0.0051020407
12001 0.0051020407
18914 0.0051020407
8163 0.010204081
6116 0.0051020407
11236 0.0051020407
20712 0.0051020407
1006 0.015306123
16368 0.0051020407
11504 0.0051020407
20723 0.0051020407
6646 0.0051020407
11512 0.035714287
2041 0.0051020407
7421 0.0051020407
5885 0.010204081
6654 0.0051020407
4095 0.0051020407
