7680 0.0053475937
8709 0.0053475937
5893 0.026737968
16390 0.0053475937
10246 0.010695187
17415 0.0053475937
18185 0.0053475937
10763 0.0053475937
5900 0.0053475937
4108 0.0053475937
8724 0.0053475937
22296 0.0053475937
19736 0.010695187
4635 0.0053475937
15900 0.0053475937
11298 0.0053475937
9250 0.010695187
20516 0.0053475937
4903 0.0053475937
7208 0.0053475937
8237 0.0053475937
13613 0.010695187
15662 0.0053475937
22064 0.0053475937
10546 0.0053475937
22067 0.010695187
21044 0.0053475937
14650 0.026737968
3902 0.0053475937
12871 0.0053475937
6215 0.0053475937
18251 0.0053475937
8016 0.0053475937
4688 0.01604278
3922 0.0053475937
12628 0.0053475937
20821 0.0053475937
15193 0.0053475937
19548 0.0053475937
6239 0.0053475937
16736 0.0053475937
1376 0.0053475937
16481 0.0053475937
20579 0.0053475937
4710 0.0053475937
3430 0.0053475937
10344 0.0053475937
5736 0.0053475937
874 0.0053475937
14442 0.0053475937
884 0.010695187
15484 0.026737968
19581 0.01604278
21632 0.0053475937
13186 0.010695187
7812 0.0053475937
20360 0.0053475937
8843 0.0053475937
6284 0.0053475937
14992 0.0053475937
6032 0.0053475937
8592 0.053475935
17553 0.0053475937
10897 0.01604278
10651 0.021390375
3745 0.01604278
8355 0.0053475937
15528 0.0053475937
13480 0.010695187
18858 0.0053475937
8368 0.010695187
9139 0.0053475937
14515 0.0053475937
12468 0.0053475937
20149 0.0053475937
20405 0.026737968
5303 0.0053475937
3522 0.010695187
10691 0.0053475937
16582 0.0053475937
2758 0.0053475937
16841 0.0053475937
13521 0.0053475937
10451 0.037433155
20437 0.0053475937
20696 0.010695187
6623 0.07486631
20450 0.0053475937
8163 0.0053475937
5859 0.0053475937
5349 0.01604278
7914 0.021390375
1006 0.010695187
8175 0.01604278
9973 0.0053475937
11512 0.053475935
22009 0.010695187
8444 0.0053475937
3839 0.0053475937
6143 0.021390375
