5893 0.0052083335
8709 0.0052083335
10246 0.020833334
9227 0.0052083335
15629 0.010416667
1295 0.0052083335
10767 0.010416667
8724 0.0052083335
19736 0.0052083335
12568 0.010416667
9497 0.0052083335
4635 0.020833334
15900 0.010416667
5149 0.0052083335
14365 0.010416667
31 0.0052083335
13855 0.0052083335
6688 0.0052083335
22050 0.0052083335
38 0.0052083335
4903 0.0052083335
10025 0.0052083335
18991 0.0052083335
11825 0.0052083335
10546 0.0052083335
14650 0.0052083335
3645 0.036458332
13374 0.0052083335
8254 0.0052083335
11327 0.0052083335
18239 0.015625
10821 0.0052083335
4934 0.0052083335
12871 0.0052083335
1867 0.0052083335
18251 0.057291668
18263 0.0052083335
7770 0.0052083335
1376 0.0052083335
16481 0.0052083335
7265 0.0052083335
3430 0.0052083335
13160 0.0052083335
14954 0.0052083335
6509 0.0052083335
10094 0.0052083335
10868 0.0052083335
21621 0.015625
19062 0.0052083335
5500 0.0052083335
19581 0.015625
21632 0.0052083335
16003 0.026041666
3204 0.0052083335
9862 0.0052083335
20360 0.0052083335
3212 0.0052083335
6032 0.0052083335
10897 0.03125
15509 0.0052083335
8343 0.0052083335
10908 0.0052083335
2204 0.0052083335
11932 0.020833334
3745 0.0052083335
12710 0.010416667
13485 0.0052083335
1966 0.0052083335
19886 0.015625
8368 0.010416667
14514 0.0052083335
20405 0.041666668
9918 0.0052083335
10691 0.0052083335
3268 0.0052083335
16582 0.0052083335
19917 0.0052083335
14798 0.0052083335
22222 0.0052083335
1488 0.010416667
13521 0.0052083335
10451 0.041666668
2004 0.0052083335
7381 0.0052083335
6872 0.0052083335
20696 0.026041666
21465 0.0052083335
13532 0.0052083335
4319 0.046875
2791 0.0052083335
3306 0.0052083335
1006 0.010416667
8175 0.0052083335
8433 0.0052083335
3058 0.010416667
499 0.0052083335
20723 0.0052083335
11512 0.057291668
3323 0.0052083335
10492 0.0052083335
4351 0.0052083335
5631 0.0052083335
3839 0.010416667
