21632 0.011111111
8194 0.011111111
19461 0.011111111
5893 0.044444446
10246 0.011111111
20360 0.022222223
15117 0.011111111
7567 0.011111111
10897 0.033333335
8724 0.011111111
7830 0.011111111
8343 0.022222223
19736 0.011111111
10649 0.011111111
20891 0.011111111
4510 0.022222223
13983 0.011111111
3745 0.011111111
9250 0.011111111
3491 0.011111111
12325 0.011111111
14757 0.011111111
2602 0.011111111
8237 0.011111111
12208 0.011111111
5042 0.011111111
10546 0.011111111
2226 0.011111111
8371 0.011111111
22067 0.011111111
9139 0.011111111
15034 0.011111111
14650 0.055555556
6588 0.011111111
8508 0.022222223
18239 0.011111111
19137 0.011111111
16582 0.011111111
12871 0.011111111
18251 0.011111111
13260 0.011111111
14158 0.011111111
13521 0.011111111
10451 0.044444446
18263 0.011111111
7897 0.022222223
16481 0.011111111
8545 0.011111111
4834 0.011111111
20579 0.011111111
20453 0.011111111
8422 0.011111111
3430 0.022222223
20711 0.011111111
15209 0.011111111
9836 0.011111111
21106 0.011111111
2674 0.011111111
5236 0.011111111
19192 0.011111111
11512 0.1
19581 0.033333335
