7683 0.006024096
5892 0.006024096
4100 0.006024096
5893 0.018072288
16390 0.006024096
15625 0.018072288
10763 0.006024096
14860 0.006024096
21262 0.006024096
8724 0.006024096
19736 0.024096385
13343 0.006024096
14625 0.006024096
6952 0.018072288
298 0.006024096
13613 0.006024096
562 0.006024096
10546 0.012048192
22067 0.006024096
10296 0.006024096
6200 0.006024096
14650 0.006024096
18239 0.006024096
10821 0.006024096
12871 0.006024096
8263 0.006024096
6215 0.006024096
4679 0.006024096
6728 0.006024096
7752 0.012048192
18251 0.006024096
20813 0.006024096
4174 0.006024096
9813 0.006024096
18263 0.090361446
20571 0.006024096
6491 0.006024096
13659 0.006024096
2397 0.006024096
13919 0.006024096
16481 0.006024096
7265 0.030120483
10083 0.006024096
5990 0.012048192
15209 0.006024096
109 0.006024096
21872 0.006024096
11635 0.060240965
20085 0.006024096
19062 0.012048192
1399 0.006024096
21632 0.006024096
388 0.006024096
9862 0.006024096
3982 0.012048192
20367 0.012048192
17553 0.006024096
10897 0.024096385
8342 0.006024096
21401 0.012048192
13210 0.012048192
11932 0.006024096
3745 0.012048192
18858 0.006024096
13747 0.006024096
3252 0.006024096
20405 0.018072288
12470 0.006024096
19126 0.006024096
21947 0.006024096
956 0.006024096
12734 0.006024096
5825 0.006024096
16582 0.006024096
11718 0.006024096
9926 0.006024096
2758 0.012048192
18378 0.006024096
17867 0.006024096
5580 0.006024096
19917 0.006024096
14798 0.006024096
19408 0.006024096
13521 0.006024096
18385 0.006024096
10451 0.018072288
20696 0.006024096
1241 0.006024096
1754 0.006024096
5086 0.006024096
18401 0.006024096
5861 0.006024096
6886 0.006024096
8422 0.006024096
7914 0.024096385
14060 0.006024096
8433 0.006024096
7160 0.006024096
11512 0.042168673
2041 0.006024096
3323 0.006024096
6654 0.006024096
22270 0.006024096
5631 0.006024096
