17666 0.003125
5892 0.0125
8709 0.003125
10246 0.009375
5900 0.003125
8972 0.00625
10767 0.003125
8724 0.003125
2836 0.00625
6934 0.00625
19736 0.01875
16409 0.003125
4635 0.021875
6687 0.003125
13600 0.003125
6688 0.003125
9250 0.015625
18731 0.003125
6444 0.003125
1837 0.003125
13613 0.009375
13872 0.003125
8497 0.003125
13621 0.00625
6967 0.003125
20280 0.00625
20538 0.003125
14650 0.00625
12603 0.003125
8508 0.003125
15422 0.00625
18239 0.003125
11327 0.003125
11073 0.003125
10817 0.00625
17476 0.003125
10821 0.00625
18758 0.009375
12871 0.003125
12359 0.003125
8263 0.00625
2632 0.003125
4169 0.015625
18251 0.015625
16717 0.003125
20813 0.00625
11598 0.003125
5711 0.003125
3922 0.003125
20821 0.003125
18263 0.053125
10331 0.003125
8797 0.003125
15966 0.003125
6239 0.003125
16736 0.003125
7264 0.00625
16481 0.003125
7265 0.003125
17252 0.00625
3430 0.00625
9836 0.0125
10095 0.003125
21872 0.003125
884 0.003125
21621 0.003125
14966 0.003125
19581 0.0125
14719 0.003125
21632 0.003125
2690 0.003125
16003 0.003125
8836 0.003125
11141 0.003125
9862 0.003125
4743 0.003125
3982 0.003125
910 0.015625
11151 0.003125
18064 0.003125
8592 0.00625
10896 0.00625
20624 0.0125
17553 0.003125
9361 0.003125
10897 0.03125
11922 0.003125
20883 0.003125
8855 0.003125
22169 0.003125
21401 0.003125
2204 0.009375
13983 0.003125
20127 0.003125
3745 0.003125
4513 0.003125
18340 0.003125
15528 0.003125
13485 0.003125
8111 0.003125
10415 0.003125
8368 0.021875
2994 0.003125
4789 0.003125
20405 0.021875
2231 0.00625
5056 0.034375
5825 0.003125
10691 0.009375
16582 0.003125
10184 0.003125
14536 0.003125
16841 0.003125
21449 0.003125
6091 0.003125
17867 0.003125
716 0.01875
19917 0.003125
2509 0.003125
14288 0.00625
3793 0.003125
13521 0.003125
7633 0.003125
18385 0.003125
5075 0.003125
10451 0.03125
18134 0.003125
20696 0.003125
3032 0.003125
3288 0.00625
21465 0.003125
7897 0.003125
10969 0.003125
6364 0.00625
22237 0.00625
6623 0.00625
4319 0.01875
14048 0.003125
16097 0.003125
20453 0.003125
6886 0.003125
2791 0.003125
7914 0.00625
14314 0.009375
14060 0.003125
16621 0.003125
1006 0.00625
8175 0.003125
21493 0.003125
17653 0.00625
14838 0.00625
5623 0.00625
11512 0.034375
16377 0.003125
3323 0.003125
11259 0.0125
8444 0.003125
10492 0.00625
6654 0.00625
5631 0.003125
14079 0.003125
