9988 0.004016064
8709 0.008032128
5893 0.012048192
5645 0.004016064
15629 0.004016064
21262 0.004016064
15374 0.004016064
15121 0.004016064
8724 0.004016064
18452 0.004016064
7189 0.004016064
22294 0.012048192
19736 0.012048192
4635 0.024096385
15900 0.02008032
6688 0.008032128
14625 0.004016064
8225 0.004016064
9250 0.004016064
22050 0.008032128
8485 0.004016064
38 0.004016064
298 0.004016064
13613 0.008032128
22064 0.004016064
13616 0.004016064
19249 0.016064256
10546 0.004016064
1074 0.004016064
7474 0.008032128
21044 0.004016064
20020 0.012048192
13621 0.004016064
14136 0.004016064
14650 0.008032128
15933 0.004016064
18239 0.004016064
11327 0.02008032
10821 0.004016064
12871 0.004016064
8263 0.016064256
18251 0.004016064
20813 0.004016064
15949 0.008032128
6482 0.004016064
8019 0.004016064
11350 0.004016064
16982 0.004016064
10326 0.004016064
18263 0.02811245
4440 0.004016064
4697 0.004016064
2393 0.004016064
19548 0.004016064
14173 0.02008032
8542 0.004016064
13919 0.016064256
16481 0.004016064
21345 0.004016064
5990 0.004016064
3430 0.008032128
15209 0.004016064
9836 0.004016064
19310 0.004016064
9839 0.004016064
16495 0.008032128
11635 0.02008032
884 0.012048192
19062 0.004016064
7288 0.004016064
2426 0.004016064
21632 0.004016064
19333 0.004016064
9862 0.02008032
17294 0.004016064
18064 0.004016064
6032 0.004016064
9361 0.004016064
17553 0.004016064
10897 0.036144577
20883 0.004016064
8342 0.008032128
8343 0.004016064
15257 0.004016064
5019 0.004016064
21403 0.004016064
15003 0.004016064
3745 0.008032128
12710 0.004016064
7847 0.004016064
15528 0.004016064
13485 0.004016064
12208 0.004016064
8368 0.024096385
7090 0.008032128
1716 0.004016064
20405 0.032128513
20150 0.004016064
14521 0.004016064
18877 0.004016064
4286 0.004016064
16064 0.012048192
20929 0.004016064
10691 0.004016064
3268 0.004016064
16582 0.004016064
2506 0.008032128
13260 0.016064256
12495 0.012048192
14288 0.004016064
1488 0.008032128
3793 0.004016064
13521 0.004016064
10451 0.016064256
20696 0.008032128
9951 0.004016064
4319 0.02008032
2016 0.004016064
2531 0.004016064
20196 0.004016064
20453 0.004016064
3306 0.004016064
7914 0.02008032
1006 0.008032128
18420 0.004016064
7160 0.004016064
11512 0.06827309
6143 0.008032128
