21632 0.007246377
13186 0.007246377
8194 0.007246377
11012 0.014492754
5893 0.007246377
10246 0.007246377
8070 0.014492754
9862 0.014492754
16390 0.036231883
15625 0.007246377
19082 0.007246377
15629 0.007246377
5390 0.007246377
10896 0.014492754
10897 0.02173913
8724 0.007246377
7189 0.007246377
22294 0.007246377
8342 0.014492754
19736 0.02173913
21401 0.007246377
4635 0.014492754
31 0.007246377
6688 0.007246377
3745 0.007246377
8097 0.007246377
8485 0.007246377
549 0.007246377
11431 0.007246377
7082 0.007246377
13613 0.007246377
9134 0.007246377
431 0.007246377
18991 0.050724637
12208 0.007246377
2226 0.007246377
8628 0.007246377
20405 0.007246377
14394 0.007246377
21947 0.007246377
3515 0.007246377
22076 0.007246377
16573 0.007246377
12734 0.014492754
18239 0.02173913
5825 0.007246377
5314 0.007246377
10691 0.007246377
7747 0.014492754
3268 0.007246377
16582 0.007246377
18758 0.007246377
12871 0.007246377
2119 0.007246377
5834 0.007246377
18251 0.014492754
715 0.02173913
20813 0.007246377
1488 0.014492754
3793 0.007246377
13521 0.007246377
10451 0.007246377
21076 0.007246377
9685 0.007246377
20437 0.007246377
7766 0.014492754
20696 0.007246377
21465 0.007246377
731 0.007246377
20571 0.007246377
13659 0.014492754
13919 0.007246377
16481 0.007246377
2531 0.007246377
8163 0.007246377
20579 0.02173913
17252 0.007246377
3300 0.007246377
3430 0.007246377
3560 0.007246377
13929 0.007246377
19178 0.007246377
6508 0.007246377
1006 0.007246377
10094 0.007246377
11635 0.02173913
884 0.007246377
15606 0.007246377
15222 0.007246377
11512 0.057971016
2041 0.007246377
14330 0.007246377
18170 0.014492754
19581 0.02173913
