21632 0.011363637
8193 0.011363637
11905 0.011363637
8194 0.011363637
4100 0.022727273
11141 0.011363637
5893 0.045454547
9862 0.03409091
15374 0.011363637
8208 0.011363637
9361 0.022727273
17553 0.011363637
10897 0.022727273
21779 0.011363637
8724 0.011363637
8343 0.011363637
12823 0.011363637
19736 0.011363637
10649 0.011363637
10651 0.056818184
11932 0.03409091
6688 0.011363637
3745 0.011363637
8097 0.011363637
20516 0.022727273
6952 0.056818184
13485 0.022727273
19886 0.011363637
7090 0.011363637
14650 0.011363637
11327 0.011363637
4934 0.011363637
16582 0.022727273
12871 0.011363637
1482 0.011363637
18251 0.011363637
13521 0.011363637
13393 0.011363637
19154 0.011363637
10451 0.011363637
217 0.011363637
13659 0.011363637
10331 0.03409091
16481 0.011363637
12001 0.011363637
20579 0.022727273
5861 0.011363637
2662 0.011363637
6886 0.011363637
15209 0.011363637
884 0.011363637
19188 0.011363637
7669 0.011363637
16886 0.011363637
11512 0.03409091
3323 0.011363637
17659 0.011363637
19581 0.022727273
6143 0.03409091
