5892 0.006060606
4100 0.033333335
19461 0.003030303
5893 0.03939394
10246 0.003030303
17415 0.003030303
5900 0.03939394
10767 0.006060606
15121 0.003030303
8724 0.003030303
8468 0.003030303
19736 0.018181818
7449 0.003030303
4635 0.006060606
15900 0.003030303
31 0.003030303
6688 0.003030303
9250 0.003030303
11298 0.006060606
6693 0.003030303
1829 0.003030303
18217 0.003030303
13610 0.003030303
2602 0.003030303
10284 0.006060606
13613 0.006060606
21295 0.003030303
1072 0.003030303
19762 0.003030303
21044 0.009090909
311 0.003030303
14650 0.009090909
13884 0.003030303
14142 0.006060606
11327 0.003030303
18239 0.012121212
11073 0.003030303
7490 0.003030303
10563 0.003030303
10821 0.009090909
4934 0.006060606
12871 0.003030303
6215 0.009090909
15945 0.003030303
6218 0.003030303
18251 0.060606062
8524 0.003030303
3148 0.006060606
16717 0.003030303
15695 0.003030303
10065 0.003030303
2897 0.006060606
3922 0.003030303
16724 0.003030303
20821 0.003030303
16219 0.003030303
20571 0.003030303
6239 0.003030303
13919 0.006060606
16481 0.003030303
9057 0.003030303
10083 0.006060606
20579 0.006060606
2662 0.003030303
4969 0.009090909
20586 0.003030303
14442 0.003030303
9836 0.003030303
6255 0.012121212
12402 0.003030303
11635 0.003030303
21621 0.024242423
17786 0.006060606
19581 0.015151516
21632 0.003030303
1411 0.003030303
16003 0.006060606
8324 0.003030303
13958 0.003030303
18313 0.003030303
10896 0.012121212
10897 0.012121212
1427 0.030303031
150 0.009090909
11672 0.003030303
10649 0.003030303
11932 0.006060606
4253 0.003030303
13983 0.003030303
3745 0.003030303
18340 0.003030303
14757 0.006060606
21932 0.003030303
13485 0.009090909
19886 0.018181818
10417 0.003030303
14514 0.006060606
8371 0.003030303
20405 0.021212121
20925 0.003030303
4286 0.006060606
18623 0.003030303
6336 0.003030303
14273 0.003030303
5825 0.006060606
14275 0.003030303
16582 0.003030303
2758 0.003030303
7110 0.003030303
3272 0.003030303
19917 0.003030303
11215 0.003030303
20176 0.003030303
1488 0.015151516
13521 0.003030303
10451 0.036363635
7897 0.006060606
21465 0.006060606
217 0.006060606
13532 0.003030303
4319 0.033333335
8163 0.003030303
6116 0.003030303
5861 0.003030303
20453 0.006060606
20198 0.003030303
6886 0.006060606
1254 0.006060606
1006 0.006060606
6895 0.003030303
19183 0.003030303
12016 0.009090909
3058 0.003030303
20723 0.015151516
7160 0.003030303
11512 0.05151515
22009 0.003030303
3323 0.012121212
