5893 0.01459854
10246 0.00973236
4617 0.00243309
10763 0.00486618
2573 0.00243309
15629 0.00486618
20750 0.00973236
17935 0.00243309
10767 0.01703163
5396 0.03649635
2837 0.00486618
22294 0.01703163
19736 0.01703163
17690 0.00243309
4635 0.00973236
14365 0.00243309
12321 0.00243309
9250 0.00729927
4903 0.00486618
4649 0.00243309
18731 0.0121654505
13613 0.024330901
20020 0.00729927
7479 0.00243309
311 0.00243309
14650 0.00243309
12095 0.00243309
18239 0.00729927
11327 0.00973236
22080 0.00243309
11073 0.00243309
19268 0.00243309
10821 0.02676399
12871 0.00243309
8263 0.00729927
10065 0.00243309
19542 0.00243309
18263 0.00243309
12121 0.00243309
20571 0.00243309
13659 0.00486618
11870 0.00243309
7007 0.00243309
1376 0.00486618
21345 0.00486618
20579 0.00486618
10083 0.01459854
3430 0.00243309
15208 0.02919708
874 0.00243309
8811 0.00243309
3950 0.02189781
11635 0.00973236
884 0.00486618
6004 0.00729927
21621 0.01459854
19062 0.00243309
16503 0.00243309
14204 0.00243309
20349 0.00243309
19581 0.02676399
2690 0.00243309
21890 0.00729927
22147 0.00243309
16003 0.00243309
13958 0.00243309
6286 0.00243309
17553 0.00486618
19603 0.00243309
8851 0.00486618
150 0.00243309
13463 0.00243309
8343 0.01703163
2968 0.00243309
8856 0.00243309
15003 0.00243309
10651 0.00729927
3996 0.00243309
5025 0.00243309
3745 0.00729927
11944 0.00243309
13480 0.00243309
7082 0.00243309
9387 0.00243309
13485 0.00243309
19886 0.00973236
17840 0.00243309
8371 0.00243309
20405 0.02919708
21688 0.00243309
21944 0.00243309
18872 0.00243309
17338 0.00243309
6336 0.00243309
5825 0.00243309
1473 0.00243309
10691 0.00486618
3524 0.00243309
3268 0.00486618
16582 0.00243309
14022 0.00243309
13255 0.00243309
21703 0.00729927
10185 0.00243309
20426 0.00243309
1482 0.01459854
1739 0.00243309
716 0.00243309
22222 0.00243309
1488 0.00243309
10451 0.04136253
3288 0.00486618
20696 0.03406326
21465 0.00973236
4570 0.00243309
14043 0.00243309
14300 0.00243309
13532 0.00729927
8163 0.00243309
6116 0.00729927
18148 0.02189781
5861 0.00243309
5349 0.00243309
6888 0.00243309
3306 0.00729927
1006 0.01703163
12016 0.00973236
20723 0.00243309
6389 0.00243309
7160 0.00243309
15608 0.00486618
11512 0.03163017
20217 0.00243309
22009 0.00729927
3323 0.00486618
21244 0.00243309
4094 0.00243309
5631 0.00243309
6143 0.00729927
19199 0.00729927
3839 0.06082725
