21632 0.005376344
16003 0.005376344
16772 0.005376344
5893 0.016129032
261 0.021505376
9862 0.03763441
6409 0.005376344
19594 0.005376344
4874 0.005376344
16523 0.005376344
15629 0.005376344
10767 0.005376344
17937 0.005376344
10897 0.016129032
8724 0.005376344
2836 0.010752688
7830 0.010752688
8343 0.005376344
19736 0.016129032
5019 0.005376344
4635 0.016129032
5788 0.005376344
11932 0.016129032
16926 0.010752688
18208 0.021505376
3745 0.005376344
9250 0.005376344
930 0.07526882
2854 0.005376344
2473 0.010752688
13610 0.005376344
5546 0.005376344
9387 0.005376344
12205 0.005376344
8237 0.016129032
19886 0.005376344
22064 0.005376344
8368 0.010752688
21044 0.005376344
21813 0.005376344
20405 0.021505376
21558 0.010752688
14650 0.016129032
4923 0.005376344
12987 0.005376344
6588 0.010752688
18239 0.010752688
17600 0.005376344
18241 0.005376344
10691 0.005376344
10821 0.005376344
16582 0.005376344
12871 0.005376344
8263 0.005376344
8905 0.010752688
17355 0.005376344
18251 0.02688172
13260 0.005376344
2509 0.005376344
718 0.005376344
12495 0.005376344
13521 0.005376344
10451 0.043010753
20437 0.016129032
8662 0.005376344
18263 0.03763441
20696 0.02688172
21465 0.005376344
13659 0.005376344
15196 0.005376344
19548 0.005376344
13532 0.032258064
2269 0.005376344
16481 0.005376344
13538 0.005376344
19683 0.005376344
20196 0.005376344
6116 0.005376344
20453 0.010752688
8422 0.005376344
2662 0.005376344
19688 0.005376344
15209 0.005376344
15849 0.005376344
8811 0.005376344
1006 0.005376344
13426 0.005376344
21363 0.005376344
884 0.010752688
15606 0.005376344
7160 0.005376344
11512 0.06451613
19581 0.005376344
5631 0.005376344
