16385 0.0035714286
8194 0.007142857
4100 0.010714286
5893 0.010714286
10246 0.0035714286
5900 0.0035714286
10767 0.0035714286
6160 0.0035714286
7441 0.0035714286
8724 0.0035714286
13844 0.0035714286
19736 0.0035714286
1818 0.010714286
4635 0.007142857
15650 0.0035714286
9250 0.0035714286
11298 0.007142857
21541 0.0035714286
14891 0.0035714286
13613 0.007142857
21295 0.0035714286
22064 0.0035714286
5428 0.007142857
21813 0.0035714286
14650 0.014285714
22076 0.010714286
8254 0.0035714286
11327 0.007142857
18239 0.017857144
319 0.05357143
19268 0.0035714286
10821 0.0035714286
1863 0.0035714286
12871 0.007142857
18251 0.03214286
21325 0.0035714286
16211 0.010714286
4438 0.0035714286
18263 0.010714286
1370 0.0035714286
13659 0.0035714286
15196 0.0035714286
6239 0.0035714286
16481 0.0035714286
7265 0.007142857
5730 0.007142857
4963 0.0035714286
17252 0.0035714286
3430 0.0035714286
10598 0.0035714286
5735 0.0035714286
15975 0.0035714286
17001 0.007142857
4714 0.11785714
9324 0.0035714286
10350 0.0035714286
8561 0.010714286
884 0.010714286
20086 0.0035714286
19062 0.0035714286
19581 0.017857144
21632 0.0035714286
14976 0.0035714286
2690 0.0035714286
8835 0.0035714286
11141 0.0035714286
9862 0.010714286
11400 0.0035714286
10897 0.007142857
2197 0.0035714286
7830 0.0035714286
8343 0.007142857
10651 0.0035714286
11932 0.014285714
16032 0.0035714286
8097 0.0035714286
3745 0.010714286
7077 0.0035714286
12205 0.0035714286
9647 0.0035714286
12209 0.0035714286
10417 0.014285714
14515 0.0035714286
20405 0.028571429
14518 0.0035714286
19126 0.0035714286
6588 0.0035714286
12734 0.0035714286
21696 0.0035714286
5825 0.0035714286
9666 0.0035714286
16582 0.0035714286
9926 0.0035714286
2758 0.025
16841 0.0035714286
14798 0.0035714286
13521 0.0035714286
17361 0.0035714286
10451 0.014285714
4052 0.010714286
5077 0.0035714286
20438 0.0035714286
6102 0.0035714286
21465 0.0035714286
7642 0.0035714286
14300 0.0035714286
4574 0.007142857
5855 0.0035714286
10719 0.0035714286
6623 0.010714286
4319 0.025
14560 0.007142857
6368 0.007142857
6116 0.0035714286
5349 0.010714286
20453 0.010714286
8422 0.010714286
2791 0.0035714286
20712 0.0035714286
18414 0.0035714286
6895 0.0035714286
18159 0.0035714286
12016 0.010714286
1522 0.0035714286
20723 0.0035714286
1527 0.0035714286
19192 0.0035714286
11512 0.035714287
13308 0.0035714286
6143 0.007142857
