7680 0.0028328612
8194 0.0028328612
5893 0.014164306
9478 0.0028328612
17415 0.0056657223
14856 0.008498584
6409 0.0028328612
5387 0.0028328612
21003 0.0028328612
16396 0.0028328612
10767 0.008498584
8724 0.0028328612
13844 0.0056657223
21781 0.0028328612
10518 0.0028328612
2327 0.0028328612
12055 0.0028328612
19736 0.0056657223
8474 0.0028328612
4635 0.008498584
2845 0.0028328612
14365 0.0056657223
20256 0.0028328612
18208 0.0028328612
6688 0.0056657223
13090 0.0028328612
11298 0.0056657223
38 0.0028328612
6952 0.014164306
2602 0.0028328612
7722 0.0028328612
10284 0.0028328612
11825 0.0028328612
7479 0.0028328612
18232 0.0056657223
14650 0.008498584
8254 0.0028328612
18239 0.0028328612
11327 0.0056657223
10821 0.04249292
12871 0.0028328612
18251 0.048158642
2637 0.0028328612
2897 0.0028328612
8021 0.0028328612
9310 0.0028328612
13919 0.0028328612
16736 0.008498584
16481 0.0028328612
7265 0.028328612
6243 0.0028328612
20579 0.0028328612
14692 0.02266289
3430 0.0028328612
2662 0.0028328612
14953 0.0056657223
4714 0.016997168
5231 0.0028328612
13426 0.0028328612
884 0.008498584
19062 0.0028328612
17017 0.0028328612
19581 0.02266289
21632 0.0028328612
11905 0.0028328612
16003 0.04532578
11141 0.0028328612
13958 0.0028328612
9862 0.011331445
12937 0.0028328612
17549 0.0028328612
11151 0.0056657223
10896 0.0028328612
18064 0.0028328612
17553 0.0028328612
10897 0.02549575
11925 0.011331445
150 0.0028328612
8343 0.008498584
21401 0.0028328612
3227 0.0028328612
10651 0.016997168
18332 0.0028328612
11932 0.008498584
6813 0.0028328612
16543 0.0028328612
3745 0.0028328612
18081 0.0028328612
19112 0.0028328612
13485 0.0056657223
19886 0.008498584
14514 0.008498584
1716 0.0028328612
20405 0.04532578
6838 0.0028328612
12470 0.0028328612
18872 0.0028328612
1979 0.0028328612
12734 0.0056657223
16064 0.011331445
10691 0.0028328612
3268 0.0028328612
16582 0.0056657223
1224 0.008498584
18636 0.0056657223
19917 0.0028328612
1488 0.008498584
13521 0.0028328612
10451 0.019830028
7124 0.0028328612
20437 0.0028328612
20696 0.014164306
21465 0.008498584
4314 0.0028328612
15067 0.0028328612
15323 0.0028328612
14300 0.0028328612
6623 0.008498584
4319 0.039660055
6368 0.0028328612
12001 0.0028328612
20453 0.008498584
6888 0.0028328612
18408 0.0028328612
20712 0.0028328612
14829 0.0028328612
1006 0.008498584
19183 0.0028328612
12016 0.0056657223
499 0.0028328612
14838 0.016997168
2552 0.0028328612
11512 0.02266289
16379 0.0028328612
3323 0.04249292
3839 0.0028328612
5631 0.0028328612
6143 0.0056657223
