21632 0.006369427
5122 0.006369427
3843 0.006369427
5893 0.01910828
9862 0.006369427
12294 0.006369427
10246 0.006369427
16390 0.031847134
18064 0.006369427
6032 0.006369427
9361 0.006369427
10897 0.025477707
17042 0.006369427
20883 0.025477707
8724 0.006369427
7830 0.006369427
8343 0.012738854
16408 0.006369427
3354 0.01910828
8603 0.006369427
4635 0.012738854
10780 0.006369427
10271 0.006369427
13983 0.006369427
8097 0.012738854
3745 0.01910828
22050 0.006369427
11298 0.012738854
9250 0.01910828
7973 0.006369427
19622 0.006369427
17318 0.006369427
15528 0.006369427
13480 0.012738854
21291 0.006369427
5163 0.006369427
6828 0.012738854
5550 0.006369427
19886 0.006369427
21679 0.006369427
8243 0.006369427
9012 0.006369427
5300 0.006369427
20405 0.025477707
14007 0.006369427
2231 0.006369427
14650 0.01910828
4923 0.006369427
6588 0.006369427
9405 0.006369427
22077 0.006369427
18239 0.006369427
16064 0.006369427
10691 0.012738854
18758 0.006369427
8390 0.006369427
16582 0.012738854
12871 0.006369427
18378 0.044585988
18251 0.006369427
715 0.006369427
4556 0.044585988
19917 0.006369427
13521 0.006369427
10451 0.031847134
2006 0.006369427
16471 0.006369427
18263 0.025477707
13144 0.006369427
20315 0.006369427
731 0.012738854
19292 0.006369427
7135 0.006369427
1376 0.012738854
16481 0.006369427
481 0.006369427
20579 0.006369427
6116 0.012738854
20453 0.006369427
5349 0.012738854
18410 0.006369427
1006 0.012738854
20335 0.006369427
21872 0.006369427
9073 0.012738854
8433 0.012738854
884 0.012738854
18677 0.006369427
9461 0.006369427
14838 0.006369427
19062 0.012738854
11512 0.025477707
19581 0.006369427
6654 0.012738854
