5122 0.0030395137
3842 0.0030395137
8194 0.012158055
5893 0.0030395137
10246 0.0030395137
9478 0.0030395137
519 0.0030395137
780 0.0030395137
5900 0.012158055
15629 0.0030395137
10767 0.0030395137
8724 0.0030395137
13844 0.0060790274
10005 0.0030395137
19736 0.0030395137
4635 0.0030395137
14365 0.0030395137
15902 0.0030395137
12830 0.009118541
6688 0.012158055
13345 0.0030395137
9250 0.0030395137
3874 0.0030395137
12325 0.0030395137
21541 0.0030395137
4647 0.0030395137
6952 0.018237082
12329 0.0030395137
2602 0.0030395137
10284 0.0030395137
13613 0.0060790274
10546 0.0030395137
22067 0.0030395137
2356 0.0030395137
14903 0.0030395137
4665 0.0030395137
6713 0.0030395137
14650 0.012158055
14142 0.0030395137
11327 0.0030395137
18239 0.0030395137
10306 0.0030395137
16707 0.0030395137
10821 0.009118541
4934 0.0030395137
18758 0.0030395137
12871 0.0030395137
8263 0.0030395137
18251 0.05775076
21836 0.0030395137
11598 0.0030395137
21076 0.0030395137
87 0.0030395137
18263 0.0060790274
13664 0.0060790274
16481 0.0030395137
8545 0.0030395137
7265 0.0060790274
20579 0.0030395137
14692 0.0060790274
2662 0.0030395137
3430 0.0030395137
15465 0.0060790274
21872 0.0030395137
13426 0.0030395137
18802 0.0060790274
884 0.0030395137
19062 0.0030395137
9591 0.0030395137
11644 0.0030395137
12413 0.0030395137
8573 0.0030395137
19581 0.009118541
3455 0.0030395137
21632 0.0030395137
11905 0.0030395137
1411 0.0030395137
16003 0.075987846
9862 0.012158055
15501 0.0030395137
17549 0.0030395137
7567 0.0030395137
11409 0.0030395137
17553 0.0030395137
10897 0.027355623
20883 0.0060790274
18836 0.0030395137
11925 0.045592707
150 0.0030395137
7830 0.0060790274
8343 0.012158055
13210 0.02431611
10651 0.0030395137
1691 0.0030395137
11932 0.009118541
4510 0.0030395137
3745 0.0030395137
14504 0.0030395137
15528 0.0030395137
3240 0.0030395137
12205 0.0030395137
19886 0.0060790274
9393 0.0030395137
14515 0.030395137
16053 0.0030395137
20405 0.027355623
20150 0.0030395137
19126 0.0030395137
8890 0.0030395137
19137 0.009118541
15042 0.0030395137
10691 0.0030395137
20676 0.0060790274
16582 0.0030395137
9670 0.0030395137
17355 0.0060790274
205 0.0030395137
14798 0.0030395137
1488 0.015197569
13521 0.0030395137
467 0.0030395137
10451 0.021276595
11220 0.0030395137
16345 0.0030395137
6623 0.027355623
4319 0.054711245
6368 0.0030395137
2785 0.0030395137
18401 0.0030395137
6116 0.0030395137
20453 0.0030395137
5349 0.0030395137
1006 0.0030395137
12016 0.0030395137
22001 0.0030395137
241 0.0060790274
20723 0.0030395137
12020 0.0030395137
14838 0.015197569
5623 0.0030395137
11512 0.036474165
11259 0.0030395137
5372 0.0030395137
3839 0.0030395137
