19712 0.002994012
1 0.002994012
3331 0.002994012
5893 0.002994012
10246 0.008982036
4617 0.002994012
14090 0.068862274
5900 0.002994012
5646 0.002994012
13844 0.002994012
22294 0.002994012
19736 0.002994012
8218 0.008982036
4635 0.011976048
16669 0.002994012
15902 0.008982036
31 0.002994012
3872 0.008982036
9250 0.0149700595
21541 0.002994012
11303 0.002994012
14888 0.002994012
10027 0.002994012
18731 0.002994012
10546 0.005988024
20020 0.005988024
3128 0.002994012
14650 0.008982036
20538 0.008982036
4669 0.002994012
15422 0.002994012
18239 0.0149700595
10816 0.008982036
2114 0.002994012
13891 0.002994012
10821 0.026946107
18758 0.002994012
6215 0.002994012
8263 0.005988024
11598 0.005988024
17486 0.002994012
17751 0.005988024
13659 0.002994012
6491 0.002994012
11611 0.002994012
7264 0.002994012
15971 0.002994012
20579 0.002994012
2662 0.005988024
3430 0.008982036
15209 0.002994012
14185 0.005988024
13929 0.005988024
4714 0.002994012
20331 0.002994012
16238 0.002994012
11635 0.005988024
884 0.002994012
15221 0.002994012
21621 0.005988024
19062 0.002994012
19581 0.020958085
5502 0.002994012
3456 0.002994012
1922 0.038922157
22147 0.002994012
13958 0.002994012
8070 0.005988024
5258 0.002994012
13452 0.0149700595
7567 0.002994012
18064 0.002994012
13713 0.002994012
9361 0.002994012
19603 0.026946107
2454 0.002994012
17815 0.002994012
8343 0.011976048
921 0.005988024
10651 0.005988024
19356 0.002994012
11932 0.008982036
19620 0.002994012
1446 0.002994012
13480 0.002994012
15528 0.002994012
20648 0.029940119
7082 0.002994012
19886 0.005988024
17840 0.002994012
3250 0.002994012
14515 0.002994012
20405 0.005988024
2231 0.002994012
19127 0.002994012
6588 0.002994012
10430 0.002994012
18369 0.002994012
21698 0.005988024
14787 0.002994012
3268 0.002994012
968 0.005988024
18378 0.002994012
1482 0.002994012
17355 0.002994012
716 0.002994012
13260 0.011976048
718 0.011976048
9935 0.002994012
11215 0.005988024
209 0.005988024
10451 0.047904193
20437 0.002994012
11734 0.005988024
3288 0.008982036
20696 0.053892214
21465 0.005988024
4314 0.005988024
13532 0.005988024
6623 0.002994012
14048 0.002994012
6368 0.002994012
5856 0.002994012
2273 0.002994012
18657 0.002994012
6115 0.002994012
20453 0.002994012
16871 0.002994012
20712 0.008982036
4841 0.002994012
11497 0.002994012
4074 0.0149700595
1006 0.0149700595
21487 0.002994012
5105 0.005988024
22002 0.002994012
19186 0.002994012
1524 0.002994012
18932 0.005988024
7160 0.002994012
11512 0.0149700595
2041 0.002994012
14585 0.002994012
3323 0.005988024
6654 0.005988024
6143 0.002994012
19199 0.005988024
3839 0.011976048
