8194 0.005586592
3331 0.002793296
5892 0.002793296
19461 0.002793296
5893 0.002793296
10246 0.002793296
16390 0.002793296
17415 0.008379889
20231 0.008379889
14090 0.002793296
10763 0.002793296
16396 0.002793296
14860 0.005586592
10767 0.008379889
8724 0.002793296
7189 0.005586592
19736 0.005586592
21786 0.005586592
4635 0.005586592
16669 0.002793296
4637 0.002793296
16925 0.002793296
15902 0.002793296
18208 0.005586592
12321 0.005586592
11298 0.002793296
2854 0.002793296
10284 0.002793296
18732 0.005586592
13613 0.002793296
11825 0.002793296
8497 0.002793296
7474 0.002793296
10546 0.002793296
2356 0.002793296
5428 0.002793296
311 0.002793296
4665 0.002793296
14650 0.011173184
11327 0.005586592
1858 0.005586592
6725 0.002793296
21317 0.002793296
10821 0.005586592
12614 0.002793296
12871 0.002793296
18251 0.022346368
20813 0.002793296
12365 0.002793296
10321 0.002793296
337 0.005586592
3154 0.002793296
21588 0.002793296
18263 0.005586592
13659 0.002793296
15196 0.002793296
5214 0.002793296
13919 0.008379889
7007 0.011173184
16481 0.002793296
20579 0.005586592
3430 0.002793296
13929 0.011173184
874 0.005586592
5483 0.002793296
9836 0.002793296
10350 0.002793296
2674 0.002793296
11635 0.01396648
884 0.002793296
21621 0.005586592
20085 0.005586592
14966 0.002793296
19062 0.002793296
12664 0.002793296
8569 0.002793296
19581 0.005586592
8573 0.008379889
21632 0.002793296
3456 0.002793296
8323 0.030726258
10896 0.002793296
6032 0.002793296
17553 0.002793296
10897 0.01396648
8342 0.002793296
8343 0.008379889
19356 0.016759777
1950 0.005586592
3745 0.002793296
4003 0.002793296
12710 0.008379889
20648 0.18715084
1193 0.002793296
2226 0.002793296
8371 0.002793296
20405 0.039106146
21432 0.008379889
19391 0.002793296
16064 0.002793296
19137 0.002793296
10691 0.002793296
3268 0.002793296
18116 0.002793296
14788 0.005586592
16582 0.002793296
18118 0.002793296
18378 0.002793296
13260 0.002793296
1488 0.002793296
13521 0.002793296
209 0.002793296
10451 0.039106146
20437 0.002793296
11990 0.002793296
11734 0.005586592
16599 0.005586592
3288 0.002793296
20696 0.01396648
21465 0.002793296
7897 0.005586592
5083 0.002793296
14300 0.002793296
4319 0.002793296
7135 0.002793296
6368 0.002793296
20192 0.002793296
9441 0.002793296
6116 0.002793296
21733 0.002793296
5349 0.002793296
20453 0.005586592
16869 0.01396648
1254 0.002793296
6886 0.002793296
8422 0.002793296
16871 0.002793296
7914 0.005586592
4074 0.011173184
16618 0.011173184
18414 0.002793296
1006 0.002793296
13039 0.002793296
19183 0.002793296
20723 0.008379889
7160 0.002793296
11512 0.05865922
22009 0.002793296
763 0.002793296
