5892 0.010416667
17669 0.010416667
17415 0.0052083335
5900 0.0052083335
531 0.0052083335
8724 0.0052083335
8468 0.0052083335
13844 0.0052083335
12823 0.0052083335
19736 0.0052083335
13855 0.0052083335
9250 0.010416667
18213 0.0052083335
21802 0.020833334
13613 0.010416667
2354 0.0052083335
10546 0.010416667
8243 0.0052083335
14650 0.052083332
18239 0.0052083335
11327 0.0052083335
10817 0.0052083335
2370 0.0052083335
10821 0.0052083335
12871 0.0052083335
4169 0.015625
18251 0.0052083335
21325 0.0052083335
3154 0.0052083335
9813 0.0052083335
7254 0.0052083335
15959 0.0052083335
18263 0.0052083335
11611 0.0052083335
5212 0.0052083335
14173 0.0052083335
10589 0.0052083335
13919 0.010416667
16481 0.0052083335
20579 0.0052083335
13160 0.020833334
19054 0.0052083335
18544 0.0052083335
11635 0.0052083335
884 0.015625
19062 0.010416667
19581 0.015625
21632 0.0052083335
2690 0.0052083335
11141 0.010416667
9862 0.015625
3982 0.0052083335
9361 0.0052083335
10897 0.015625
11932 0.0052083335
4510 0.010416667
3745 0.0052083335
8097 0.010416667
7333 0.0052083335
19886 0.010416667
14514 0.010416667
12470 0.010416667
4025 0.0052083335
6588 0.0052083335
18623 0.0052083335
192 0.0052083335
16064 0.010416667
5825 0.026041666
10691 0.0052083335
3268 0.0052083335
16582 0.0052083335
2758 0.0052083335
11718 0.010416667
20166 0.015625
8135 0.0052083335
10184 0.052083332
18378 0.010416667
21194 0.010416667
718 0.010416667
13521 0.0052083335
10451 0.041666668
2776 0.0052083335
3288 0.052083332
21465 0.0052083335
5083 0.010416667
10460 0.0052083335
13532 0.0052083335
6116 0.0052083335
5349 0.0052083335
7914 0.0052083335
1006 0.015625
19183 0.0052083335
9461 0.046875
11512 0.036458332
8444 0.0052083335
22268 0.0052083335
6654 0.010416667
5631 0.0052083335
6143 0.010416667
