8194 0.010256411
20483 0.0051282053
9476 0.0051282053
5893 0.0051282053
16390 0.0051282053
5900 0.0051282053
16396 0.020512821
4111 0.0051282053
8724 0.0051282053
6934 0.0051282053
19736 0.03076923
7449 0.0051282053
14618 0.0051282053
4635 0.010256411
6435 0.010256411
8743 0.0051282053
13361 0.0051282053
14650 0.0051282053
11327 0.0051282053
10821 0.015384615
12871 0.0051282053
4682 0.0051282053
18251 0.041025642
20047 0.0051282053
3922 0.010256411
7252 0.0051282053
2902 0.0051282053
18263 0.0051282053
2393 0.0051282053
13149 0.0051282053
16481 0.0051282053
10083 0.0051282053
3430 0.010256411
15975 0.0051282053
14442 0.0051282053
874 0.0051282053
11635 0.0051282053
21621 0.015384615
10618 0.0051282053
9852 0.0051282053
8573 0.0051282053
19581 0.015384615
21632 0.0051282053
2176 0.0051282053
18563 0.0051282053
8837 0.06666667
8070 0.0051282053
9862 0.015384615
9615 0.0051282053
18064 0.0051282053
400 0.0051282053
10897 0.046153847
8343 0.010256411
10651 0.0051282053
3745 0.010256411
11431 0.0051282053
1960 0.020512821
6828 0.0051282053
19886 0.0051282053
21679 0.0051282053
8111 0.025641026
12208 0.0051282053
2226 0.0051282053
9139 0.0051282053
20405 0.020512821
11447 0.0051282053
16064 0.0051282053
5825 0.015384615
10691 0.0051282053
21444 0.0051282053
16582 0.0051282053
13255 0.0051282053
6857 0.0051282053
13260 0.025641026
19917 0.0051282053
19408 0.0051282053
13521 0.0051282053
16849 0.0051282053
10451 0.015384615
15572 0.0051282053
10710 0.0051282053
15831 0.0051282053
16599 0.0051282053
20696 0.0051282053
3288 0.0051282053
8921 0.0051282053
5083 0.0051282053
12765 0.0051282053
4319 0.035897437
6116 0.0051282053
7914 0.0051282053
18410 0.015384615
1006 0.020512821
12271 0.0051282053
8175 0.0051282053
12016 0.020512821
20723 0.010256411
17653 0.015384615
15606 0.0051282053
8695 0.0051282053
7160 0.0051282053
11512 0.035897437
5885 0.0051282053
22015 0.0051282053
