19712 0.004901961
4100 0.009803922
5893 0.004901961
16390 0.004901961
15624 0.004901961
5387 0.004901961
5900 0.004901961
5390 0.004901961
10767 0.019607844
8724 0.004901961
13844 0.004901961
14100 0.004901961
19736 0.014705882
4635 0.004901961
6688 0.004901961
6435 0.004901961
14884 0.004901961
21541 0.004901961
38 0.004901961
6952 0.004901961
6444 0.004901961
10284 0.009803922
1837 0.004901961
4141 0.004901961
13613 0.004901961
22064 0.019607844
21044 0.004901961
14650 0.004901961
3130 0.004901961
14394 0.009803922
13883 0.004901961
8254 0.004901961
6206 0.029411765
11327 0.004901961
319 0.004901961
19010 0.004901961
10821 0.009803922
8263 0.009803922
12871 0.014705882
4169 0.004901961
18251 0.004901961
16717 0.004901961
21588 0.019607844
16981 0.004901961
20309 0.004901961
2902 0.004901961
18263 0.004901961
1627 0.004901961
10075 0.004901961
14173 0.009803922
16481 0.004901961
20579 0.004901961
3430 0.004901961
2662 0.019607844
11625 0.004901961
6509 0.004901961
6772 0.004901961
884 0.009803922
19581 0.009803922
21632 0.004901961
8832 0.004901961
2176 0.004901961
16003 0.014705882
8836 0.004901961
11141 0.004901961
9862 0.019607844
12937 0.004901961
17294 0.039215688
10896 0.004901961
6032 0.004901961
18064 0.004901961
20624 0.004901961
17553 0.004901961
10897 0.024509804
20630 0.004901961
8342 0.009803922
2204 0.004901961
7580 0.004901961
11932 0.004901961
3745 0.009803922
8355 0.004901961
2731 0.004901961
11436 0.004901961
12205 0.009803922
431 0.004901961
9393 0.004901961
20402 0.004901961
14515 0.05392157
20405 0.014705882
19126 0.009803922
8890 0.004901961
3522 0.004901961
9666 0.004901961
7618 0.009803922
16582 0.024509804
13255 0.004901961
4552 0.004901961
5834 0.004901961
3530 0.004901961
19917 0.004901961
19408 0.004901961
13521 0.004901961
16849 0.004901961
17361 0.004901961
10451 0.004901961
16345 0.004901961
4319 0.004901961
20453 0.004901961
6886 0.004901961
2791 0.004901961
20712 0.004901961
10729 0.004901961
3306 0.004901961
7914 0.004901961
747 0.009803922
1006 0.009803922
12016 0.014705882
241 0.004901961
2292 0.004901961
14838 0.004901961
11512 0.04901961
2041 0.004901961
22270 0.004901961
19711 0.009803922
