5380 0.003533569
5892 0.003533569
9988 0.003533569
5893 0.017667845
16390 0.014134276
17415 0.003533569
6409 0.003533569
10763 0.028268551
2573 0.003533569
15629 0.010600707
10767 0.010600707
8208 0.003533569
22035 0.003533569
5396 0.123674914
22294 0.007067138
21015 0.003533569
19736 0.003533569
4635 0.045936394
14365 0.003533569
18729 0.003533569
6187 0.003533569
17196 0.003533569
22064 0.010600707
20020 0.010600707
311 0.003533569
4669 0.007067138
7486 0.007067138
13631 0.003533569
18239 0.007067138
10821 0.003533569
18758 0.003533569
8263 0.003533569
6215 0.010600707
15959 0.003533569
19802 0.003533569
13659 0.003533569
19805 0.003533569
6239 0.003533569
21345 0.003533569
21605 0.003533569
3430 0.014134276
13160 0.003533569
4714 0.003533569
6509 0.003533569
14960 0.003533569
18544 0.003533569
21872 0.003533569
20349 0.003533569
19581 0.010600707
11141 0.003533569
9862 0.007067138
8070 0.010600707
13452 0.003533569
10896 0.007067138
9361 0.003533569
10897 0.003533569
20883 0.003533569
12180 0.003533569
13972 0.003533569
8855 0.017667845
8090 0.003533569
21403 0.003533569
11932 0.003533569
20127 0.003533569
13983 0.003533569
3745 0.003533569
21676 0.003533569
19886 0.017667845
14514 0.007067138
8371 0.003533569
17075 0.003533569
6325 0.014134276
20405 0.014134276
2234 0.003533569
16064 0.003533569
6336 0.003533569
14275 0.003533569
21703 0.003533569
9160 0.003533569
1482 0.017667845
9935 0.003533569
10451 0.045936394
16599 0.003533569
20696 0.088339224
217 0.007067138
21465 0.014134276
15323 0.003533569
6364 0.003533569
13532 0.03180212
2269 0.003533569
2016 0.003533569
18656 0.003533569
16610 0.003533569
6116 0.003533569
20453 0.003533569
8422 0.003533569
6886 0.014134276
20712 0.003533569
7914 0.003533569
5612 0.003533569
12016 0.003533569
499 0.003533569
7669 0.010600707
7160 0.003533569
21752 0.003533569
11512 0.042402826
3323 0.007067138
22270 0.003533569
19199 0.003533569
3839 0.024734983
