21632 0.004950495
8194 0.004950495
8709 0.004950495
5893 0.00990099
9862 0.014851485
17415 0.004950495
16396 0.004950495
15629 0.004950495
5645 0.00990099
8208 0.004950495
18064 0.00990099
10897 0.00990099
9361 0.014851485
1937 0.044554457
18834 0.00990099
8724 0.004950495
13334 0.004950495
7830 0.00990099
22294 0.00990099
8343 0.004950495
19736 0.004950495
10651 0.00990099
15900 0.004950495
11932 0.01980198
6688 0.004950495
3745 0.004950495
8097 0.00990099
9250 0.014851485
15528 0.004950495
7722 0.004950495
21291 0.004950495
12205 0.004950495
1837 0.00990099
21038 0.004950495
6450 0.004950495
13621 0.004950495
20405 0.034653466
2231 0.004950495
11706 0.004950495
20925 0.004950495
18623 0.004950495
11327 0.004950495
5825 0.00990099
3268 0.004950495
18758 0.00990099
16582 0.00990099
2758 0.01980198
12871 0.00990099
8263 0.00990099
4682 0.004950495
18251 0.044554457
19020 0.004950495
21325 0.004950495
16717 0.004950495
13521 0.004950495
21841 0.004950495
10451 0.00990099
9940 0.004950495
20438 0.004950495
18263 0.004950495
3288 0.01980198
731 0.004950495
10331 0.08415841
15966 0.004950495
6623 0.004950495
4319 0.03960396
16481 0.004950495
21345 0.004950495
8545 0.00990099
20579 0.004950495
5859 0.004950495
19683 0.004950495
3430 0.00990099
20712 0.014851485
3306 0.03960396
14061 0.004950495
1261 0.004950495
9710 0.004950495
1006 0.014851485
11635 0.004950495
884 0.01980198
9461 0.024752475
14966 0.004950495
12278 0.004950495
15608 0.00990099
11512 0.06435644
15610 0.004950495
11644 0.014851485
19581 0.014851485
