8194 0.006802721
3842 0.006802721
7683 0.006802721
5893 0.027210884
10246 0.020408163
17415 0.020408163
3339 0.013605442
14860 0.006802721
17935 0.006802721
1295 0.006802721
10767 0.006802721
8724 0.006802721
19736 0.006802721
13855 0.006802721
18209 0.006802721
9250 0.013605442
298 0.006802721
6450 0.006802721
19250 0.006802721
21044 0.006802721
1077 0.006802721
14650 0.006802721
1596 0.006802721
1853 0.006802721
18239 0.006802721
831 0.006802721
8260 0.006802721
4934 0.006802721
6215 0.006802721
8263 0.006802721
12871 0.013605442
18251 0.006802721
16717 0.006802721
2132 0.006802721
19286 0.013605442
18263 0.013605442
861 0.006802721
16736 0.020408163
16481 0.006802721
20579 0.006802721
9061 0.006802721
3430 0.006802721
5990 0.006802721
109 0.006802721
9071 0.006802721
11121 0.006802721
11635 0.006802721
884 0.006802721
19062 0.013605442
19581 0.020408163
21632 0.006802721
9862 0.006802721
17294 0.006802721
18064 0.006802721
10897 0.020408163
18834 0.006802721
20883 0.006802721
14996 0.006802721
8855 0.006802721
8343 0.006802721
11932 0.006802721
16032 0.006802721
3745 0.006802721
18340 0.006802721
20648 0.006802721
2473 0.006802721
9393 0.006802721
9139 0.013605442
20405 0.020408163
4283 0.006802721
9918 0.006802721
1215 0.006802721
6336 0.006802721
16582 0.013605442
20167 0.006802721
1224 0.006802721
3530 0.006802721
14795 0.006802721
18381 0.006802721
20942 0.006802721
13521 0.006802721
19667 0.006802721
10451 0.027210884
7892 0.006802721
20437 0.006802721
20696 0.020408163
4314 0.006802721
1754 0.006802721
13274 0.006802721
7642 0.013605442
20188 0.006802721
3293 0.006802721
6116 0.013605442
20453 0.006802721
6886 0.013605442
6888 0.006802721
20712 0.006802721
1006 0.006802721
11504 0.006802721
3058 0.006802721
20723 0.006802721
1779 0.006802721
15606 0.006802721
5622 0.006802721
5623 0.006802721
11512 0.06122449
2041 0.006802721
22270 0.006802721
