3842 0.0062111802
5893 0.0062111802
16390 0.0062111802
10246 0.00931677
16396 0.0031055901
5900 0.00931677
15120 0.0062111802
22035 0.0031055901
8724 0.0031055901
8468 0.0031055901
13844 0.0062111802
2837 0.0031055901
19736 0.00931677
4635 0.0062111802
12830 0.0031055901
12321 0.0031055901
9250 0.0031055901
7208 0.0031055901
13613 0.0062111802
7471 0.0031055901
8497 0.0031055901
15922 0.0031055901
10546 0.0031055901
14903 0.0031055901
16698 0.0031055901
14650 0.00931677
22076 0.0062111802
3389 0.0031055901
2621 0.00931677
8254 0.0031055901
18239 0.0031055901
11327 0.0062111802
11073 0.0031055901
10821 0.00931677
8263 0.0031055901
12871 0.0062111802
19785 0.0031055901
18251 0.04658385
21325 0.0031055901
16717 0.0031055901
14158 0.0031055901
3922 0.0031055901
21077 0.0031055901
18263 0.01863354
10331 0.0031055901
6239 0.0031055901
22112 0.0062111802
1376 0.0062111802
16481 0.0031055901
8545 0.031055901
20579 0.00931677
17252 0.0031055901
3430 0.0031055901
15975 0.0031055901
8297 0.0031055901
14699 0.0031055901
12398 0.0031055901
10094 0.0031055901
11121 0.0031055901
11635 0.0031055901
5235 0.0031055901
884 0.0062111802
21621 0.0062111802
19062 0.0031055901
19581 0.02173913
21632 0.0031055901
3456 0.0031055901
2176 0.00931677
2693 0.031055901
20104 0.0031055901
3466 0.0031055901
20367 0.0062111802
9361 0.0031055901
17553 0.0031055901
10897 0.015527951
20883 0.0031055901
16032 0.0031055901
3745 0.0062111802
8097 0.015527951
15528 0.0031055901
18858 0.0031055901
19886 0.0062111802
9393 0.0031055901
11186 0.0031055901
14514 0.0031055901
9651 0.0031055901
14515 0.00931677
2740 0.0031055901
20405 0.027950311
11447 0.0031055901
6588 0.0031055901
21698 0.0031055901
3522 0.00931677
10691 0.0031055901
14533 0.0031055901
16582 0.0062111802
2758 0.031055901
21194 0.0031055901
18378 0.0031055901
14798 0.0062111802
13521 0.0031055901
10451 0.015527951
468 0.0031055901
18134 0.0031055901
3288 0.0031055901
20696 0.00931677
731 0.0031055901
14556 0.0031055901
6623 0.00931677
4319 0.04347826
14560 0.0062111802
6116 0.0031055901
20453 0.0062111802
8422 0.0062111802
2791 0.0031055901
16871 0.0062111802
20203 0.0031055901
11499 0.11801242
1006 0.00931677
12016 0.0031055901
12278 0.0031055901
6646 0.0031055901
11512 0.07763975
2041 0.0031055901
14587 0.0062111802
19711 0.0031055901
