8194 0.005524862
5893 0.027624309
16390 0.005524862
17415 0.005524862
3339 0.005524862
10763 0.005524862
15121 0.005524862
8724 0.005524862
19736 0.011049724
14365 0.011049724
6687 0.005524862
13857 0.005524862
9250 0.005524862
10531 0.005524862
10025 0.005524862
13610 0.005524862
4652 0.005524862
13613 0.005524862
10546 0.016574586
20020 0.005524862
21558 0.005524862
6454 0.016574586
14650 0.005524862
21564 0.049723756
12871 0.005524862
18251 0.027624309
12365 0.011049724
3922 0.005524862
1620 0.005524862
18263 0.011049724
2393 0.005524862
13659 0.005524862
11611 0.005524862
13919 0.016574586
1376 0.005524862
16736 0.005524862
16481 0.005524862
7265 0.005524862
10083 0.005524862
17252 0.005524862
3430 0.016574586
884 0.005524862
13176 0.005524862
9850 0.005524862
19581 0.022099448
21632 0.005524862
22147 0.005524862
16003 0.044198897
9862 0.005524862
20367 0.005524862
13712 0.005524862
9361 0.005524862
10897 0.016574586
13714 0.005524862
1945 0.005524862
11932 0.005524862
8095 0.005524862
9377 0.005524862
3745 0.011049724
12710 0.005524862
4007 0.038674034
15528 0.005524862
19886 0.005524862
7599 0.005524862
21679 0.011049724
2226 0.005524862
14515 0.005524862
20405 0.011049724
20150 0.005524862
11447 0.016574586
5308 0.005524862
6336 0.005524862
3268 0.005524862
16582 0.005524862
2758 0.011049724
22222 0.005524862
1488 0.011049724
13521 0.005524862
10451 0.022099448
9685 0.005524862
7381 0.011049724
20696 0.011049724
21465 0.005524862
5083 0.005524862
4319 0.011049724
8163 0.005524862
6116 0.005524862
9957 0.005524862
5861 0.005524862
5349 0.022099448
19688 0.005524862
7914 0.005524862
20203 0.005524862
1262 0.005524862
1006 0.005524862
18414 0.022099448
8175 0.005524862
12271 0.005524862
19183 0.005524862
3058 0.005524862
8947 0.005524862
7160 0.005524862
11512 0.027624309
2043 0.005524862
3323 0.027624309
3839 0.005524862
6143 0.011049724
