4100 0.0045045046
5893 0.0045045046
10246 0.0045045046
17415 0.013513514
4362 0.0045045046
9227 0.04054054
5900 0.0045045046
15629 0.0045045046
10767 0.009009009
8208 0.0045045046
8724 0.0045045046
8468 0.0045045046
19736 0.018018018
4635 0.022522522
15900 0.009009009
14365 0.0045045046
6175 0.0045045046
13345 0.0045045046
11298 0.0045045046
3619 0.0045045046
38 0.0045045046
13610 0.0045045046
18731 0.009009009
17196 0.0045045046
13613 0.022522522
6958 0.0045045046
21044 0.0045045046
9017 0.0045045046
14650 0.009009009
8254 0.0045045046
18239 0.013513514
11327 0.018018018
18501 0.0045045046
4934 0.0045045046
12871 0.013513514
18251 0.022522522
16717 0.013513514
14158 0.0045045046
7251 0.0045045046
16724 0.0045045046
12629 0.0045045046
2901 0.0045045046
20309 0.0045045046
18263 0.018018018
15960 0.0045045046
19548 0.0045045046
14173 0.009009009
9310 0.0045045046
13919 0.0045045046
16736 0.0045045046
16481 0.0045045046
21345 0.009009009
7265 0.018018018
20579 0.009009009
4963 0.013513514
3430 0.0045045046
2662 0.0045045046
5736 0.0045045046
4202 0.0045045046
17514 0.0045045046
14442 0.009009009
4714 0.013513514
18541 0.013513514
10350 0.0045045046
11635 0.009009009
884 0.0045045046
12924 0.0045045046
21632 0.0045045046
5766 0.0045045046
9862 0.009009009
20360 0.0045045046
8843 0.0045045046
6286 0.0045045046
18064 0.0045045046
10897 0.027027028
8855 0.0045045046
8343 0.009009009
2969 0.0045045046
11932 0.0045045046
3745 0.009009009
12710 0.0045045046
10409 0.0045045046
20140 0.0045045046
13485 0.0045045046
4525 0.0045045046
431 0.0045045046
14514 0.0045045046
9139 0.0045045046
8371 0.0045045046
6836 0.0045045046
20405 0.027027028
14273 0.0045045046
10691 0.0045045046
16582 0.0045045046
7110 0.009009009
13255 0.0045045046
1224 0.0045045046
5834 0.0045045046
19917 0.0045045046
14030 0.0045045046
12495 0.0045045046
13521 0.0045045046
10451 0.018018018
20696 0.009009009
4314 0.0045045046
1754 0.0045045046
4574 0.0045045046
4063 0.009009009
4319 0.018018018
16097 0.0045045046
1249 0.0045045046
6116 0.0045045046
20453 0.0045045046
8422 0.0045045046
20203 0.0045045046
18413 0.0045045046
1006 0.0045045046
21236 0.0045045046
1524 0.022522522
11512 0.067567565
9977 0.0045045046
3323 0.009009009
3839 0.0045045046
6143 0.013513514
