21632 0.005076142
21377 0.005076142
5893 0.030456852
9862 0.005076142
10246 0.010152284
21384 0.015228426
11529 0.005076142
10763 0.010152284
6286 0.005076142
14 0.005076142
9361 0.005076142
10897 0.030456852
8724 0.005076142
2836 0.005076142
8468 0.005076142
13334 0.005076142
19736 0.005076142
16024 0.005076142
8090 0.005076142
4635 0.02538071
11932 0.015228426
4253 0.010152284
13343 0.005076142
20127 0.010152284
8992 0.005076142
1696 0.005076142
3745 0.005076142
12710 0.010152284
1072 0.07106599
11825 0.005076142
14129 0.005076142
1585 0.010152284
14514 0.005076142
20405 0.02538071
21944 0.005076142
14650 0.005076142
11327 0.015228426
18239 0.020304568
21696 0.005076142
16064 0.005076142
10821 0.005076142
16582 0.005076142
11846 0.005076142
18758 0.010152284
12871 0.005076142
6215 0.005076142
8263 0.005076142
14152 0.005076142
4169 0.005076142
1739 0.005076142
22219 0.010152284
18251 0.07106599
6220 0.005076142
6480 0.015228426
13521 0.005076142
2897 0.005076142
3538 0.005076142
10451 0.065989845
7124 0.035532996
8662 0.005076142
18263 0.015228426
20696 0.02538071
13659 0.005076142
13532 0.005076142
12765 0.005076142
2269 0.005076142
6623 0.005076142
4319 0.040609136
16481 0.005076142
5349 0.005076142
8422 0.005076142
17382 0.005076142
15208 0.005076142
7914 0.005076142
3309 0.005076142
1006 0.005076142
1262 0.015228426
12271 0.005076142
13426 0.005076142
20723 0.005076142
19188 0.005076142
21621 0.005076142
15606 0.005076142
15608 0.020304568
11512 0.05076142
2041 0.005076142
22010 0.005076142
17658 0.005076142
10618 0.005076142
