21632 0.006060606
5892 0.006060606
5893 0.054545455
10763 0.018181818
13452 0.006060606
6796 0.012121212
5900 0.018181818
10896 0.012121212
9361 0.006060606
10897 0.018181818
1427 0.012121212
8724 0.006060606
12823 0.006060606
19736 0.006060606
10649 0.006060606
13722 0.006060606
8218 0.06666667
4635 0.018181818
19100 0.006060606
31 0.006060606
6688 0.006060606
3745 0.006060606
18209 0.006060606
9250 0.006060606
17573 0.006060606
298 0.006060606
13613 0.006060606
19886 0.012121212
18991 0.006060606
10417 0.012121212
11825 0.018181818
19250 0.012121212
8371 0.006060606
8243 0.006060606
21044 0.006060606
20020 0.018181818
4789 0.006060606
20405 0.012121212
2359 0.012121212
3513 0.006060606
14650 0.018181818
13883 0.006060606
6588 0.006060606
11327 0.006060606
319 0.012121212
18239 0.012121212
3522 0.012121212
18116 0.006060606
16582 0.006060606
4934 0.018181818
12871 0.006060606
3272 0.006060606
586 0.006060606
1482 0.012121212
18251 0.036363635
21325 0.006060606
14798 0.006060606
13521 0.006060606
10451 0.024242423
11990 0.006060606
18263 0.006060606
15961 0.006060606
4570 0.024242423
3547 0.006060606
13659 0.006060606
13532 0.006060606
4319 0.030303031
11744 0.006060606
18656 0.006060606
16481 0.006060606
14818 0.006060606
20579 0.006060606
6116 0.030303031
20453 0.012121212
2662 0.006060606
3430 0.030303031
16871 0.006060606
19688 0.012121212
20841 0.006060606
4714 0.006060606
8175 0.006060606
11635 0.006060606
20723 0.006060606
12020 0.012121212
11512 0.030303031
22009 0.006060606
11643 0.006060606
19581 0.012121212
