7680 0.00390625
8709 0.00390625
5893 0.00390625
16390 0.0078125
10246 0.0078125
17415 0.0078125
10763 0.0078125
5900 0.0078125
17935 0.00390625
10767 0.01953125
15121 0.00390625
18706 0.00390625
275 0.00390625
8724 0.00390625
12568 0.00390625
4635 0.01171875
21278 0.00390625
8735 0.00390625
13343 0.00390625
22050 0.00390625
7460 0.00390625
18731 0.0078125
18732 0.00390625
6444 0.00390625
13613 0.00390625
1071 0.00390625
18991 0.00390625
20275 0.0078125
21044 0.00390625
11321 0.00390625
14650 0.00390625
8254 0.00390625
18239 0.00390625
12095 0.00390625
4416 0.00390625
1858 0.00390625
5698 0.09765625
10821 0.00390625
18758 0.00390625
12871 0.00390625
8263 0.00390625
18251 0.015625
21580 0.00390625
20813 0.00390625
3922 0.00390625
18263 0.00390625
16471 0.01171875
15196 0.01171875
13919 0.0078125
16736 0.0078125
16481 0.00390625
10083 0.00390625
18275 0.00390625
13929 0.0078125
7274 0.00390625
18800 0.00390625
5235 0.00390625
11635 0.00390625
884 0.00390625
13686 0.00390625
8573 0.00390625
6525 0.00390625
19581 0.0078125
9598 0.01171875
21632 0.00390625
2690 0.00390625
8837 0.00390625
11141 0.00390625
9862 0.00390625
8070 0.01171875
8585 0.00390625
18573 0.0078125
11151 0.00390625
143 0.00390625
7567 0.00390625
6032 0.0078125
10897 0.01171875
13714 0.00390625
8851 0.0078125
8343 0.00390625
6807 0.00390625
10651 0.00390625
12956 0.00390625
3745 0.00390625
14757 0.00390625
20648 0.00390625
2731 0.00390625
2476 0.00390625
19886 0.01953125
21679 0.00390625
9139 0.00390625
20405 0.0234375
7865 0.00390625
6588 0.02734375
16573 0.00390625
3262 0.00390625
5823 0.11328125
5825 0.01171875
16582 0.00390625
2764 0.00390625
718 0.00390625
13521 0.00390625
10451 0.0234375
20437 0.00390625
16599 0.00390625
20696 0.00390625
21465 0.00390625
731 0.00390625
4319 0.00390625
6368 0.01171875
3300 0.00390625
21733 0.00390625
20453 0.0078125
6888 0.00390625
3306 0.0078125
7914 0.0078125
11757 0.00390625
1006 0.015625
18414 0.0390625
241 0.00390625
5623 0.00390625
11512 0.03125
6654 0.00390625
6143 0.0078125
