8194 0.0037593986
9988 0.0037593986
5892 0.007518797
8709 0.0037593986
5893 0.011278195
16390 0.0037593986
10246 0.011278195
17415 0.007518797
21514 0.0037593986
10763 0.0037593986
3339 0.007518797
14860 0.060150377
5902 0.0037593986
10767 0.007518797
8208 0.0037593986
8724 0.0037593986
13844 0.0037593986
6934 0.0037593986
19736 0.007518797
4635 0.007518797
13343 0.0037593986
11808 0.0037593986
14625 0.0037593986
12321 0.0037593986
5410 0.0037593986
9250 0.007518797
38 0.0037593986
8743 0.0037593986
7209 0.0037593986
298 0.0037593986
13613 0.007518797
10546 0.0037593986
19250 0.0037593986
22067 0.0037593986
20020 0.007518797
14650 0.011278195
18239 0.0037593986
1858 0.0037593986
21828 0.0037593986
10821 0.007518797
14406 0.0037593986
12871 0.0037593986
6215 0.0037593986
18251 0.011278195
16717 0.0037593986
9810 0.0037593986
7252 0.0037593986
18263 0.075187966
1882 0.0037593986
13659 0.0037593986
9310 0.011278195
20065 0.011278195
16481 0.015037594
10083 0.0037593986
20579 0.007518797
2662 0.0037593986
15209 0.0037593986
6253 0.0037593986
15469 0.0037593986
13426 0.0037593986
11635 0.007518797
884 0.007518797
12664 0.0037593986
19581 0.018796992
21632 0.0037593986
13186 0.007518797
11141 0.0037593986
17029 0.007518797
8837 0.015037594
11398 0.0037593986
9862 0.011278195
5000 0.0037593986
11151 0.0037593986
14992 0.0037593986
10897 0.011278195
8342 0.02255639
8343 0.011278195
11932 0.0037593986
19100 0.011278195
21662 0.0037593986
8095 0.0037593986
3745 0.0037593986
2473 0.0037593986
18858 0.0037593986
12205 0.007518797
21679 0.0037593986
12208 0.0037593986
9393 0.007518797
10417 0.007518797
9139 0.0037593986
17332 0.0037593986
20405 0.015037594
8890 0.0037593986
3262 0.0037593986
16064 0.0037593986
5825 0.015037594
3522 0.0037593986
9926 0.0037593986
16582 0.007518797
2758 0.007518797
5834 0.0037593986
18378 0.0037593986
1482 0.011278195
13260 0.0037593986
13521 0.0037593986
10451 0.02255639
20437 0.0037593986
20696 0.015037594
18394 0.0037593986
1754 0.015037594
5083 0.007518797
4319 0.0037593986
20959 0.0037593986
20193 0.0037593986
20450 0.0037593986
8163 0.0037593986
20453 0.02631579
4329 0.0037593986
7914 0.02631579
1006 0.018796992
21487 0.0037593986
241 0.0037593986
20723 0.0037593986
9973 0.0037593986
5623 0.0037593986
11512 0.033834588
3323 0.0037593986
22270 0.0037593986
5631 0.0037593986
9727 0.0037593986
6143 0.011278195
