5893 0.0057142857
10246 0.0057142857
7180 0.0057142857
16396 0.0057142857
17935 0.0057142857
8724 0.0057142857
2836 0.0057142857
8468 0.0057142857
22294 0.0057142857
19736 0.011428571
10780 0.0057142857
3104 0.0057142857
16161 0.0057142857
9250 0.0057142857
16676 0.0057142857
20516 0.0057142857
16935 0.0057142857
6952 0.0057142857
6444 0.0057142857
1072 0.022857143
10546 0.011428571
7731 0.0057142857
13621 0.0057142857
21813 0.011428571
15670 0.0057142857
9273 0.0057142857
14650 0.017142856
8254 0.0057142857
319 0.022857143
11073 0.0057142857
1858 0.0057142857
5186 0.0057142857
10821 0.0057142857
18758 0.0057142857
12871 0.0057142857
18251 0.045714285
2902 0.0057142857
13659 0.0057142857
347 0.0057142857
2140 0.0057142857
16481 0.0057142857
4962 0.0057142857
3430 0.0057142857
8297 0.0057142857
3950 0.0057142857
10350 0.0057142857
884 0.011428571
19062 0.0057142857
15484 0.0057142857
4477 0.0057142857
19581 0.011428571
21632 0.0057142857
8832 0.0057142857
3456 0.0057142857
2690 0.045714285
9862 0.0057142857
19594 0.0057142857
10897 0.011428571
13714 0.0057142857
8343 0.011428571
1691 0.0057142857
5275 0.0057142857
11932 0.04
3745 0.0057142857
8097 0.011428571
18340 0.0057142857
3751 0.011428571
7847 0.017142856
13480 0.011428571
7082 0.0057142857
9139 0.0057142857
6836 0.011428571
20405 0.011428571
17846 0.0057142857
11960 0.0057142857
14528 0.0057142857
18882 0.0057142857
10691 0.0057142857
16582 0.0057142857
7110 0.0057142857
14022 0.0057142857
13255 0.0057142857
10696 0.0057142857
3790 0.0057142857
13521 0.0057142857
10451 0.022857143
7124 0.0057142857
16599 0.011428571
3288 0.0057142857
21465 0.011428571
5850 0.0057142857
5083 0.0057142857
4319 0.011428571
21218 0.0057142857
3300 0.0057142857
20196 0.0057142857
6116 0.011428571
20453 0.0057142857
20712 0.0057142857
6888 0.0057142857
3306 0.0057142857
1262 0.0057142857
1006 0.011428571
18159 0.0057142857
4848 0.0057142857
12016 0.011428571
18931 0.0057142857
20723 0.0057142857
15348 0.0057142857
11512 0.068571426
6654 0.0057142857
19199 0.0057142857
19711 0.0057142857
