8194 0.003012048
3844 0.003012048
5893 0.024096385
10246 0.012048192
17415 0.003012048
9227 0.003012048
5900 0.003012048
15117 0.006024096
17935 0.003012048
10767 0.003012048
8208 0.003012048
5396 0.03313253
22294 0.003012048
278 0.003012048
19736 0.006024096
4635 0.009036144
15900 0.012048192
15902 0.003012048
6688 0.003012048
13090 0.003012048
9250 0.006024096
11298 0.012048192
38 0.003012048
12327 0.003012048
6440 0.003012048
13610 0.006024096
298 0.012048192
10284 0.039156627
13613 0.003012048
1837 0.003012048
14129 0.003012048
5170 0.003012048
20020 0.003012048
21044 0.003012048
21813 0.003012048
311 0.003012048
1335 0.003012048
15673 0.003012048
3130 0.003012048
14394 0.003012048
14650 0.012048192
22075 0.003012048
3645 0.003012048
15934 0.006024096
6206 0.009036144
11327 0.006024096
18239 0.009036144
10821 0.006024096
12614 0.003012048
4934 0.003012048
18758 0.006024096
8263 0.003012048
4169 0.003012048
8268 0.003012048
16717 0.003012048
7252 0.003012048
4438 0.003012048
16983 0.003012048
17751 0.003012048
18263 0.018072288
13659 0.003012048
15196 0.003012048
14173 0.009036144
6239 0.006024096
6240 0.006024096
7265 0.003012048
21345 0.012048192
20579 0.003012048
1635 0.003012048
20325 0.003012048
3430 0.003012048
2662 0.006024096
15208 0.006024096
4714 0.003012048
8811 0.003012048
19308 0.003012048
12398 0.003012048
3950 0.012048192
18544 0.003012048
13426 0.003012048
11635 0.003012048
884 0.018072288
20349 0.003012048
8573 0.003012048
19581 0.015060241
16003 0.012048192
9862 0.015060241
20359 0.003012048
18572 0.003012048
10380 0.003012048
13709 0.003012048
6286 0.003012048
3982 0.006024096
9360 0.003012048
8592 0.003012048
10897 0.018072288
8855 0.003012048
8343 0.003012048
14487 0.006024096
21401 0.003012048
10908 0.006024096
13983 0.003012048
4511 0.003012048
18081 0.006024096
3745 0.006024096
15011 0.003012048
18340 0.003012048
17318 0.009036144
15528 0.003012048
4777 0.003012048
19886 0.015060241
12208 0.003012048
9139 0.003012048
6325 0.003012048
20405 0.03313253
20150 0.006024096
5825 0.003012048
1217 0.003012048
10691 0.006024096
11204 0.003012048
2758 0.003012048
21703 0.003012048
1482 0.006024096
13778 0.003012048
10451 0.021084337
20182 0.003012048
20696 0.024096385
21465 0.003012048
217 0.006024096
11482 0.003012048
4314 0.003012048
5083 0.003012048
6364 0.003012048
13532 0.006024096
5859 0.006024096
5861 0.003012048
5349 0.003012048
8422 0.003012048
2790 0.003012048
7914 0.006024096
19438 0.003012048
18414 0.012048192
1006 0.027108435
7663 0.003012048
19188 0.003012048
1524 0.006024096
7669 0.003012048
4342 0.003012048
5878 0.003012048
7160 0.009036144
11512 0.05120482
3323 0.024096385
3070 0.003012048
3839 0.003012048
5631 0.003012048
19199 0.009036144
