8194 0.007968128
9988 0.003984064
8709 0.003984064
5893 0.027888447
13318 0.003984064
10246 0.003984064
7434 0.003984064
3339 0.003984064
5900 0.003984064
10767 0.003984064
19216 0.003984064
8724 0.003984064
8468 0.003984064
278 0.007968128
19736 0.015936255
7449 0.003984064
21786 0.007968128
4635 0.015936255
6688 0.003984064
22050 0.007968128
11298 0.007968128
9250 0.007968128
12325 0.003984064
38 0.007968128
13097 0.007968128
10025 0.011952192
6186 0.003984064
7722 0.003984064
18731 0.003984064
15662 0.003984064
558 0.003984064
8497 0.003984064
22067 0.003984064
311 0.007968128
14650 0.007968128
15934 0.003984064
18239 0.011952192
13377 0.003984064
5698 0.003984064
1858 0.003984064
10821 0.011952192
18758 0.007968128
12871 0.003984064
2119 0.003984064
8263 0.015936255
9801 0.003984064
18251 0.003984064
12109 0.003984064
16717 0.003984064
20813 0.007968128
18263 0.003984064
4440 0.003984064
3416 0.003984064
604 0.003984064
14173 0.003984064
9310 0.003984064
6239 0.003984064
16481 0.003984064
8545 0.003984064
14434 0.003984064
20579 0.003984064
2662 0.003984064
8554 0.003984064
10095 0.003984064
21872 0.003984064
11635 0.043824703
15229 0.003984064
19581 0.01992032
21632 0.003984064
11141 0.003984064
8837 0.023904383
17292 0.003984064
3982 0.003984064
6032 0.003984064
8592 0.007968128
17553 0.003984064
10897 0.01992032
15509 0.003984064
8342 0.003984064
8855 0.003984064
8343 0.003984064
2973 0.003984064
13983 0.003984064
3745 0.003984064
12710 0.011952192
14250 0.003984064
19886 0.007968128
8111 0.003984064
21679 0.007968128
20405 0.015936255
12470 0.003984064
19126 0.003984064
4023 0.003984064
20158 0.003984064
4286 0.003984064
18623 0.003984064
21696 0.003984064
5825 0.007968128
19137 0.007968128
10691 0.003984064
16582 0.003984064
6086 0.003984064
18378 0.003984064
19917 0.003984064
3793 0.003984064
13521 0.003984064
16849 0.007968128
10451 0.027888447
20438 0.007968128
11734 0.011952192
20698 0.011952192
6623 0.011952192
6368 0.007968128
7906 0.003984064
10978 0.003984064
6116 0.003984064
20453 0.003984064
5861 0.003984064
6886 0.011952192
2791 0.007968128
16871 0.007968128
20712 0.003984064
3306 0.003984064
7914 0.007968128
15595 0.003984064
1006 0.011952192
12016 0.003984064
14578 0.003984064
19188 0.003984064
9973 0.007968128
14838 0.003984064
16375 0.003984064
9208 0.003984064
11512 0.08366534
2041 0.007968128
14844 0.003984064
5631 0.003984064
6143 0.015936255
