10756 0.003164557
9988 0.003164557
5892 0.006329114
19461 0.003164557
5893 0.01898734
16390 0.003164557
10246 0.006329114
10250 0.003164557
3339 0.003164557
1805 0.003164557
5903 0.003164557
10767 0.006329114
22035 0.003164557
8724 0.003164557
13844 0.003164557
278 0.006329114
22294 0.00949367
19736 0.003164557
4635 0.012658228
15902 0.003164557
16926 0.003164557
11298 0.003164557
9250 0.00949367
20516 0.022151899
4903 0.003164557
13097 0.003164557
6444 0.003164557
13613 0.003164557
8237 0.01898734
15662 0.003164557
11825 0.003164557
22067 0.003164557
13363 0.003164557
21556 0.003164557
14650 0.015822785
14910 0.006329114
7743 0.003164557
18239 0.006329114
21312 0.003164557
11073 0.003164557
10821 0.003164557
12614 0.003164557
18758 0.00949367
12871 0.003164557
6215 0.003164557
5959 0.003164557
8263 0.00949367
18251 0.003164557
14158 0.003164557
10831 0.003164557
3922 0.003164557
21588 0.003164557
9813 0.003164557
20821 0.00949367
8021 0.015822785
15959 0.003164557
11607 0.006329114
18263 0.00949367
13659 0.003164557
21339 0.003164557
10331 0.003164557
15451 0.003164557
6239 0.003164557
16736 0.006329114
16481 0.003164557
8545 0.003164557
21345 0.003164557
1378 0.003164557
10083 0.003164557
874 0.003164557
4202 0.003164557
8811 0.003164557
6509 0.003164557
21872 0.006329114
11635 0.003164557
884 0.006329114
16252 0.003164557
5756 0.003164557
19581 0.006329114
5246 0.003164557
21632 0.003164557
2176 0.003164557
2690 0.006329114
7812 0.003164557
14724 0.003164557
6021 0.003164557
9862 0.03164557
19337 0.003164557
6286 0.003164557
10896 0.003164557
9616 0.003164557
6032 0.006329114
20624 0.006329114
8592 0.006329114
10897 0.00949367
16531 0.003164557
20883 0.006329114
150 0.003164557
8342 0.003164557
8343 0.00949367
10649 0.003164557
5019 0.003164557
21403 0.006329114
16028 0.003164557
2204 0.006329114
15773 0.003164557
13983 0.003164557
8095 0.003164557
3745 0.00949367
930 0.003164557
15011 0.00949367
14757 0.003164557
6573 0.003164557
8111 0.003164557
7090 0.006329114
8371 0.006329114
20405 0.01898734
19126 0.00949367
6588 0.003164557
3262 0.12025317
3268 0.003164557
16582 0.003164557
2758 0.003164557
9670 0.003164557
18378 0.003164557
13521 0.003164557
10451 0.015822785
20437 0.006329114
20438 0.003164557
11734 0.00949367
20696 0.006329114
5849 0.003164557
217 0.003164557
12765 0.006329114
8163 0.003164557
6116 0.00949367
5349 0.006329114
6886 0.003164557
10218 0.003164557
7914 0.012658228
12011 0.003164557
14060 0.006329114
1006 0.003164557
15342 0.003164557
18159 0.006329114
16625 0.003164557
20723 0.006329114
1524 0.003164557
18677 0.003164557
14070 0.003164557
19702 0.012658228
11512 0.050632913
14330 0.003164557
253 0.003164557
3839 0.003164557
5631 0.003164557
6143 0.012658228
