4100 0.0032467532
5893 0.035714287
10246 0.0064935065
17415 0.0032467532
7434 0.0032467532
5900 0.016233766
15117 0.0032467532
10509 0.0032467532
21265 0.0064935065
8724 0.0032467532
13844 0.0032467532
278 0.0032467532
19736 0.0032467532
4635 0.012987013
15900 0.0064935065
12830 0.012987013
6687 0.0032467532
18208 0.0064935065
6688 0.0097402595
13090 0.0032467532
22050 0.0064935065
6435 0.0032467532
8743 0.0032467532
18731 0.0032467532
10027 0.0064935065
13613 0.0032467532
1837 0.0097402595
14126 0.0032467532
22064 0.0064935065
19250 0.0032467532
22067 0.0032467532
20020 0.0032467532
5428 0.0032467532
14394 0.0032467532
8250 0.0032467532
14650 0.0064935065
4923 0.0032467532
18239 0.0064935065
11073 0.0097402595
9538 0.0032467532
1858 0.0032467532
10821 0.045454547
4934 0.0032467532
20550 0.0032467532
12871 0.0032467532
6215 0.0064935065
2119 0.0097402595
8263 0.012987013
4682 0.0032467532
18251 0.0064935065
20816 0.0032467532
10321 0.0032467532
337 0.0032467532
10065 0.0064935065
10326 0.0032467532
18263 0.0097402595
4440 0.0032467532
2393 0.0032467532
13659 0.0032467532
15196 0.0097402595
19548 0.051948052
5214 0.0032467532
9310 0.0064935065
13919 0.012987013
16481 0.0032467532
15971 0.0032467532
3430 0.0032467532
5990 0.0032467532
15208 0.0032467532
8297 0.0032467532
13929 0.0032467532
8811 0.0032467532
7277 0.0032467532
6255 0.0064935065
9843 0.0032467532
11635 0.0064935065
884 0.0032467532
21621 0.0032467532
21110 0.0032467532
11643 0.0032467532
8573 0.0032467532
19581 0.029220778
21632 0.0032467532
16003 0.0032467532
11141 0.0097402595
9862 0.0097402595
8070 0.016233766
11151 0.0032467532
10896 0.0032467532
17553 0.0032467532
10897 0.012987013
12180 0.0032467532
8343 0.0032467532
1948 0.0032467532
2204 0.0032467532
11932 0.0032467532
19100 0.0064935065
3745 0.0032467532
14757 0.0032467532
2473 0.0032467532
18858 0.0032467532
21679 0.0032467532
14514 0.0032467532
8371 0.0064935065
9139 0.0097402595
20405 0.0064935065
6588 0.0064935065
6336 0.0032467532
16064 0.0032467532
5825 0.0032467532
8898 0.0032467532
10691 0.0032467532
3525 0.0064935065
2758 0.0032467532
16582 0.0064935065
10184 0.0032467532
1482 0.0032467532
715 0.0032467532
716 0.012987013
13260 0.064935066
2765 0.0032467532
718 0.0032467532
462 0.0032467532
1488 0.0032467532
13521 0.0032467532
18385 0.0032467532
10451 0.025974026
9685 0.0064935065
16605 0.012987013
6368 0.0097402595
20193 0.0032467532
16097 0.0064935065
20453 0.0032467532
5349 0.0032467532
16871 0.0032467532
2791 0.0097402595
6888 0.0032467532
7914 0.0064935065
15342 0.0032467532
1006 0.012987013
12016 0.0064935065
20723 0.0064935065
11512 0.032467533
22009 0.0032467532
5631 0.0097402595
