7681 0.005050505
8194 0.030303031
18948 0.005050505
7176 0.005050505
8724 0.005050505
13844 0.005050505
278 0.005050505
13334 0.005050505
1559 0.005050505
19736 0.015151516
7449 0.005050505
15900 0.005050505
10786 0.005050505
38 0.005050505
4652 0.05050505
13613 0.005050505
1837 0.005050505
8237 0.005050505
18991 0.005050505
6206 0.005050505
11073 0.005050505
8260 0.005050505
12871 0.005050505
18251 0.005050505
13907 0.005050505
7252 0.005050505
21588 0.030303031
18263 0.02020202
9310 0.005050505
6239 0.005050505
1376 0.005050505
11872 0.005050505
7265 0.01010101
16481 0.02020202
20579 0.005050505
2662 0.005050505
5990 0.005050505
20074 0.005050505
107 0.005050505
17265 0.01010101
884 0.005050505
18038 0.005050505
19581 0.015151516
21632 0.005050505
2690 0.005050505
20100 0.005050505
11141 0.015151516
8070 0.01010101
20360 0.005050505
17294 0.005050505
8592 0.005050505
20624 0.01010101
10897 0.025252525
8342 0.005050505
7830 0.02020202
8343 0.005050505
21401 0.005050505
13210 0.005050505
8860 0.005050505
3745 0.005050505
12710 0.17676768
1960 0.005050505
2473 0.01010101
8368 0.01010101
15537 0.005050505
7090 0.005050505
19893 0.005050505
22197 0.005050505
20405 0.015151516
19126 0.015151516
21432 0.005050505
20418 0.005050505
16582 0.01010101
2758 0.02020202
13260 0.005050505
14798 0.005050505
13521 0.005050505
10451 0.01010101
18388 0.005050505
20696 0.01010101
1754 0.005050505
14300 0.005050505
989 0.005050505
6111 0.005050505
12771 0.005050505
6116 0.005050505
20453 0.02020202
6886 0.015151516
21225 0.005050505
7914 0.005050505
1006 0.005050505
12016 0.005050505
20723 0.005050505
18677 0.005050505
5623 0.005050505
11512 0.025252525
2041 0.005050505
19199 0.005050505
6143 0.015151516
