10496 0.003816794
9988 0.03816794
5893 0.015267176
10246 0.003816794
5900 0.007633588
10767 0.011450382
8724 0.003816794
13844 0.01908397
19736 0.003816794
7449 0.003816794
3354 0.045801528
4635 0.026717557
9250 0.011450382
20516 0.003816794
21541 0.003816794
13862 0.003816794
4647 0.007633588
1837 0.003816794
22064 0.015267176
11825 0.003816794
19250 0.003816794
21813 0.003816794
17464 0.003816794
4665 0.007633588
14650 0.003816794
3130 0.003816794
11327 0.007633588
18239 0.011450382
10821 0.011450382
12871 0.003816794
2119 0.003816794
8263 0.003816794
4169 0.007633588
18251 0.01908397
21325 0.003816794
20813 0.007633588
21841 0.003816794
10065 0.007633588
21076 0.007633588
16981 0.003816794
9813 0.003816794
20821 0.003816794
8021 0.003816794
18263 0.003816794
15959 0.003816794
13659 0.007633588
5212 0.007633588
6239 0.003816794
16481 0.003816794
20579 0.003816794
10083 0.007633588
3430 0.003816794
2662 0.011450382
6247 0.003816794
13929 0.015267176
9580 0.003816794
109 0.003816794
21872 0.003816794
5235 0.007633588
884 0.007633588
14455 0.003816794
19581 0.007633588
21632 0.003816794
7299 0.007633588
11141 0.007633588
8070 0.003816794
9862 0.007633588
3466 0.003816794
4490 0.003816794
6032 0.003816794
10896 0.003816794
10897 0.011450382
8343 0.003816794
8855 0.015267176
11932 0.003816794
18334 0.003816794
8097 0.011450382
3745 0.01908397
15011 0.011450382
14757 0.003816794
20648 0.003816794
15528 0.007633588
5801 0.003816794
6828 0.003816794
19886 0.003816794
21679 0.003816794
6579 0.003816794
9141 0.011450382
20405 0.015267176
20150 0.003816794
12470 0.011450382
11706 0.011450382
4286 0.003816794
3262 0.01908397
3522 0.003816794
2242 0.003816794
19652 0.003816794
2758 0.003816794
7110 0.003816794
16582 0.011450382
18378 0.011450382
14798 0.003816794
462 0.003816794
13521 0.003816794
10451 0.015267176
20437 0.003816794
17366 0.003816794
10711 0.003816794
3288 0.015267176
5850 0.003816794
731 0.003816794
13532 0.003816794
2269 0.003816794
4319 0.007633588
18656 0.003816794
3300 0.003816794
6116 0.007633588
5349 0.003816794
20453 0.011450382
14055 0.003816794
1006 0.034351144
13039 0.003816794
12016 0.007633588
20723 0.003816794
2550 0.007633588
11512 0.034351144
2041 0.003816794
4345 0.003816794
20218 0.003816794
12026 0.003816794
14587 0.003816794
6143 0.007633588
