21632 0.011494253
5893 0.022988506
10246 0.022988506
15374 0.011494253
143 0.011494253
10767 0.011494253
11151 0.03448276
10897 0.057471264
150 0.011494253
8343 0.022988506
19736 0.022988506
21401 0.011494253
5275 0.011494253
13855 0.011494253
6688 0.011494253
3745 0.011494253
9250 0.011494253
12710 0.04597701
13097 0.011494253
2731 0.011494253
19758 0.022988506
8111 0.011494253
1072 0.011494253
9139 0.011494253
20405 0.03448276
14650 0.022988506
17595 0.011494253
319 0.011494253
11327 0.03448276
1600 0.011494253
10691 0.011494253
16582 0.011494253
12871 0.011494253
18251 0.03448276
16717 0.011494253
1488 0.011494253
13521 0.011494253
10451 0.06896552
4567 0.011494253
858 0.022988506
4319 0.022988506
16481 0.011494253
10209 0.011494253
6116 0.011494253
6886 0.011494253
16871 0.011494253
15209 0.011494253
10350 0.011494253
8175 0.011494253
19695 0.011494253
11121 0.011494253
19062 0.011494253
11512 0.06896552
19581 0.011494253
