5893 0.02008032
5900 0.032128513
13326 0.004016064
10767 0.004016064
8724 0.004016064
2836 0.008032128
13844 0.008032128
1045 0.008032128
19736 0.02008032
7449 0.004016064
5913 0.004016064
4635 0.012048192
13855 0.004016064
18208 0.016064256
16161 0.004016064
12321 0.004016064
22050 0.004016064
12325 0.004016064
21541 0.004016064
7208 0.004016064
6444 0.004016064
13613 0.008032128
8237 0.008032128
15662 0.004016064
22064 0.004016064
22067 0.008032128
20020 0.004016064
7479 0.008032128
21559 0.024096385
14650 0.004016064
18239 0.004016064
11073 0.004016064
9538 0.004016064
10821 0.008032128
20550 0.004016064
12871 0.004016064
8263 0.004016064
4169 0.008032128
18251 0.016064256
21841 0.004016064
13651 0.004016064
9813 0.004016064
18263 0.004016064
11607 0.004016064
19548 0.008032128
14173 0.004016064
16481 0.004016064
13667 0.004016064
6243 0.004016064
3430 0.004016064
8297 0.004016064
4714 0.004016064
109 0.004016064
21872 0.004016064
11121 0.004016064
21621 0.016064256
12918 0.008032128
12664 0.004016064
19581 0.024096385
21632 0.004016064
899 0.004016064
16003 0.024096385
9862 0.008032128
903 0.004016064
6028 0.004016064
7567 0.004016064
11151 0.008032128
10897 0.012048192
9362 0.004016064
15509 0.004016064
150 0.004016064
4758 0.012048192
7830 0.02008032
8343 0.016064256
10392 0.004016064
2456 0.004016064
8090 0.004016064
5019 0.004016064
10651 0.008032128
13983 0.004016064
3745 0.008032128
8097 0.008032128
19620 0.004016064
2473 0.004016064
11690 0.004016064
19886 0.004016064
8111 0.008032128
14514 0.004016064
8371 0.052208837
20405 0.016064256
4286 0.004016064
5825 0.02008032
4290 0.004016064
10691 0.008032128
16582 0.004016064
2758 0.008032128
13255 0.004016064
13260 0.004016064
19917 0.004016064
13521 0.004016064
10451 0.036144577
7380 0.004016064
20438 0.004016064
20696 0.004016064
3288 0.008032128
21465 0.004016064
17114 0.008032128
13532 0.004016064
4319 0.012048192
6623 0.012048192
13538 0.004016064
6116 0.008032128
5349 0.004016064
20453 0.008032128
20712 0.008032128
7914 0.004016064
14060 0.004016064
15342 0.004016064
1006 0.008032128
21487 0.004016064
241 0.008032128
16882 0.004016064
15859 0.004016064
20723 0.008032128
11512 0.032128513
16892 0.004016064
6654 0.004016064
22270 0.004016064
5631 0.008032128
6143 0.008032128
