21632 0.0057803467
1664 0.0057803467
20866 0.0057803467
898 0.01734104
8836 0.0057803467
11141 0.0057803467
5893 0.0057803467
9862 0.0057803467
10246 0.0057803467
16519 0.011560693
20360 0.0057803467
7434 0.0057803467
20876 0.0057803467
1166 0.0057803467
20367 0.0057803467
10767 0.01734104
10896 0.0057803467
18064 0.011560693
17553 0.011560693
10897 0.040462427
8724 0.0057803467
13844 0.01734104
13334 0.0057803467
8343 0.011560693
24 0.0057803467
19736 0.011560693
4635 0.01734104
1948 0.0057803467
11932 0.011560693
3745 0.01734104
9250 0.01734104
21541 0.0057803467
4903 0.0057803467
7208 0.0057803467
15528 0.01734104
18858 0.0057803467
7082 0.028901733
20780 0.01734104
12205 0.0057803467
13613 0.0057803467
1837 0.0057803467
19886 0.0057803467
15922 0.0057803467
10546 0.0057803467
9139 0.0057803467
16564 0.05202312
20405 0.01734104
15417 0.0057803467
3262 0.011560693
18239 0.0057803467
11327 0.01734104
8257 0.0057803467
10691 0.011560693
16582 0.0057803467
18758 0.0057803467
2758 0.023121387
13255 0.0057803467
12871 0.011560693
4169 0.0057803467
715 0.0057803467
18251 0.046242774
13521 0.0057803467
10451 0.011560693
16599 0.0057803467
18263 0.011560693
11482 0.0057803467
18394 0.0057803467
731 0.011560693
2140 0.0057803467
14300 0.0057803467
15196 0.011560693
4319 0.040462427
18656 0.011560693
16481 0.0057803467
20579 0.0057803467
5734 0.0057803467
2662 0.0057803467
1006 0.0057803467
12016 0.01734104
11635 0.023121387
21621 0.011560693
12664 0.0057803467
15608 0.0057803467
11512 0.040462427
22268 0.0057803467
19581 0.023121387
6654 0.0057803467
5631 0.0057803467
6143 0.011560693
