7680 0.004464286
512 0.013392857
8709 0.004464286
5893 0.013392857
10246 0.004464286
15625 0.004464286
3339 0.004464286
10763 0.017857144
14860 0.004464286
2573 0.008928572
17935 0.008928572
10767 0.013392857
22294 0.004464286
19736 0.008928572
15900 0.004464286
6687 0.013392857
3104 0.004464286
13600 0.008928572
5410 0.004464286
22050 0.004464286
9250 0.004464286
20516 0.004464286
8743 0.004464286
11303 0.004464286
13610 0.013392857
18731 0.004464286
10546 0.004464286
6454 0.004464286
14903 0.004464286
13625 0.004464286
14650 0.004464286
11837 0.004464286
2623 0.004464286
11327 0.004464286
18239 0.026785715
6725 0.004464286
10821 0.017857144
18758 0.004464286
17738 0.004464286
20813 0.008928572
11598 0.004464286
3922 0.004464286
17751 0.004464286
13659 0.004464286
15196 0.004464286
9310 0.004464286
13919 0.004464286
6239 0.004464286
1376 0.004464286
21345 0.004464286
16481 0.008928572
20579 0.004464286
4709 0.004464286
874 0.004464286
8561 0.017857144
2674 0.008928572
11635 0.008928572
884 0.008928572
19581 0.026785715
3455 0.004464286
16772 0.004464286
6021 0.008928572
17029 0.03125
18566 0.004464286
9862 0.013392857
8070 0.013392857
13709 0.004464286
3982 0.004464286
17294 0.004464286
11151 0.004464286
16530 0.008928572
15000 0.004464286
21401 0.004464286
18340 0.004464286
8368 0.02232143
10417 0.008928572
20405 0.03125
9143 0.004464286
19127 0.008928572
19385 0.004464286
956 0.004464286
1217 0.008928572
9666 0.058035713
10691 0.004464286
18373 0.004464286
716 0.013392857
13260 0.04464286
19917 0.008928572
14798 0.004464286
10451 0.02232143
7124 0.004464286
11734 0.004464286
6359 0.004464286
3288 0.004464286
18136 0.004464286
20696 0.017857144
1241 0.004464286
19674 0.004464286
7642 0.008928572
13532 0.004464286
20959 0.008928572
16097 0.004464286
7906 0.004464286
8163 0.004464286
6116 0.004464286
5861 0.008928572
2022 0.004464286
20968 0.004464286
4841 0.004464286
13545 0.004464286
17388 0.013392857
1006 0.008928572
18159 0.008928572
14838 0.004464286
11512 0.03125
22009 0.004464286
5631 0.004464286
