3842 0.006134969
8194 0.006134969
5893 0.012269938
10246 0.012269938
519 0.006134969
14090 0.006134969
5903 0.006134969
10767 0.018404908
22291 0.006134969
12051 0.006134969
8724 0.006134969
7446 0.006134969
13847 0.006134969
19736 0.012269938
19737 0.012269938
18208 0.006134969
15905 0.006134969
16161 0.042944785
13090 0.006134969
11298 0.012269938
9250 0.012269938
21541 0.006134969
4903 0.006134969
13097 0.006134969
21038 0.006134969
17201 0.042944785
20020 0.006134969
10813 0.006134969
18239 0.012269938
9538 0.006134969
10821 0.006134969
6215 0.006134969
8263 0.012269938
12871 0.012269938
7752 0.006134969
18251 0.006134969
18263 0.012269938
15196 0.006134969
2397 0.012269938
1376 0.006134969
16481 0.006134969
2662 0.006134969
3430 0.006134969
13929 0.006134969
7273 0.012269938
11121 0.006134969
9073 0.006134969
13426 0.006134969
11635 0.012269938
884 0.006134969
19581 0.012269938
21632 0.006134969
2176 0.006134969
11905 0.006134969
5253 0.006134969
11141 0.012269938
6021 0.012269938
20360 0.006134969
3982 0.024539877
8592 0.006134969
10897 0.018404908
20883 0.006134969
7830 0.006134969
4758 0.024539877
14490 0.006134969
11932 0.006134969
20127 0.006134969
8095 0.006134969
3745 0.018404908
20648 0.012269938
2473 0.006134969
18858 0.006134969
7082 0.012269938
20405 0.018404908
6588 0.006134969
4547 0.006134969
10691 0.012269938
9157 0.006134969
16582 0.006134969
18378 0.012269938
13521 0.006134969
10451 0.018404908
6612 0.012269938
16599 0.006134969
21465 0.006134969
21721 0.006134969
14300 0.006134969
7135 0.006134969
8163 0.006134969
6115 0.006134969
6116 0.006134969
5349 0.006134969
20453 0.024539877
16621 0.006134969
7661 0.006134969
8433 0.012269938
1524 0.006134969
21752 0.006134969
11512 0.036809817
6654 0.024539877
6143 0.012269938
