8194 0.004016064
19461 0.004016064
5893 0.032128513
10246 0.004016064
20746 0.004016064
7948 0.004016064
5645 0.004016064
5903 0.004016064
10767 0.004016064
10512 0.004016064
8724 0.004016064
13844 0.004016064
4635 0.008032128
10780 0.004016064
12830 0.004016064
13855 0.004016064
6688 0.012048192
2593 0.004016064
9250 0.008032128
14884 0.004016064
21541 0.04016064
18470 0.004016064
16168 0.004016064
298 0.008032128
8237 0.016064256
1837 0.02008032
22064 0.008032128
6450 0.004016064
19250 0.008032128
21044 0.004016064
14650 0.008032128
18239 0.004016064
11327 0.012048192
11073 0.004016064
1858 0.004016064
19268 0.004016064
2884 0.008032128
10821 0.008032128
12871 0.004016064
8263 0.008032128
18251 0.004016064
20309 0.004016064
18263 0.036144577
14682 0.004016064
6239 0.004016064
17760 0.004016064
16481 0.004016064
21345 0.004016064
10083 0.004016064
20579 0.012048192
3430 0.008032128
1639 0.008032128
15208 0.004016064
8811 0.004016064
7789 0.004016064
16495 0.008032128
14705 0.004016064
884 0.032128513
5237 0.004016064
21110 0.004016064
19062 0.008032128
15484 0.004016064
2941 0.004016064
19581 0.012048192
21632 0.004016064
3456 0.02008032
17025 0.004016064
16003 0.004016064
11141 0.004016064
9862 0.02811245
13448 0.004016064
1166 0.004016064
17294 0.004016064
3982 0.04016064
11151 0.004016064
18064 0.004016064
10897 0.02008032
13714 0.004016064
20883 0.012048192
20886 0.004016064
8343 0.004016064
11932 0.004016064
3745 0.004016064
6823 0.004016064
2473 0.004016064
20396 0.004016064
8368 0.008032128
13491 0.004016064
8371 0.02008032
20405 0.024096385
16064 0.004016064
1217 0.004016064
1473 0.004016064
5825 0.016064256
4290 0.004016064
16582 0.004016064
8140 0.004016064
12495 0.008032128
20176 0.004016064
1488 0.004016064
13521 0.004016064
10451 0.032128513
20437 0.004016064
20696 0.024096385
731 0.004016064
16605 0.008032128
4319 0.004016064
6623 0.012048192
18147 0.004016064
8163 0.004016064
6116 0.012048192
5861 0.004016064
7914 0.004016064
1261 0.012048192
1006 0.004016064
12016 0.008032128
19956 0.004016064
22261 0.004016064
15608 0.004016064
9720 0.004016064
11512 0.032128513
14330 0.004016064
18938 0.004016064
6143 0.004016064
