4100 0.00591716
19461 0.00591716
5893 0.02366864
10246 0.00591716
12296 0.00591716
5900 0.01183432
8724 0.00591716
2836 0.00591716
278 0.01183432
16408 0.00591716
19736 0.0295858
6425 0.00591716
15900 0.00591716
13855 0.01183432
6688 0.00591716
9250 0.00591716
14632 0.00591716
13610 0.01183432
8237 0.00591716
13613 0.01183432
8497 0.041420117
14650 0.00591716
8254 0.01183432
18239 0.03550296
13123 0.00591716
10821 0.00591716
18501 0.01183432
18758 0.00591716
12871 0.00591716
8263 0.01183432
18251 0.01775148
16717 0.00591716
337 0.00591716
84 0.00591716
18263 0.01183432
15960 0.01775148
15193 0.00591716
16481 0.01183432
20579 0.01775148
874 0.00591716
884 0.00591716
1656 0.00591716
19581 0.00591716
21632 0.00591716
131 0.00591716
900 0.00591716
9862 0.00591716
17553 0.00591716
10897 0.01775148
18834 0.00591716
16789 0.00591716
7830 0.01183432
20891 0.00591716
10651 0.0295858
11932 0.01775148
4510 0.00591716
13217 0.00591716
3745 0.02366864
3491 0.00591716
12205 0.00591716
13235 0.00591716
1716 0.00591716
20405 0.03550296
12470 0.00591716
19126 0.01183432
14520 0.00591716
7865 0.00591716
22201 0.00591716
3515 0.01183432
6336 0.00591716
10691 0.00591716
15044 0.00591716
16582 0.00591716
2758 0.00591716
18118 0.01183432
9415 0.01183432
12745 0.00591716
20942 0.00591716
14798 0.00591716
462 0.01183432
12495 0.00591716
13521 0.00591716
10451 0.01775148
17365 0.00591716
11734 0.00591716
14300 0.00591716
9951 0.00591716
5859 0.00591716
20453 0.00591716
20203 0.00591716
10478 0.00591716
18159 0.00591716
8688 0.01183432
12016 0.01183432
20209 0.00591716
11512 0.053254437
5881 0.00591716
22268 0.00591716
22270 0.01183432
19711 0.00591716
