5892 0.013157895
19461 0.0032894737
5893 0.023026315
16396 0.009868421
5900 0.02631579
15629 0.0032894737
15374 0.0032894737
8724 0.0032894737
13844 0.0032894737
19736 0.009868421
4635 0.009868421
10012 0.0032894737
6688 0.0065789474
12321 0.0032894737
9250 0.0065789474
6435 0.0032894737
12325 0.0065789474
38 0.0065789474
7208 0.0032894737
298 0.0032894737
15662 0.0032894737
21295 0.0032894737
22064 0.0032894737
8243 0.0032894737
13876 0.0032894737
8761 0.0032894737
4665 0.0032894737
14650 0.013157895
6203 0.0032894737
11327 0.0032894737
18239 0.009868421
21317 0.0032894737
10821 0.013157895
18501 0.016447369
18758 0.0065789474
12871 0.0032894737
2119 0.0032894737
18503 0.0032894737
18251 0.049342107
16717 0.0032894737
20813 0.0032894737
21325 0.0032894737
2897 0.0032894737
9813 0.0032894737
11607 0.0032894737
18263 0.0065789474
13659 0.0032894737
5212 0.023026315
4958 0.0032894737
6239 0.0032894737
19296 0.0032894737
16736 0.0032894737
16481 0.0032894737
21345 0.0032894737
10083 0.0032894737
20579 0.0032894737
2662 0.0032894737
3430 0.0032894737
8297 0.0065789474
874 0.0032894737
8811 0.0032894737
5231 0.0032894737
18800 0.0032894737
7793 0.0032894737
11635 0.0032894737
6515 0.0032894737
884 0.0065789474
5237 0.0032894737
21621 0.0065789474
19062 0.0032894737
21110 0.0032894737
12918 0.0032894737
19581 0.0065789474
3199 0.009868421
3455 0.013157895
21632 0.0032894737
13186 0.0032894737
9862 0.0032894737
3466 0.0032894737
19594 0.0032894737
13709 0.0032894737
17295 0.0032894737
10128 0.0032894737
10897 0.016447369
7315 0.0032894737
7830 0.0032894737
8343 0.0065789474
8090 0.029605264
21403 0.0032894737
15003 0.0032894737
2204 0.0032894737
11932 0.0065789474
4510 0.0032894737
8097 0.0032894737
3745 0.009868421
11682 0.0032894737
17318 0.013157895
15528 0.0032894737
5801 0.0065789474
8111 0.009868421
8368 0.016447369
10417 0.009868421
20405 0.04276316
19127 0.0032894737
1719 0.0032894737
12734 0.0032894737
192 0.0065789474
6336 0.0065789474
16064 0.009868421
5825 0.0032894737
14533 0.0032894737
16582 0.0032894737
13521 0.0032894737
10451 0.0065789474
10708 0.013157895
20696 0.016447369
21465 0.0032894737
13532 0.0032894737
7135 0.0032894737
4319 0.04605263
8163 0.0032894737
3300 0.0032894737
20453 0.0032894737
10728 0.0032894737
7914 0.0032894737
1006 0.013157895
8175 0.0065789474
19183 0.0065789474
12016 0.0032894737
20723 0.0032894737
1524 0.0065789474
14838 0.039473683
21752 0.0032894737
11512 0.05592105
22270 0.0065789474
11775 0.0032894737
