5892 0.0051282053
18693 0.0051282053
5893 0.010256411
9480 0.0051282053
7177 0.0051282053
11022 0.0051282053
10767 0.0051282053
21264 0.0051282053
6160 0.0051282053
10001 0.0051282053
13587 0.0051282053
8724 0.0051282053
13844 0.010256411
22294 0.0051282053
12055 0.0051282053
19736 0.010256411
4635 0.015384615
13343 0.0051282053
13855 0.0051282053
19488 0.0051282053
13097 0.0051282053
18731 0.0051282053
1072 0.010256411
8243 0.0051282053
12342 0.0051282053
22076 0.0051282053
8254 0.0051282053
11327 0.0051282053
18239 0.0051282053
19268 0.0051282053
4934 0.010256411
6215 0.0051282053
8263 0.0051282053
12871 0.010256411
18251 0.051282052
19020 0.010256411
7757 0.0051282053
16471 0.0051282053
20571 0.010256411
13919 0.0051282053
16481 0.0051282053
7265 0.0051282053
21345 0.0051282053
10083 0.0051282053
4714 0.06153846
14443 0.0051282053
17262 0.0051282053
10350 0.0051282053
13426 0.0051282053
19581 0.0051282053
8573 0.0051282053
21632 0.0051282053
16003 0.010256411
9862 0.0051282053
8843 0.0051282053
10896 0.0051282053
6032 0.0051282053
10897 0.020512821
18834 0.0051282053
10900 0.0051282053
11925 0.025641026
150 0.0051282053
16024 0.0051282053
10651 0.0051282053
3745 0.0051282053
21932 0.0051282053
19886 0.03076923
8368 0.015384615
9649 0.0051282053
14514 0.0051282053
2226 0.0051282053
20405 0.035897437
10172 0.020512821
5825 0.0051282053
4290 0.0051282053
10691 0.0051282053
4293 0.0051282053
16582 0.0051282053
718 0.0051282053
13521 0.0051282053
18385 0.0051282053
10451 0.071794875
7124 0.010256411
20696 0.03076923
21465 0.0051282053
217 0.0051282053
7642 0.0051282053
15323 0.0051282053
4319 0.041025642
6368 0.010256411
18401 0.0051282053
20453 0.0051282053
5349 0.0051282053
20712 0.010256411
14838 0.0051282053
11512 0.071794875
20217 0.0051282053
3323 0.010256411
3839 0.0051282053
