21632 0.0051282053
8837 0.0051282053
5893 0.03076923
9862 0.0051282053
18442 0.0051282053
17935 0.0051282053
11151 0.010256411
10767 0.010256411
1295 0.010256411
10897 0.03076923
8724 0.0051282053
8343 0.010256411
3480 0.0051282053
19736 0.020512821
10651 0.0051282053
7323 0.015384615
8860 0.0051282053
11932 0.010256411
15900 0.015384615
6688 0.0051282053
3745 0.0051282053
9250 0.0051282053
550 0.0051282053
38 0.0051282053
8743 0.010256411
15528 0.010256411
7082 0.010256411
2476 0.020512821
19886 0.03076923
22064 0.0051282053
15922 0.0051282053
7474 0.0051282053
8371 0.010256411
13235 0.035897437
13621 0.0051282053
20405 0.041025642
2231 0.0051282053
1081 0.0051282053
14650 0.0051282053
4923 0.0051282053
11327 0.0051282053
18239 0.0051282053
833 0.015384615
21698 0.0051282053
5698 0.03076923
10691 0.0051282053
3268 0.0051282053
16582 0.0051282053
9670 0.0051282053
12871 0.010256411
8263 0.015384615
18251 0.051282052
13260 0.015384615
6862 0.0051282053
1488 0.041025642
13521 0.0051282053
21841 0.0051282053
10451 0.010256411
16724 0.0051282053
20438 0.0051282053
18263 0.0051282053
2393 0.0051282053
13659 0.0051282053
5083 0.0051282053
4319 0.051282052
16481 0.0051282053
21345 0.0051282053
18530 0.0051282053
19683 0.0051282053
20579 0.0051282053
5349 0.010256411
3430 0.0051282053
16871 0.0051282053
15209 0.0051282053
16621 0.0051282053
18414 0.015384615
11635 0.0051282053
21621 0.010256411
21110 0.0051282053
15862 0.0051282053
16375 0.0051282053
1399 0.0051282053
11512 0.10769231
19581 0.010256411
19199 0.0051282053
