21632 0.0061728396
2176 0.0061728396
3842 0.0061728396
8708 0.0061728396
8836 0.0061728396
19461 0.0061728396
8709 0.0061728396
5893 0.012345679
9862 0.14197531
17415 0.030864198
19594 0.0061728396
3084 0.0061728396
5900 0.018518519
17549 0.0061728396
17935 0.0061728396
1295 0.012345679
6032 0.0061728396
10512 0.018518519
17553 0.0061728396
10897 0.018518519
8724 0.0061728396
7830 0.0061728396
8342 0.012345679
8343 0.0061728396
5272 0.0061728396
10649 0.0061728396
4635 0.0061728396
11932 0.012345679
18077 0.0061728396
21278 0.0061728396
16543 0.0061728396
13345 0.0061728396
3745 0.012345679
8097 0.012345679
9250 0.012345679
9381 0.0061728396
9253 0.0061728396
12325 0.012345679
6566 0.0061728396
10025 0.0061728396
298 0.018518519
18091 0.0061728396
21679 0.0061728396
11825 0.0061728396
20402 0.0061728396
10546 0.012345679
22067 0.0061728396
4020 0.0061728396
1716 0.0061728396
20405 0.030864198
8246 0.0061728396
19126 0.0061728396
17846 0.0061728396
12215 0.0061728396
16058 0.0061728396
14650 0.012345679
20538 0.012345679
16064 0.0061728396
5825 0.0061728396
4290 0.0061728396
3268 0.0061728396
7748 0.024691358
16582 0.012345679
12871 0.0061728396
18251 0.0061728396
1232 0.0061728396
13521 0.0061728396
10451 0.012345679
5077 0.0061728396
20437 0.0061728396
11734 0.0061728396
11607 0.0061728396
18263 0.018518519
88 0.0061728396
15966 0.0061728396
6239 0.0061728396
16481 0.0061728396
20579 0.0061728396
2531 0.0061728396
5860 0.0061728396
6116 0.0061728396
3300 0.0061728396
20453 0.018518519
5349 0.018518519
2662 0.0061728396
5990 0.0061728396
3430 0.0061728396
6888 0.0061728396
18414 0.012345679
884 0.0061728396
11512 0.049382716
14585 0.0061728396
3068 0.0061728396
19581 0.0061728396
