8194 0.006153846
16390 0.003076923
6409 0.003076923
5900 0.006153846
2061 0.006153846
8724 0.003076923
13844 0.009230769
5396 0.08
19736 0.003076923
4635 0.006153846
19228 0.033846155
6688 0.003076923
33 0.006153846
11298 0.009230769
18731 0.006153846
10284 0.003076923
13613 0.003076923
18991 0.003076923
22067 0.003076923
311 0.003076923
14394 0.003076923
14650 0.003076923
22076 0.003076923
11327 0.003076923
10821 0.003076923
12357 0.15692307
18758 0.003076923
12871 0.003076923
1867 0.003076923
18251 0.05230769
84 0.003076923
18263 0.003076923
15959 0.006153846
15196 0.003076923
9310 0.003076923
13919 0.003076923
1376 0.003076923
16481 0.006153846
17252 0.003076923
5990 0.003076923
3430 0.009230769
6255 0.003076923
5237 0.003076923
19062 0.003076923
9850 0.003076923
6525 0.003076923
19581 0.006153846
5502 0.003076923
21632 0.003076923
16003 0.018461538
3204 0.003076923
13958 0.003076923
8070 0.003076923
9862 0.009230769
17549 0.006153846
6286 0.003076923
10897 0.012307692
2706 0.003076923
19603 0.003076923
12180 0.003076923
14484 0.003076923
2197 0.003076923
150 0.003076923
15510 0.003076923
8855 0.003076923
13463 0.003076923
8343 0.003076923
1433 0.003076923
9370 0.003076923
10651 0.006153846
10908 0.003076923
8095 0.003076923
3745 0.006153846
8615 0.003076923
3240 0.003076923
2731 0.003076923
6828 0.003076923
19886 0.018461538
9393 0.003076923
14515 0.003076923
20405 0.012307692
12470 0.003076923
19126 0.006153846
5825 0.012307692
963 0.003076923
11971 0.006153846
10691 0.009230769
16582 0.003076923
16841 0.006153846
1482 0.006153846
19917 0.003076923
11215 0.009230769
13521 0.003076923
210 0.003076923
8146 0.003076923
10451 0.012307692
7124 0.006153846
20696 0.02153846
21465 0.003076923
1242 0.003076923
731 0.009230769
4319 0.033846155
6368 0.006153846
5859 0.003076923
6116 0.009230769
5349 0.006153846
20453 0.009230769
20198 0.003076923
8422 0.003076923
21483 0.003076923
1006 0.003076923
12016 0.003076923
20723 0.006153846
12020 0.003076923
2040 0.003076923
11512 0.012307692
20217 0.003076923
3323 0.04307692
10492 0.003076923
6143 0.015384615
3839 0.024615385
