8194 0.0044444446
3842 0.0044444446
17156 0.0044444446
5893 0.008888889
10246 0.0044444446
17415 0.008888889
16396 0.0044444446
5390 0.0044444446
1295 0.0044444446
10767 0.008888889
8724 0.0044444446
13844 0.0044444446
19736 0.013333334
4635 0.0044444446
15900 0.008888889
13343 0.0044444446
6687 0.0044444446
9250 0.0044444446
20516 0.04888889
21541 0.008888889
18731 0.0044444446
6444 0.0044444446
13613 0.0044444446
4141 0.0044444446
8237 0.013333334
15662 0.0044444446
18991 0.026666667
19250 0.0044444446
20020 0.0044444446
15669 0.0044444446
14650 0.017777778
13883 0.0044444446
11327 0.017777778
10821 0.008888889
18758 0.0044444446
12871 0.0044444446
6215 0.008888889
18251 0.0044444446
20813 0.0044444446
8017 0.0044444446
10065 0.0044444446
16724 0.0044444446
9813 0.008888889
18263 0.008888889
4440 0.0044444446
2393 0.0044444446
15196 0.0044444446
6239 0.008888889
1376 0.0044444446
16481 0.0044444446
1635 0.0044444446
13929 0.0044444446
15469 0.0044444446
11635 0.017777778
884 0.0044444446
21621 0.017777778
12664 0.0044444446
18298 0.0044444446
19581 0.026666667
21632 0.0044444446
13186 0.0044444446
7299 0.0044444446
8837 0.0044444446
11141 0.0044444446
9862 0.0044444446
16520 0.0044444446
21385 0.0044444446
11151 0.008888889
10897 0.013333334
20883 0.0044444446
150 0.0044444446
13726 0.0044444446
3745 0.013333334
15011 0.0044444446
11431 0.0044444446
15528 0.008888889
2473 0.0044444446
13485 0.0044444446
8371 0.0044444446
6836 0.0044444446
20405 0.044444446
19126 0.0044444446
5825 0.013333334
9666 0.0044444446
10691 0.0044444446
3268 0.008888889
16582 0.0044444446
2758 0.0044444446
1224 0.0044444446
10184 0.008888889
13260 0.10222222
2509 0.0044444446
2765 0.0044444446
13521 0.0044444446
10451 0.013333334
17366 0.0044444446
20696 0.0044444446
21465 0.0044444446
1754 0.0044444446
4314 0.0044444446
20959 0.0044444446
5088 0.0044444446
13538 0.0044444446
3300 0.0044444446
16871 0.008888889
2791 0.013333334
18410 0.013333334
1006 0.0044444446
18159 0.0044444446
12016 0.013333334
1524 0.0044444446
13044 0.0044444446
19188 0.008888889
14838 0.0044444446
7160 0.0044444446
11512 0.026666667
2041 0.0044444446
22270 0.0044444446
5631 0.0044444446
6143 0.017777778
