19712 0.0027100272
8194 0.008130081
5893 0.0054200543
9478 0.0027100272
10246 0.010840109
18442 0.0027100272
10763 0.0027100272
16396 0.0027100272
5900 0.0027100272
15377 0.0027100272
8724 0.0027100272
8468 0.0027100272
1812 0.0027100272
13844 0.008130081
19736 0.008130081
4635 0.0027100272
13855 0.008130081
10016 0.0027100272
9250 0.0027100272
13090 0.0027100272
11298 0.0054200543
2083 0.0054200543
21541 0.0054200543
8743 0.0027100272
6952 0.0054200543
7209 0.0027100272
13610 0.0027100272
3883 0.0027100272
18731 0.0054200543
13613 0.0027100272
18222 0.0027100272
18991 0.0027100272
7471 0.0027100272
1072 0.0054200543
7474 0.0027100272
21813 0.0027100272
19255 0.0027100272
2359 0.0027100272
14650 0.0027100272
18239 0.0054200543
11327 0.008130081
21312 0.0027100272
8001 0.0027100272
18754 0.0027100272
10821 0.010840109
18758 0.0027100272
9542 0.0027100272
12871 0.0027100272
8263 0.0027100272
12360 0.0054200543
21321 0.0027100272
18251 0.040650405
19020 0.0027100272
15440 0.0027100272
10321 0.0027100272
9813 0.0027100272
18263 0.008130081
13919 0.0027100272
16481 0.0027100272
21345 0.0027100272
7265 0.0054200543
20579 0.0027100272
2662 0.0054200543
15208 0.0027100272
10344 0.008130081
14185 0.0027100272
16493 0.0027100272
13166 0.0027100272
9838 0.0054200543
13426 0.0027100272
11635 0.008130081
884 0.0054200543
21621 0.016260162
19062 0.0054200543
16503 0.0027100272
15480 0.0027100272
19581 0.01897019
3199 0.0027100272
21632 0.0027100272
16003 0.04607046
11396 0.0027100272
9862 0.0054200543
4237 0.0027100272
18064 0.0027100272
10897 0.016260162
4242 0.0054200543
18067 0.0027100272
9363 0.043360434
2197 0.0027100272
150 0.0027100272
8343 0.008130081
13210 0.0027100272
11932 0.008130081
1693 0.0054200543
17822 0.0027100272
8606 0.0027100272
7584 0.0027100272
3745 0.0054200543
3491 0.0027100272
4262 0.0027100272
20396 0.0027100272
12208 0.0027100272
8368 0.021680217
20146 0.0054200543
14515 0.016260162
20405 0.016260162
11447 0.0027100272
18872 0.01897019
17084 0.0027100272
18877 0.0027100272
6336 0.0027100272
5825 0.010840109
10691 0.0027100272
3268 0.0027100272
2758 0.0027100272
16582 0.0054200543
14798 0.0027100272
1488 0.0027100272
13521 0.0027100272
10451 0.032520324
7124 0.0027100272
15316 0.0027100272
20437 0.0027100272
9685 0.0027100272
16085 0.0054200543
11734 0.0027100272
14554 0.0027100272
21722 0.0027100272
18394 0.05691057
4573 0.0027100272
4319 0.029810298
6368 0.01897019
20450 0.0027100272
12771 0.01897019
6116 0.010840109
20453 0.0027100272
5349 0.0027100272
5096 0.01897019
18410 0.0054200543
18414 0.0027100272
1006 0.016260162
12016 0.0027100272
12020 0.0027100272
6132 0.008130081
14838 0.0054200543
7160 0.008130081
11512 0.029810298
12537 0.0027100272
6654 0.0027100272
3839 0.0027100272
6143 0.0054200543
