8194 0.0038910506
4100 0.0116731515
19461 0.0038910506
5893 0.015564202
10246 0.007782101
17415 0.0116731515
14089 0.0038910506
3339 0.0038910506
15629 0.0038910506
20238 0.0038910506
2063 0.0038910506
1295 0.0038910506
17935 0.019455252
15120 0.0038910506
8724 0.0038910506
2836 0.0038910506
278 0.0038910506
19736 0.019455252
4635 0.019455252
10780 0.0038910506
13600 0.007782101
9250 0.0038910506
3619 0.0038910506
21797 0.0038910506
38 0.0038910506
2601 0.0038910506
10025 0.0038910506
2602 0.0038910506
18731 0.0038910506
13613 0.0038910506
14381 0.0038910506
10546 0.0038910506
8243 0.007782101
14903 0.0038910506
311 0.007782101
14650 0.0038910506
14394 0.0038910506
11327 0.007782101
6208 0.0038910506
11073 0.0038910506
7747 0.0038910506
17476 0.0038910506
12871 0.0038910506
18251 0.0038910506
16717 0.0038910506
3154 0.007782101
7251 0.0038910506
19540 0.0038910506
2902 0.0038910506
18263 0.07782101
3419 0.0038910506
13659 0.0038910506
861 0.0038910506
14173 0.0038910506
6239 0.0038910506
13919 0.0038910506
18528 0.0038910506
16736 0.0038910506
16481 0.0116731515
10083 0.0116731515
15208 0.0038910506
15209 0.0038910506
8297 0.0038910506
17513 0.0038910506
6509 0.0038910506
16495 0.0038910506
21872 0.0038910506
17265 0.0038910506
11635 0.031128405
884 0.0038910506
8309 0.0038910506
21621 0.015564202
15222 0.0038910506
19062 0.007782101
15484 0.0038910506
19581 0.015564202
21632 0.0038910506
8836 0.0038910506
9862 0.0116731515
11151 0.0038910506
9361 0.0038910506
17553 0.0038910506
10897 0.015564202
8343 0.0038910506
2199 0.0038910506
13210 0.0038910506
5019 0.0038910506
8860 0.0038910506
3745 0.0038910506
15011 0.0038910506
3491 0.0038910506
19886 0.0038910506
3505 0.0038910506
20402 0.0038910506
20405 0.035019454
8890 0.0038910506
16827 0.0038910506
19646 0.0038910506
8898 0.0038910506
2242 0.0038910506
10691 0.007782101
18116 0.0038910506
7110 0.0038910506
16582 0.007782101
716 0.0038910506
19917 0.0038910506
20176 0.0038910506
1488 0.007782101
13521 0.0038910506
1746 0.0038910506
10451 0.035019454
20437 0.007782101
20696 0.0038910506
14300 0.0038910506
3293 0.0038910506
4319 0.007782101
18914 0.007782101
8163 0.0038910506
5859 0.007782101
9188 0.0038910506
5860 0.0038910506
20453 0.023346303
6886 0.0116731515
10983 0.0038910506
7400 0.0038910506
15849 0.0038910506
7914 0.0038910506
14060 0.0038910506
1006 0.0038910506
12017 0.0038910506
20723 0.0038910506
9973 0.0038910506
14838 0.0116731515
11512 0.06225681
9977 0.0038910506
2041 0.007782101
20988 0.0038910506
5631 0.007782101
6143 0.0116731515
