21632 0.0064935065
512 0.012987013
14083 0.0064935065
9476 0.0064935065
5893 0.012987013
10246 0.0064935065
9862 0.032467533
17415 0.0064935065
16520 0.0064935065
20360 0.0064935065
1289 0.0064935065
3339 0.019480519
3982 0.0064935065
4111 0.0064935065
20367 0.0064935065
18064 0.0064935065
19216 0.0064935065
6032 0.019480519
9361 0.0064935065
10897 0.038961038
8724 0.0064935065
8342 0.0064935065
8343 0.0064935065
19736 0.0064935065
15003 0.0064935065
4635 0.0064935065
11932 0.0064935065
10140 0.0064935065
12321 0.0064935065
3745 0.012987013
20516 0.0064935065
14757 0.0064935065
1829 0.0064935065
4773 0.0064935065
13222 0.0064935065
11432 0.0064935065
2473 0.0064935065
21295 0.0064935065
7474 0.0064935065
10546 0.012987013
9139 0.0064935065
20020 0.0064935065
20405 0.012987013
12470 0.0064935065
19126 0.012987013
20030 0.0064935065
21696 0.0064935065
10817 0.0064935065
11074 0.0064935065
9666 0.0064935065
3268 0.0064935065
18501 0.0064935065
10821 0.0064935065
16582 0.012987013
2758 0.012987013
12871 0.0064935065
8263 0.012987013
18251 0.0064935065
16717 0.0064935065
19917 0.0064935065
13521 0.0064935065
10451 0.045454547
6612 0.0064935065
19286 0.0064935065
21719 0.0064935065
12631 0.0064935065
15063 0.0064935065
18263 0.032467533
3288 0.0064935065
20696 0.025974026
7642 0.0064935065
13659 0.0064935065
3419 0.0064935065
7007 0.0064935065
16481 0.012987013
18914 0.0064935065
8163 0.0064935065
10083 0.012987013
6116 0.0064935065
3430 0.0064935065
5736 0.0064935065
15209 0.012987013
109 0.0064935065
7022 0.0064935065
3058 0.0064935065
20723 0.012987013
21621 0.012987013
11512 0.097402595
10492 0.0064935065
6525 0.0064935065
19581 0.025974026
18431 0.0064935065
3455 0.0064935065
6143 0.025974026
