21632 0.012048192
9218 0.012048192
19461 0.012048192
16390 0.024096385
9480 0.012048192
10763 0.012048192
15629 0.012048192
18064 0.012048192
10897 0.036144577
20883 0.084337346
8724 0.012048192
13844 0.012048192
7830 0.012048192
10012 0.024096385
3745 0.012048192
9250 0.012048192
13090 0.012048192
15528 0.012048192
13480 0.012048192
13613 0.012048192
14514 0.012048192
20405 0.012048192
4665 0.012048192
12734 0.012048192
11327 0.012048192
10691 0.012048192
16582 0.012048192
12871 0.012048192
6215 0.012048192
21194 0.012048192
18251 0.012048192
3019 0.012048192
12109 0.012048192
5581 0.024096385
10191 0.012048192
13521 0.012048192
17366 0.024096385
18263 0.09638554
20696 0.012048192
4440 0.012048192
21465 0.012048192
15196 0.012048192
14173 0.012048192
8288 0.012048192
16481 0.012048192
20453 0.012048192
8422 0.012048192
2662 0.012048192
15209 0.012048192
12011 0.012048192
1006 0.024096385
11635 0.012048192
21621 0.012048192
15606 0.012048192
7160 0.012048192
11512 0.072289154
22270 0.012048192
5631 0.012048192
