17666 0.0027173914
5380 0.0027173914
5892 0.008152174
5893 0.013586956
17415 0.0027173914
8208 0.0027173914
18706 0.0027173914
22035 0.0027173914
8724 0.0027173914
2836 0.0027173914
13844 0.0027173914
8468 0.0054347827
21783 0.0027173914
19736 0.013586956
4635 0.008152174
15900 0.0027173914
13857 0.0027173914
12321 0.0054347827
9250 0.0027173914
11298 0.0054347827
21541 0.0027173914
4649 0.0027173914
10793 0.0027173914
8235 0.0027173914
18731 0.0027173914
13613 0.0027173914
8237 0.008152174
22064 0.0027173914
10546 0.0027173914
6450 0.0027173914
20020 0.0027173914
3124 0.0027173914
13621 0.008152174
21558 0.0027173914
311 0.0027173914
14903 0.0027173914
11321 0.0027173914
14650 0.0054347827
11327 0.0054347827
18239 0.013586956
11073 0.0054347827
1858 0.0027173914
19010 0.0027173914
12871 0.0027173914
2119 0.0027173914
6215 0.0027173914
8263 0.0027173914
18251 0.013586956
10831 0.0027173914
9810 0.0027173914
22099 0.0027173914
8019 0.0027173914
16724 0.0027173914
21588 0.016304348
9813 0.0027173914
8021 0.0027173914
20821 0.0054347827
11607 0.0054347827
18263 0.027173912
4440 0.008152174
8797 0.0027173914
14173 0.0054347827
13919 0.0054347827
8288 0.0027173914
21345 0.0027173914
16481 0.0054347827
7265 0.008152174
20579 0.0054347827
9061 0.0027173914
4710 0.0027173914
2662 0.0027173914
3430 0.0054347827
15209 0.0054347827
9836 0.0027173914
109 0.0027173914
10094 0.0027173914
9839 0.0027173914
8561 0.0027173914
11121 0.0027173914
884 0.0027173914
21621 0.0027173914
14459 0.019021738
8573 0.0027173914
17021 0.0027173914
6525 0.010869565
19581 0.02173913
21632 0.0027173914
2690 0.0027173914
11141 0.0027173914
9862 0.019021738
8583 0.0027173914
15499 0.0027173914
8333 0.0027173914
8590 0.0027173914
19598 0.0027173914
17294 0.013586956
20624 0.0027173914
6032 0.0027173914
3729 0.0027173914
10897 0.029891305
11922 0.0054347827
12180 0.0027173914
13973 0.0027173914
20886 0.027173912
8343 0.0027173914
21401 0.0027173914
15257 0.0027173914
10649 0.0027173914
15003 0.0027173914
6812 0.0027173914
8860 0.0027173914
3745 0.0027173914
17318 0.0054347827
15528 0.0027173914
2731 0.0027173914
9132 0.0027173914
6828 0.0054347827
19886 0.008152174
8368 0.04347826
2993 0.0027173914
17329 0.0027173914
8371 0.0027173914
9141 0.0027173914
20405 0.024456521
20150 0.0027173914
19126 0.0027173914
15034 0.0027173914
15802 0.0027173914
21947 0.0027173914
16064 0.0027173914
5825 0.0054347827
3522 0.0027173914
9666 0.0027173914
16582 0.0027173914
2758 0.0054347827
10184 0.0054347827
715 0.0027173914
716 0.008152174
14798 0.0027173914
718 0.0054347827
9423 0.0027173914
18640 0.0027173914
13521 0.0027173914
18385 0.008152174
10451 0.029891305
16599 0.008152174
20696 0.010869565
3288 0.010869565
7897 0.0027173914
5849 0.0027173914
7642 0.0027173914
12252 0.0027173914
7135 0.0054347827
4319 0.038043477
17890 0.0027173914
5859 0.0027173914
6116 0.0027173914
5349 0.0027173914
8422 0.0027173914
6886 0.013586956
2791 0.0027173914
7914 0.0054347827
18413 0.0027173914
14829 0.0027173914
1006 0.0054347827
12016 0.0054347827
19188 0.0054347827
11512 0.038043477
15610 0.0027173914
16379 0.0027173914
510 0.0027173914
22270 0.0027173914
5631 0.0027173914
19199 0.0054347827
6143 0.008152174
