15362 0.001953125
8709 0.001953125
19461 0.00390625
10246 0.0078125
9227 0.001953125
2061 0.0078125
5135 0.001953125
10767 0.0078125
5137 0.001953125
4635 0.0078125
15900 0.001953125
12830 0.001953125
31 0.00390625
13343 0.005859375
9250 0.00390625
10284 0.0078125
4141 0.009765625
18991 0.001953125
13874 0.001953125
8243 0.001953125
20020 0.009765625
2614 0.001953125
14903 0.00390625
4669 0.001953125
11327 0.00390625
17476 0.001953125
18501 0.001953125
8262 0.001953125
12871 0.001953125
6215 0.001953125
8263 0.01171875
5192 0.001953125
4169 0.001953125
20047 0.001953125
9810 0.001953125
10326 0.001953125
11350 0.001953125
15966 0.001953125
9310 0.009765625
9311 0.001953125
22111 0.001953125
13919 0.00390625
7265 0.001953125
2662 0.00390625
8811 0.001953125
18038 0.001953125
19062 0.00390625
7292 0.001953125
15484 0.00390625
19581 0.017578125
3199 0.0078125
2176 0.001953125
6273 0.001953125
2690 0.001953125
20610 0.001953125
16003 0.0078125
8836 0.0078125
18566 0.001953125
9862 0.0078125
20616 0.001953125
12937 0.001953125
4749 0.00390625
21136 0.001953125
18064 0.00390625
9361 0.001953125
10897 0.0078125
2197 0.001953125
8342 0.001953125
7830 0.001953125
150 0.00390625
8343 0.00390625
15001 0.001953125
15004 0.001953125
11932 0.00390625
12957 0.00390625
9374 0.00390625
17067 0.001953125
2731 0.001953125
6828 0.001953125
13485 0.001953125
10417 0.001953125
14514 0.001953125
14515 0.001953125
1716 0.001953125
1717 0.001953125
20150 0.001953125
19126 0.009765625
2231 0.001953125
19128 0.001953125
15034 0.00390625
16058 0.00390625
12987 0.001953125
14011 0.001953125
4286 0.001953125
3262 0.001953125
19646 0.001953125
12481 0.001953125
5825 0.0078125
21698 0.00390625
3268 0.01171875
14533 0.001953125
16582 0.00390625
14022 0.005859375
2758 0.01171875
21194 0.001953125
16075 0.00390625
10958 0.001953125
10451 0.021484375
20696 0.009765625
15065 0.03125
2778 0.001953125
5855 0.001953125
20196 0.001953125
229 0.001953125
21733 0.001953125
20712 0.005859375
7914 0.001953125
20203 0.001953125
14060 0.015625
12016 0.001953125
20723 0.001953125
11512 0.0234375
15610 0.001953125
3323 0.005859375
3839 0.01953125
11521 0.001953125
19204 0.013671875
5893 0.021484375
5900 0.001953125
8468 0.001953125
1812 0.001953125
14100 0.001953125
5396 0.080078125
22294 0.00390625
19736 0.005859375
18202 0.00390625
6952 0.01171875
13097 0.001953125
13610 0.00390625
1324 0.001953125
1837 0.005859375
13613 0.005859375
7474 0.001953125
19250 0.00390625
12595 0.001953125
311 0.001953125
14650 0.013671875
319 0.001953125
18239 0.005859375
4416 0.00390625
18758 0.001953125
4934 0.0078125
1354 0.001953125
9036 0.00390625
4433 0.001953125
8019 0.001953125
8021 0.001953125
20821 0.00390625
17751 0.001953125
18263 0.001953125
10072 0.001953125
13659 0.001953125
12637 0.001953125
2397 0.005859375
1376 0.00390625
21345 0.00390625
19813 0.001953125
20325 0.001953125
21862 0.001953125
3430 0.0078125
15209 0.001953125
18794 0.0078125
3950 0.00390625
10095 0.001953125
21872 0.0078125
11635 0.001953125
884 0.01171875
18298 0.001953125
5500 0.001953125
20349 0.001953125
18815 0.001953125
1411 0.001953125
11141 0.001953125
8583 0.00390625
8593 0.001953125
14230 0.001953125
21401 0.005859375
925 0.00390625
3489 0.001953125
5025 0.00390625
418 0.001953125
18340 0.001953125
12205 0.00390625
17840 0.001953125
9141 0.001953125
20405 0.01953125
18872 0.001953125
6073 0.001953125
3522 0.01171875
13255 0.0078125
1484 0.001953125
8653 0.001953125
14288 0.001953125
19408 0.001953125
15831 0.001953125
7641 0.001953125
21977 0.001953125
21465 0.001953125
13790 0.001953125
6623 0.0078125
2016 0.001953125
14818 0.00390625
6116 0.001953125
17388 0.001953125
18414 0.001953125
15854 0.001953125
1006 0.00390625
22000 0.001953125
14838 0.00390625
13309 0.001953125
6141 0.001953125
7167 0.001953125
