8193 0.004524887
3842 0.004524887
6405 0.004524887
5893 0.022624435
10763 0.004524887
5900 0.013574661
15629 0.004524887
10767 0.013574661
8724 0.004524887
13844 0.004524887
2836 0.009049774
2581 0.004524887
22296 0.004524887
19736 0.004524887
15902 0.004524887
21278 0.009049774
18208 0.009049774
6435 0.004524887
21541 0.004524887
4903 0.004524887
13610 0.004524887
2602 0.054298643
13613 0.004524887
13878 0.004524887
14650 0.013574661
8254 0.004524887
7747 0.009049774
12871 0.004524887
18251 0.027149322
77 0.018099548
10065 0.004524887
337 0.009049774
8530 0.004524887
21588 0.004524887
2902 0.004524887
18263 0.009049774
11611 0.013574661
13919 0.004524887
16481 0.004524887
9836 0.009049774
10095 0.004524887
2674 0.004524887
14451 0.004524887
11635 0.11312217
4980 0.009049774
19062 0.004524887
19581 0.004524887
21632 0.004524887
2690 0.095022626
18563 0.004524887
11141 0.004524887
5006 0.004524887
9616 0.004524887
21136 0.004524887
17553 0.004524887
10897 0.013574661
150 0.004524887
21401 0.004524887
21403 0.009049774
19356 0.004524887
9374 0.004524887
3745 0.004524887
20648 0.004524887
14514 0.004524887
20405 0.013574661
20150 0.004524887
16573 0.004524887
190 0.004524887
6336 0.009049774
1473 0.004524887
6595 0.004524887
10691 0.009049774
16582 0.004524887
21962 0.004524887
1482 0.004524887
19917 0.004524887
13521 0.004524887
13778 0.004524887
10451 0.049773756
3288 0.004524887
217 0.004524887
21465 0.009049774
17115 0.004524887
5083 0.004524887
20959 0.013574661
6623 0.013574661
13538 0.004524887
7906 0.004524887
6116 0.03167421
6886 0.004524887
1006 0.009049774
2288 0.004524887
12016 0.004524887
14838 0.004524887
9720 0.004524887
11512 0.03167421
15610 0.004524887
14330 0.009049774
6143 0.009049774
19199 0.009049774
