21632 0.010638298
2690 0.010638298
5893 0.021276595
10246 0.021276595
9862 0.12765957
8583 0.010638298
12681 0.010638298
15629 0.010638298
10897 0.04255319
20883 0.021276595
8724 0.010638298
8468 0.010638298
3222 0.010638298
278 0.010638298
19736 0.04255319
11932 0.010638298
3745 0.010638298
21541 0.010638298
2854 0.010638298
7082 0.021276595
6444 0.010638298
1716 0.010638298
9141 0.010638298
20405 0.021276595
12472 0.010638298
4024 0.010638298
3130 0.010638298
14394 0.021276595
16582 0.010638298
12871 0.010638298
8263 0.010638298
3530 0.010638298
18251 0.010638298
16717 0.010638298
19408 0.010638298
13521 0.010638298
10451 0.010638298
7252 0.021276595
20437 0.010638298
20309 0.021276595
11734 0.010638298
15446 0.010638298
20696 0.010638298
12765 0.010638298
9310 0.021276595
6239 0.010638298
16736 0.010638298
14432 0.010638298
16481 0.010638298
2531 0.010638298
6116 0.010638298
20453 0.010638298
874 0.010638298
7914 0.010638298
14442 0.010638298
7789 0.010638298
10094 0.010638298
1006 0.021276595
5743 0.010638298
6255 0.010638298
16625 0.010638298
11635 0.010638298
884 0.010638298
17653 0.010638298
21110 0.010638298
11512 0.010638298
19581 0.010638298
