21632 0.006535948
8194 0.006535948
16003 0.006535948
5893 0.019607844
16390 0.006535948
10246 0.006535948
3719 0.006535948
17287 0.006535948
17415 0.006535948
20231 0.006535948
7048 0.006535948
15497 0.006535948
5900 0.006535948
16396 0.006535948
20367 0.006535948
4111 0.006535948
10896 0.006535948
18064 0.006535948
10897 0.026143791
1427 0.006535948
8724 0.006535948
2454 0.006535948
22294 0.006535948
8343 0.006535948
19736 0.019607844
16409 0.006535948
5149 0.013071896
20127 0.006535948
18208 0.006535948
3745 0.006535948
13090 0.006535948
9250 0.006535948
675 0.006535948
15011 0.006535948
12710 0.03267974
13485 0.006535948
1072 0.006535948
8368 0.019607844
11825 0.019607844
14514 0.006535948
20405 0.019607844
7479 0.006535948
14650 0.013071896
3902 0.006535948
12734 0.006535948
11327 0.026143791
18239 0.026143791
16064 0.013071896
5825 0.006535948
7490 0.006535948
14788 0.019607844
16582 0.006535948
12871 0.006535948
8263 0.013071896
18251 0.05882353
7628 0.006535948
1612 0.006535948
16717 0.019607844
1488 0.006535948
13521 0.006535948
10321 0.006535948
10451 0.026143791
7124 0.03267974
7637 0.006535948
20695 0.006535948
7897 0.006535948
19034 0.006535948
3163 0.006535948
13659 0.006535948
13532 0.006535948
16736 0.013071896
16481 0.006535948
6116 0.006535948
11236 0.006535948
16869 0.006535948
21478 0.006535948
15078 0.006535948
6886 0.013071896
19175 0.013071896
1262 0.006535948
1006 0.026143791
12529 0.006535948
3058 0.006535948
20723 0.006535948
884 0.013071896
19062 0.006535948
15606 0.013071896
14456 0.006535948
11512 0.045751635
19581 0.013071896
5631 0.013071896
