8194 0.005050505
5892 0.01010101
5893 0.005050505
17415 0.07575758
15374 0.005050505
10767 0.005050505
8724 0.005050505
3860 0.005050505
5396 0.02020202
22294 0.01010101
278 0.01010101
19736 0.005050505
4635 0.01010101
18208 0.005050505
11298 0.005050505
9250 0.005050505
1576 0.005050505
6952 0.015151516
6444 0.005050505
15662 0.005050505
20020 0.005050505
14650 0.005050505
18239 0.02020202
10821 0.01010101
4934 0.005050505
12871 0.005050505
2119 0.005050505
14153 0.005050505
18251 0.005050505
19020 0.005050505
20813 0.005050505
11598 0.01010101
10321 0.005050505
21588 0.005050505
21076 0.01010101
18263 0.005050505
2139 0.02020202
1376 0.005050505
16481 0.01010101
5990 0.005050505
2662 0.005050505
884 0.015151516
21621 0.005050505
12664 0.005050505
15993 0.005050505
19581 0.005050505
21632 0.005050505
13186 0.005050505
2690 0.01010101
16003 0.035353534
9862 0.015151516
13448 0.005050505
10888 0.015151516
8843 0.005050505
10896 0.005050505
20624 0.005050505
10897 0.015151516
12180 0.005050505
20886 0.01010101
10651 0.025252525
10908 0.025252525
3745 0.01010101
19886 0.02020202
8368 0.04040404
9139 0.005050505
20149 0.005050505
20405 0.01010101
12470 0.01010101
18872 0.005050505
5825 0.005050505
3522 0.005050505
20418 0.005050505
10691 0.005050505
3268 0.005050505
10949 0.005050505
16582 0.015151516
7110 0.02020202
16841 0.005050505
5834 0.005050505
718 0.005050505
13775 0.005050505
13521 0.005050505
10451 0.030303031
20437 0.005050505
9685 0.005050505
20696 0.02020202
21465 0.005050505
6364 0.005050505
13532 0.01010101
7135 0.005050505
6371 0.005050505
5349 0.005050505
15078 0.005050505
20198 0.005050505
1006 0.005050505
11504 0.005050505
20723 0.005050505
4342 0.005050505
7160 0.005050505
11512 0.02020202
20217 0.01010101
3323 0.01010101
13566 0.005050505
5631 0.005050505
3839 0.01010101
6143 0.015151516
