8194 0.003717472
3842 0.003717472
19461 0.003717472
5893 0.026022306
10246 0.007434944
5900 0.007434944
15629 0.003717472
17935 0.003717472
10767 0.014869888
5136 0.007434944
8724 0.003717472
13844 0.003717472
2836 0.007434944
12822 0.003717472
13334 0.003717472
19736 0.007434944
3097 0.003717472
4635 0.007434944
14365 0.003717472
21278 0.003717472
12064 0.003717472
6688 0.007434944
11298 0.003717472
9250 0.007434944
6435 0.007434944
20516 0.03345725
21541 0.003717472
38 0.007434944
13097 0.007434944
13610 0.003717472
13613 0.0111524165
8237 0.007434944
14129 0.003717472
6450 0.007434944
5428 0.0111524165
20538 0.003717472
14650 0.0111524165
18239 0.0111524165
1858 0.003717472
18243 0.0111524165
10821 0.003717472
12871 0.003717472
8520 0.01858736
18251 0.014869888
2380 0.003717472
16717 0.007434944
6477 0.05204461
7246 0.003717472
3922 0.003717472
9810 0.007434944
9813 0.003717472
8021 0.003717472
18263 0.003717472
19548 0.003717472
8797 0.003717472
6239 0.003717472
16481 0.003717472
10083 0.003717472
2662 0.0111524165
15208 0.0111524165
8297 0.007434944
6255 0.003717472
884 0.007434944
20854 0.003717472
19062 0.003717472
8569 0.003717472
19581 0.022304833
7039 0.003717472
21632 0.003717472
11905 0.003717472
2690 0.003717472
1924 0.003717472
11141 0.003717472
9862 0.014869888
10896 0.003717472
10897 0.0111524165
20883 0.003717472
8342 0.003717472
7830 0.003717472
8343 0.003717472
21401 0.003717472
11932 0.007434944
8095 0.007434944
3745 0.014869888
15528 0.007434944
7082 0.014869888
20402 0.003717472
9139 0.003717472
20405 0.03717472
16064 0.0111524165
5825 0.0111524165
4290 0.003717472
10691 0.003717472
3268 0.003717472
2758 0.003717472
16582 0.007434944
13255 0.007434944
19917 0.003717472
14798 0.003717472
718 0.003717472
20942 0.003717472
13521 0.003717472
10451 0.01858736
16599 0.007434944
20696 0.007434944
21465 0.003717472
5083 0.003717472
731 0.003717472
14300 0.007434944
6623 0.007434944
4319 0.0111524165
6368 0.003717472
5088 0.003717472
2274 0.003717472
13538 0.003717472
3300 0.003717472
20196 0.003717472
20453 0.0111524165
20712 0.007434944
7914 0.0111524165
1006 0.003717472
8175 0.003717472
12016 0.003717472
20723 0.003717472
12020 0.003717472
9461 0.003717472
17653 0.007434944
11512 0.08178439
5631 0.007434944
