15362 0.05421687
5893 0.027108435
10246 0.003012048
519 0.003012048
6409 0.003012048
4106 0.003012048
15629 0.006024096
18452 0.003012048
5396 0.006024096
22294 0.05421687
12312 0.003012048
19736 0.015060241
4635 0.015060241
15902 0.003012048
13855 0.003012048
31 0.003012048
9250 0.006024096
11811 0.003012048
38 0.003012048
13097 0.003012048
2602 0.003012048
298 0.003012048
13610 0.003012048
13613 0.006024096
311 0.006024096
14650 0.003012048
18239 0.012048192
1858 0.003012048
4934 0.003012048
6215 0.003012048
14153 0.003012048
11598 0.003012048
7246 0.003012048
10065 0.003012048
8021 0.003012048
19033 0.003012048
13659 0.003012048
9821 0.003012048
19805 0.006024096
17760 0.003012048
1376 0.003012048
20579 0.003012048
3430 0.003012048
2662 0.006024096
15208 0.003012048
874 0.003012048
20074 0.003012048
4714 0.003012048
8811 0.006024096
11635 0.006024096
884 0.003012048
10868 0.012048192
21621 0.006024096
8573 0.003012048
20349 0.003012048
19581 0.03313253
16003 0.009036144
11141 0.003012048
8070 0.003012048
9862 0.009036144
910 0.003012048
18064 0.003012048
10896 0.003012048
9361 0.003012048
19603 0.003012048
11925 0.003012048
150 0.003012048
8343 0.003012048
11932 0.015060241
5025 0.003012048
4520 0.003012048
7082 0.006024096
19886 0.006024096
10417 0.009036144
14514 0.012048192
13491 0.003012048
14515 0.003012048
8371 0.009036144
17587 0.030120483
20405 0.036144577
14011 0.003012048
18623 0.003012048
8384 0.009036144
5825 0.012048192
3268 0.006024096
13253 0.003012048
9160 0.006024096
1482 0.021084337
19917 0.003012048
2509 0.003012048
1488 0.015060241
6099 0.003012048
10451 0.045180723
3288 0.003012048
20696 0.03313253
217 0.003012048
21465 0.003012048
7642 0.003012048
11482 0.003012048
15066 0.003012048
13532 0.003012048
6364 0.003012048
9951 0.003012048
7647 0.003012048
6116 0.003012048
20712 0.003012048
21483 0.003012048
1006 0.012048192
21487 0.003012048
10993 0.003012048
20723 0.003012048
11512 0.09638554
3323 0.018072288
5631 0.003012048
3839 0.07530121
