21632 0.006451613
5121 0.006451613
2690 0.006451613
5892 0.006451613
11141 0.006451613
5893 0.019354839
16390 0.006451613
7434 0.006451613
3339 0.006451613
3084 0.006451613
15629 0.006451613
10767 0.012903226
400 0.006451613
10896 0.006451613
8208 0.006451613
10897 0.019354839
8851 0.006451613
8724 0.006451613
8342 0.012903226
17815 0.006451613
8855 0.006451613
2199 0.006451613
19736 0.025806451
16409 0.012903226
4635 0.019354839
12444 0.012903226
6688 0.012903226
3745 0.012903226
550 0.006451613
10409 0.012903226
8237 0.006451613
16941 0.006451613
13613 0.012903226
11825 0.006451613
7090 0.006451613
20405 0.038709678
1594 0.006451613
14650 0.012903226
16572 0.006451613
6588 0.006451613
956 0.032258064
11837 0.006451613
7486 0.006451613
11327 0.006451613
18239 0.006451613
6336 0.006451613
4416 0.006451613
11073 0.012903226
14273 0.025806451
3396 0.006451613
10821 0.006451613
16582 0.006451613
12871 0.006451613
8263 0.006451613
18251 0.012903226
6091 0.012903226
13260 0.012903226
14158 0.012903226
11215 0.006451613
10831 0.012903226
13521 0.006451613
10451 0.038709678
20309 0.006451613
16981 0.006451613
11734 0.006451613
11350 0.012903226
18263 0.012903226
20696 0.006451613
4440 0.006451613
1754 0.006451613
9310 0.012903226
16481 0.006451613
8163 0.006451613
15078 0.006451613
2662 0.006451613
16871 0.006451613
20712 0.006451613
5736 0.006451613
15469 0.012903226
18544 0.006451613
18417 0.006451613
21106 0.006451613
884 0.012903226
17653 0.006451613
21621 0.012903226
21110 0.006451613
7160 0.006451613
11512 0.07096774
16251 0.006451613
10492 0.012903226
19581 0.012903226
13566 0.006451613
19199 0.006451613
5631 0.006451613
3839 0.012903226
