4100 0.0056818184
5380 0.0056818184
5893 0.0056818184
10246 0.017045455
17415 0.0056818184
15625 0.0056818184
10250 0.0056818184
5900 0.0056818184
8208 0.0056818184
8724 0.0056818184
13844 0.0056818184
19736 0.022727273
4635 0.011363637
15900 0.011363637
13855 0.011363637
6688 0.017045455
11298 0.0056818184
6435 0.0056818184
10284 0.017045455
8237 0.0056818184
6958 0.0056818184
22064 0.0056818184
19249 0.0056818184
7474 0.0056818184
4915 0.0056818184
14903 0.0056818184
14650 0.017045455
18239 0.011363637
13377 0.0056818184
11073 0.0056818184
1858 0.0056818184
10821 0.0056818184
18758 0.0056818184
4934 0.0056818184
12871 0.0056818184
6215 0.0056818184
8263 0.011363637
18251 0.0056818184
2640 0.0056818184
10321 0.0056818184
9810 0.0056818184
11611 0.0056818184
8797 0.0056818184
13920 0.0056818184
16481 0.0056818184
10083 0.0056818184
4963 0.0056818184
2662 0.0056818184
3430 0.017045455
15209 0.0056818184
4714 0.011363637
8300 0.0056818184
18541 0.0056818184
11635 0.0056818184
884 0.017045455
19581 0.017045455
11391 0.0056818184
21632 0.0056818184
385 0.0056818184
2690 0.0056818184
11141 0.0056818184
9862 0.028409092
8843 0.0056818184
20367 0.0056818184
18064 0.0056818184
6032 0.0056818184
10897 0.039772727
22169 0.0056818184
3745 0.011363637
8111 0.011363637
8368 0.017045455
20402 0.0056818184
8371 0.06818182
20405 0.0056818184
11701 0.0056818184
11447 0.0056818184
6588 0.0056818184
2758 0.0056818184
7110 0.011363637
16582 0.017045455
11208 0.0056818184
1482 0.011363637
715 0.0056818184
1488 0.0056818184
13521 0.0056818184
10451 0.045454547
14300 0.0056818184
12765 0.011363637
4319 0.011363637
8163 0.011363637
6116 0.0056818184
10728 0.0056818184
7914 0.0056818184
1006 0.011363637
12016 0.011363637
12020 0.017045455
6646 0.0056818184
7160 0.0056818184
11512 0.045454547
3323 0.011363637
7421 0.0056818184
19199 0.0056818184
