19712 0.0040983604
8194 0.0040983604
1538 0.0040983604
4100 0.036885247
5893 0.008196721
10246 0.016393442
6409 0.0040983604
10763 0.0040983604
5900 0.0040983604
15374 0.0040983604
20750 0.0040983604
2832 0.0040983604
13844 0.0040983604
2836 0.008196721
19736 0.012295082
17690 0.0040983604
14365 0.0040983604
19488 0.0040983604
11298 0.0040983604
10284 0.020491803
1837 0.0040983604
13613 0.016393442
19249 0.0040983604
11825 0.0040983604
7474 0.0040983604
5170 0.0040983604
10546 0.008196721
12595 0.0040983604
20020 0.0040983604
14650 0.024590164
828 0.0040983604
6205 0.0040983604
18239 0.0040983604
319 0.0040983604
11327 0.012295082
10821 0.0040983604
18758 0.0040983604
4169 0.0040983604
6476 0.0040983604
18263 0.020491803
13149 0.0040983604
14173 0.008196721
13919 0.0040983604
6239 0.016393442
21345 0.0040983604
12899 0.0040983604
10083 0.0040983604
4963 0.0040983604
3430 0.0040983604
2662 0.008196721
873 0.0040983604
11114 0.0040983604
4714 0.028688524
18541 0.0040983604
16495 0.0040983604
13426 0.0040983604
2674 0.0040983604
11635 0.008196721
884 0.008196721
12664 0.0040983604
19581 0.05327869
1920 0.0040983604
16003 0.016393442
9862 0.024590164
11403 0.0040983604
3982 0.028688524
18064 0.0040983604
10896 0.008196721
20883 0.0040983604
11925 0.0040983604
15509 0.0040983604
11927 0.0040983604
8343 0.008196721
5275 0.008196721
11932 0.0040983604
5025 0.0040983604
20648 0.0040983604
21932 0.0040983604
19886 0.0040983604
14515 0.0040983604
17588 0.0040983604
20405 0.028688524
3522 0.0040983604
22210 0.0040983604
13509 0.0040983604
4809 0.0040983604
5323 0.0040983604
20174 0.0040983604
18385 0.0040983604
10451 0.016393442
20696 0.0040983604
11482 0.0040983604
3547 0.0040983604
15323 0.008196721
14300 0.008196721
6623 0.020491803
15330 0.0040983604
5859 0.0040983604
5349 0.0040983604
6886 0.0040983604
3306 0.0040983604
15854 0.0040983604
1006 0.0040983604
11504 0.0040983604
20723 0.008196721
1780 0.0040983604
1524 0.036885247
12020 0.040983606
9974 0.0040983604
15862 0.0040983604
15608 0.0040983604
21752 0.0040983604
11512 0.06967213
2041 0.0040983604
20217 0.0040983604
15610 0.012295082
19708 0.0040983604
