3843 0.0038461538
5892 0.01923077
5893 0.023076924
16390 0.0076923077
10246 0.011538462
9226 0.0076923077
10763 0.0076923077
5132 0.0038461538
15121 0.0038461538
8724 0.0038461538
278 0.0038461538
19736 0.011538462
4635 0.0076923077
16669 0.0076923077
6686 0.0038461538
6688 0.0038461538
9250 0.0038461538
3619 0.0038461538
21541 0.0038461538
4903 0.0038461538
298 0.0038461538
19250 0.0038461538
20020 0.0038461538
13621 0.0038461538
14903 0.0038461538
311 0.0076923077
8508 0.0038461538
18239 0.0076923077
11073 0.0038461538
10821 0.0038461538
18501 0.0038461538
18758 0.0038461538
4934 0.0038461538
12871 0.0038461538
2119 0.0038461538
8263 0.0076923077
7752 0.0038461538
4169 0.0038461538
18251 0.0038461538
20813 0.011538462
11598 0.0038461538
15700 0.0038461538
20821 0.0076923077
11607 0.0038461538
18263 0.0076923077
16984 0.0038461538
13659 0.0038461538
10331 0.011538462
19548 0.0038461538
2397 0.0038461538
8797 0.0076923077
20318 0.0038461538
13919 0.015384615
16481 0.0038461538
21345 0.0038461538
4451 0.0038461538
20579 0.0038461538
3430 0.011538462
13160 0.0038461538
7273 0.0038461538
109 0.0038461538
21872 0.0076923077
6002 0.0038461538
11635 0.0076923077
884 0.0076923077
21621 0.0038461538
19830 0.0038461538
19322 0.0038461538
18298 0.0076923077
10618 0.046153847
20349 0.0038461538
19581 0.0038461538
21632 0.0038461538
16003 0.0038461538
9862 0.01923077
20876 0.0038461538
6286 0.0076923077
20624 0.0038461538
10896 0.0076923077
9361 0.0038461538
10897 0.034615386
8342 0.0038461538
8343 0.0076923077
8855 0.023076924
10649 0.0076923077
21401 0.011538462
11932 0.0076923077
11677 0.0038461538
13983 0.0038461538
3745 0.0038461538
15011 0.0076923077
5028 0.0038461538
7077 0.0076923077
9387 0.011538462
13485 0.0076923077
8370 0.0038461538
20405 0.034615386
22198 0.0038461538
2231 0.0076923077
6588 0.015384615
16064 0.0038461538
5314 0.0076923077
3268 0.0038461538
14533 0.0038461538
16582 0.0038461538
7110 0.0038461538
11467 0.0038461538
10699 0.0038461538
1483 0.0076923077
19917 0.011538462
14798 0.0038461538
462 0.0038461538
16847 0.0076923077
11728 0.0038461538
13521 0.0038461538
21970 0.015384615
10451 0.011538462
3288 0.0038461538
20696 0.011538462
7897 0.0076923077
21465 0.015384615
1242 0.0076923077
15323 0.0038461538
4319 0.0076923077
5859 0.0038461538
6116 0.0076923077
5349 0.0038461538
20453 0.0038461538
8422 0.0038461538
10728 0.0038461538
14314 0.0038461538
19178 0.0038461538
7914 0.011538462
1261 0.0038461538
1006 0.0038461538
12016 0.0038461538
2292 0.0038461538
9973 0.0038461538
11512 0.011538462
20217 0.0038461538
14843 0.0038461538
7421 0.0038461538
20222 0.0038461538
18431 0.0038461538
6143 0.015384615
