8193 0.0021834061
8194 0.0065502184
16390 0.0021834061
519 0.0021834061
4617 0.0021834061
5900 0.015283843
17935 0.0021834061
8724 0.0021834061
8468 0.0021834061
13844 0.008733625
13334 0.0021834061
10518 0.0021834061
19736 0.013100437
5659 0.0021834061
4635 0.01091703
15900 0.0021834061
14365 0.0021834061
13343 0.0021834061
6688 0.0065502184
9250 0.0043668123
11298 0.008733625
20516 0.0021834061
14884 0.0021834061
7208 0.0021834061
6952 0.008733625
4649 0.0021834061
298 0.0021834061
18731 0.0021834061
1324 0.0021834061
10284 0.03275109
13613 0.0043668123
22064 0.0065502184
11825 0.0021834061
19250 0.0021834061
4915 0.0021834061
21044 0.0043668123
20792 0.0021834061
3130 0.0021834061
14650 0.0021834061
8508 0.0021834061
11327 0.0021834061
18239 0.0021834061
10821 0.0043668123
4934 0.0043668123
18758 0.0043668123
12871 0.0021834061
8263 0.0021834061
2119 0.0043668123
6215 0.0065502184
18251 0.03930131
20813 0.0021834061
16717 0.0021834061
10065 0.0021834061
3922 0.0065502184
84 0.0021834061
19542 0.008733625
16471 0.0021834061
18263 0.015283843
15961 0.0021834061
1114 0.0021834061
20571 0.0021834061
5723 0.0043668123
14173 0.0021834061
13919 0.0021834061
16736 0.0021834061
16481 0.0021834061
21345 0.0021834061
20065 0.0021834061
7265 0.015283843
20579 0.0021834061
10083 0.0043668123
7781 0.0021834061
2662 0.0021834061
3430 0.01091703
15975 0.0021834061
10344 0.0021834061
363 0.0021834061
8811 0.0021834061
8300 0.0021834061
6509 0.0021834061
5235 0.0021834061
884 0.0021834061
21621 0.0021834061
19062 0.0043668123
10108 0.0021834061
20349 0.0021834061
19581 0.013100437
5502 0.0021834061
21632 0.0021834061
5760 0.0021834061
16003 0.08951965
9862 0.0065502184
17544 0.03930131
11151 0.0021834061
18064 0.0021834061
10896 0.0043668123
10897 0.015283843
13714 0.0021834061
1427 0.008733625
11925 0.04585153
150 0.0043668123
8343 0.0043668123
8857 0.0021834061
21401 0.0021834061
10649 0.01091703
11932 0.0065502184
7584 0.0021834061
3745 0.0043668123
675 0.0021834061
7331 0.0021834061
17318 0.0021834061
18599 0.0021834061
21932 0.0043668123
13485 0.008733625
19886 0.01091703
10417 0.0043668123
1716 0.0021834061
20405 0.01746725
21944 0.0021834061
18872 0.0021834061
12734 0.0021834061
18623 0.0021834061
5825 0.008733625
3522 0.0065502184
10691 0.0043668123
3268 0.0021834061
9157 0.0021834061
16582 0.0021834061
15046 0.0021834061
2758 0.008733625
3272 0.0021834061
17355 0.0021834061
716 0.0021834061
1229 0.03275109
16847 0.0021834061
11215 0.0043668123
13521 0.0021834061
5585 0.0021834061
10451 0.01091703
20696 0.01091703
21465 0.0043668123
15067 0.0043668123
13532 0.0021834061
12765 0.0043668123
4319 0.03275109
2016 0.0021834061
6368 0.0021834061
20706 0.0021834061
20195 0.0021834061
8163 0.0021834061
5859 0.0043668123
6116 0.0021834061
16868 0.0021834061
5349 0.0021834061
20453 0.0043668123
8422 0.0021834061
16871 0.0021834061
7914 0.0043668123
21483 0.0021834061
20203 0.0043668123
1006 0.008733625
8175 0.0043668123
10994 0.0021834061
15606 0.0021834061
14838 0.008733625
15608 0.0021834061
11512 0.019650655
3323 0.013100437
12286 0.0021834061
5631 0.0021834061
6143 0.0043668123
