5893 0.004405286
15374 0.004405286
15120 0.008810572
22035 0.004405286
8724 0.004405286
19736 0.013215859
4635 0.004405286
10012 0.004405286
14365 0.004405286
31 0.004405286
6688 0.008810572
14625 0.004405286
13857 0.004405286
22050 0.004405286
9250 0.004405286
16676 0.004405286
21541 0.004405286
12325 0.004405286
18729 0.004405286
18731 0.004405286
10546 0.004405286
21813 0.013215859
15934 0.013215859
18239 0.004405286
14916 0.004405286
12614 0.004405286
12871 0.004405286
5959 0.004405286
8263 0.008810572
6728 0.004405286
18251 0.004405286
20556 0.004405286
21325 0.004405286
16717 0.004405286
7251 0.004405286
15959 0.008810572
18263 0.008810572
2397 0.004405286
6239 0.004405286
13919 0.004405286
16736 0.02202643
16481 0.004405286
20579 0.004405286
10083 0.004405286
13929 0.008810572
11883 0.004405286
14443 0.008810572
13677 0.004405286
15469 0.013215859
11635 0.013215859
884 0.008810572
19062 0.004405286
14204 0.004405286
19581 0.013215859
21632 0.004405286
13952 0.004405286
9862 0.004405286
8070 0.008810572
20360 0.004405286
13709 0.004405286
11151 0.004405286
7567 0.013215859
6032 0.004405286
10896 0.004405286
21136 0.004405286
17553 0.004405286
10897 0.013215859
19603 0.004405286
1685 0.004405286
20631 0.004405286
8343 0.008810572
16536 0.004405286
10651 0.004405286
11932 0.004405286
2973 0.004405286
3745 0.004405286
14753 0.004405286
11431 0.004405286
12711 0.03524229
15528 0.004405286
5038 0.004405286
9903 0.004405286
8111 0.004405286
8368 0.017621145
12208 0.07488987
10417 0.004405286
1458 0.004405286
179 0.004405286
4531 0.004405286
20404 0.004405286
6325 0.017621145
20405 0.026431719
11447 0.013215859
21178 0.004405286
3515 0.017621145
10691 0.004405286
16836 0.004405286
16582 0.004405286
16841 0.013215859
6091 0.008810572
716 0.008810572
1997 0.004405286
462 0.004405286
13521 0.004405286
10451 0.03524229
20437 0.004405286
11734 0.004405286
20438 0.004405286
14806 0.008810572
18391 0.004405286
20696 0.004405286
14556 0.004405286
13532 0.008810572
12765 0.004405286
5088 0.004405286
6116 0.008810572
2022 0.004405286
8422 0.008810572
20712 0.004405286
18410 0.004405286
3306 0.008810572
7914 0.017621145
10480 0.004405286
20723 0.004405286
21493 0.004405286
7160 0.004405286
11512 0.04405286
11259 0.004405286
5372 0.004405286
6654 0.004405286
