21632 0.006451613
8194 0.006451613
5893 0.045161292
9862 0.07096774
20360 0.006451613
10896 0.006451613
8592 0.006451613
9361 0.006451613
15121 0.006451613
17553 0.012903226
10897 0.025806451
20883 0.12903225
8724 0.006451613
13844 0.006451613
278 0.006451613
4758 0.006451613
19736 0.019354839
4635 0.006451613
19356 0.006451613
10780 0.012903226
13855 0.012903226
3745 0.006451613
12321 0.025806451
15528 0.006451613
10025 0.012903226
2602 0.006451613
298 0.012903226
18731 0.006451613
19886 0.012903226
21038 0.012903226
18991 0.012903226
18864 0.006451613
14514 0.012903226
20405 0.012903226
14650 0.019354839
9918 0.006451613
18239 0.006451613
11327 0.006451613
16582 0.006451613
14918 0.006451613
4934 0.006451613
18758 0.006451613
12871 0.006451613
14791 0.006451613
6215 0.019354839
18251 0.006451613
13521 0.006451613
9810 0.006451613
1491 0.006451613
10451 0.038709678
7124 0.006451613
21076 0.006451613
11221 0.006451613
15446 0.006451613
18263 0.006451613
9689 0.006451613
7642 0.006451613
1754 0.006451613
19548 0.006451613
16481 0.006451613
7138 0.006451613
8163 0.006451613
6116 0.006451613
9061 0.006451613
6886 0.006451613
17896 0.012903226
7914 0.006451613
1006 0.006451613
2031 0.006451613
2674 0.006451613
20723 0.006451613
11635 0.006451613
884 0.006451613
10101 0.006451613
21493 0.006451613
21110 0.006451613
11512 0.077419356
15484 0.006451613
19581 0.006451613
253 0.006451613
3839 0.006451613
