21632 0.010416667
5122 0.010416667
2690 0.010416667
5892 0.010416667
10246 0.03125
4617 0.010416667
17290 0.010416667
10763 0.010416667
5900 0.010416667
21136 0.010416667
6032 0.010416667
10897 0.020833334
8724 0.010416667
13844 0.010416667
7830 0.03125
8343 0.020833334
19736 0.010416667
10651 0.010416667
11932 0.010416667
541 0.010416667
3745 0.020833334
13345 0.083333336
9250 0.020833334
11299 0.010416667
15011 0.010416667
12325 0.010416667
2602 0.010416667
7082 0.010416667
20780 0.010416667
1837 0.010416667
22064 0.010416667
10417 0.03125
13235 0.010416667
21813 0.010416667
20405 0.03125
3515 0.010416667
18239 0.03125
19137 0.010416667
6465 0.010416667
18501 0.010416667
16582 0.010416667
12871 0.010416667
5576 0.010416667
18251 0.010416667
716 0.010416667
13521 0.010416667
10451 0.010416667
21333 0.010416667
11607 0.020833334
3288 0.03125
5212 0.03125
1759 0.020833334
16736 0.010416667
16481 0.010416667
10083 0.010416667
4963 0.010416667
9188 0.010416667
2662 0.010416667
10344 0.010416667
1006 0.010416667
20723 0.010416667
884 0.010416667
14587 0.010416667
19581 0.041666668
6143 0.020833334
