21632 0.008403362
7680 0.008403362
2176 0.008403362
2690 0.008403362
8194 0.025210084
8836 0.008403362
8709 0.008403362
5893 0.016806724
9862 0.008403362
3339 0.008403362
5900 0.008403362
10767 0.008403362
8592 0.008403362
10897 0.042016808
3730 0.008403362
8724 0.008403362
13844 0.008403362
8085 0.008403362
13334 0.008403362
12823 0.008403362
8343 0.008403362
19736 0.008403362
21401 0.008403362
13722 0.008403362
4635 0.016806724
13983 0.008403362
13343 0.008403362
2335 0.008403362
6688 0.008403362
3745 0.008403362
4647 0.016806724
2602 0.008403362
19886 0.008403362
12464 0.016806724
20405 0.042016808
12470 0.008403362
19385 0.008403362
15034 0.008403362
14650 0.016806724
4286 0.008403362
4416 0.008403362
3268 0.025210084
16582 0.008403362
13255 0.008403362
6215 0.008403362
12871 0.016806724
8263 0.016806724
1224 0.008403362
18378 0.008403362
18251 0.008403362
16717 0.008403362
19917 0.008403362
14798 0.008403362
13521 0.008403362
10451 0.016806724
20821 0.008403362
18134 0.008403362
18263 0.016806724
20696 0.008403362
5849 0.008403362
3419 0.008403362
3038 0.008403362
16481 0.008403362
21345 0.008403362
10083 0.008403362
20579 0.016806724
3430 0.008403362
6886 0.008403362
19688 0.008403362
15209 0.008403362
235 0.008403362
15980 0.016806724
14060 0.016806724
16621 0.008403362
6509 0.008403362
10094 0.008403362
11504 0.008403362
21872 0.008403362
18417 0.008403362
21106 0.008403362
11512 0.084033616
20217 0.008403362
10492 0.008403362
19581 0.016806724
19711 0.008403362
