5893 0.026086956
10246 0.013043478
16390 0.026086956
10759 0.004347826
20231 0.017391304
9227 0.004347826
14860 0.004347826
17935 0.004347826
1295 0.008695652
8724 0.004347826
13844 0.004347826
19736 0.008695652
4635 0.008695652
5660 0.004347826
14365 0.004347826
12321 0.004347826
11298 0.004347826
9250 0.008695652
4392 0.004347826
18729 0.004347826
21291 0.004347826
4652 0.004347826
4911 0.004347826
18991 0.004347826
11825 0.004347826
8243 0.004347826
311 0.004347826
18239 0.013043478
17476 0.004347826
12871 0.004347826
6215 0.004347826
2119 0.008695652
18251 0.030434782
16717 0.004347826
20813 0.004347826
21588 0.004347826
16981 0.004347826
18263 0.004347826
10331 0.008695652
16736 0.008695652
16481 0.004347826
20065 0.013043478
3430 0.013043478
13929 0.004347826
9836 0.004347826
11635 0.017391304
884 0.008695652
19062 0.004347826
19581 0.008695652
5246 0.004347826
21632 0.004347826
2690 0.004347826
16002 0.030434782
2436 0.004347826
8070 0.004347826
5515 0.004347826
3982 0.008695652
10896 0.004347826
8592 0.008695652
10897 0.013043478
11932 0.004347826
9374 0.004347826
21408 0.02173913
3745 0.008695652
12710 0.05652174
15528 0.013043478
10666 0.004347826
13485 0.004347826
9141 0.004347826
20405 0.008695652
19893 0.013043478
8630 0.004347826
11447 0.004347826
21432 0.004347826
12734 0.004347826
4286 0.004347826
6336 0.008695652
20418 0.004347826
10691 0.013043478
3268 0.008695652
16582 0.004347826
2758 0.004347826
7878 0.004347826
1737 0.008695652
11215 0.004347826
13521 0.004347826
13778 0.004347826
10451 0.017391304
3288 0.004347826
20696 0.004347826
21465 0.013043478
4314 0.004347826
4319 0.004347826
8163 0.004347826
20453 0.004347826
7914 0.004347826
20203 0.004347826
14060 0.004347826
7404 0.017391304
1261 0.004347826
18414 0.047826085
3058 0.05652174
11512 0.073913045
20217 0.004347826
16892 0.008695652
6143 0.008695652
