19461 0.005181347
5893 0.031088082
19718 0.005181347
19208 0.005181347
6409 0.005181347
10767 0.005181347
8724 0.005181347
19736 0.005181347
13596 0.005181347
6173 0.005181347
6687 0.005181347
6688 0.015544041
9250 0.005181347
7973 0.010362694
3112 0.005181347
13610 0.005181347
6444 0.005181347
1837 0.010362694
11825 0.010362694
10546 0.005181347
7474 0.005181347
20020 0.005181347
14903 0.005181347
14650 0.010362694
22077 0.020725388
8254 0.005181347
18239 0.005181347
17983 0.005181347
11073 0.005181347
18758 0.010362694
21063 0.005181347
12871 0.005181347
18251 0.015544041
20813 0.005181347
6477 0.0880829
10065 0.005181347
9810 0.005181347
18263 0.005181347
2903 0.005181347
11607 0.025906736
19548 0.005181347
15196 0.005181347
16481 0.005181347
21345 0.005181347
3430 0.010362694
18536 0.005181347
8297 0.005181347
11635 0.005181347
884 0.010362694
2677 0.005181347
19062 0.010362694
19581 0.031088082
21632 0.005181347
13186 0.005181347
2690 0.010362694
8070 0.005181347
20360 0.005181347
3982 0.015544041
6032 0.005181347
10897 0.020725388
8594 0.005181347
20883 0.015544041
15509 0.005181347
7830 0.03626943
8343 0.005181347
13210 0.005181347
8603 0.005181347
8095 0.005181347
3745 0.010362694
15011 0.005181347
14757 0.005181347
5801 0.005181347
19886 0.005181347
10672 0.005181347
14514 0.005181347
20405 0.025906736
6588 0.005181347
5825 0.010362694
16582 0.005181347
10184 0.010362694
18378 0.005181347
716 0.005181347
19917 0.005181347
13521 0.005181347
10451 0.025906736
3288 0.010362694
731 0.005181347
15323 0.010362694
14300 0.005181347
4573 0.005181347
6623 0.005181347
4319 0.010362694
18401 0.005181347
5349 0.005181347
20453 0.010362694
2791 0.020725388
1006 0.010362694
241 0.005181347
6386 0.005181347
9461 0.03626943
11512 0.031088082
19199 0.005181347
6143 0.010362694
