3842 0.004310345
4100 0.004310345
14852 0.004310345
5893 0.012931035
16390 0.004310345
10763 0.012931035
7179 0.01724138
5900 0.004310345
13069 0.004310345
20750 0.004310345
21262 0.004310345
8724 0.004310345
8468 0.004310345
22294 0.004310345
12823 0.004310345
19736 0.01724138
4635 0.00862069
6688 0.00862069
13857 0.004310345
22050 0.004310345
13090 0.004310345
9250 0.00862069
6181 0.004310345
8743 0.004310345
298 0.004310345
10027 0.02586207
13613 0.004310345
558 0.004310345
22064 0.01724138
14650 0.004310345
12095 0.004310345
1858 0.004310345
17220 0.004310345
10821 0.012931035
18758 0.004310345
8262 0.004310345
12871 0.004310345
8263 0.00862069
17738 0.004310345
18251 0.004310345
16717 0.004310345
10065 0.004310345
18263 0.004310345
4440 0.004310345
2393 0.03448276
20571 0.004310345
13659 0.004310345
15196 0.004310345
9310 0.01724138
16481 0.00862069
10083 0.00862069
20579 0.004310345
3430 0.00862069
15209 0.004310345
14442 0.004310345
13675 0.004310345
16495 0.004310345
2674 0.004310345
11635 0.004310345
884 0.012931035
19062 0.004310345
7288 0.004310345
19581 0.00862069
1407 0.004310345
21632 0.004310345
2690 0.004310345
8836 0.004310345
8070 0.004310345
10380 0.004310345
6032 0.02586207
10897 0.012931035
15252 0.004310345
15765 0.004310345
8343 0.004310345
8855 0.004310345
3745 0.004310345
6308 0.004310345
17318 0.004310345
11431 0.004310345
10409 0.004310345
13485 0.004310345
19886 0.00862069
8111 0.004310345
21679 0.01724138
14514 0.004310345
1461 0.012931035
20405 0.030172413
15034 0.004310345
6336 0.004310345
19137 0.004310345
3522 0.004310345
7877 0.00862069
16582 0.004310345
11718 0.004310345
12745 0.004310345
16841 0.004310345
13260 0.05172414
14798 0.030172413
19408 0.004310345
1488 0.012931035
13521 0.004310345
10451 0.03448276
3288 0.004310345
20696 0.004310345
4314 0.00862069
16605 0.004310345
20196 0.004310345
20453 0.00862069
15334 0.004310345
8422 0.00862069
11240 0.004310345
15849 0.004310345
7914 0.00862069
1261 0.004310345
1006 0.004310345
12016 0.004310345
17653 0.00862069
15606 0.00862069
11512 0.060344826
2041 0.004310345
6143 0.030172413
