13056 0.0031847134
8194 0.006369427
9476 0.0031847134
5892 0.006369427
10246 0.00955414
17415 0.006369427
776 0.0031847134
9480 0.0031847134
2313 0.0031847134
10763 0.0031847134
5900 0.012738854
13326 0.0031847134
10767 0.0031847134
13843 0.0031847134
8468 0.0031847134
13844 0.0031847134
19736 0.0031847134
4635 0.012738854
6687 0.0031847134
13855 0.00955414
9250 0.00955414
11298 0.015923567
38 0.0031847134
4903 0.0031847134
18987 0.0031847134
1837 0.0031847134
13613 0.006369427
10546 0.0031847134
21044 0.0031847134
10036 0.0031847134
14650 0.015923567
11837 0.0031847134
11327 0.006369427
18239 0.03821656
8000 0.0031847134
11073 0.0031847134
10821 0.006369427
18758 0.0031847134
8262 0.0031847134
12614 0.0031847134
7752 0.0031847134
4169 0.006369427
16458 0.0031847134
2893 0.0031847134
9810 0.012738854
14163 0.0031847134
7252 0.0031847134
9813 0.00955414
11350 0.0031847134
17751 0.006369427
11611 0.0031847134
4443 0.0031847134
13659 0.006369427
8795 0.070063695
19548 0.0031847134
8797 0.0031847134
17245 0.0031847134
18528 0.0031847134
2662 0.015923567
12137 0.0031847134
15209 0.006369427
6509 0.0031847134
8561 0.006369427
884 0.006369427
21621 0.0031847134
2426 0.0031847134
15997 0.0031847134
19581 0.00955414
7812 0.00955414
11141 0.0031847134
9862 0.0031847134
20360 0.0031847134
17036 0.0031847134
13709 0.006369427
10895 0.0031847134
20367 0.0031847134
6032 0.006369427
10897 0.006369427
13714 0.00955414
8085 0.0031847134
8342 0.0031847134
4758 0.01910828
8343 0.0031847134
10136 0.050955415
21401 0.0031847134
7325 0.0031847134
3745 0.0031847134
19620 0.0031847134
12708 0.0031847134
11431 0.0031847134
2731 0.006369427
18349 0.0031847134
21679 0.0031847134
12208 0.00955414
20405 0.015923567
20150 0.012738854
4025 0.006369427
1466 0.0031847134
5825 0.00955414
9666 0.00955414
18118 0.0031847134
9926 0.006369427
13260 0.0031847134
19917 0.0031847134
5581 0.006369427
14798 0.0031847134
9682 0.0031847134
10451 0.031847134
6359 0.00955414
21465 0.0031847134
1241 0.006369427
5083 0.0031847134
731 0.0031847134
2523 0.006369427
14556 0.0031847134
10972 0.00955414
13534 0.0031847134
9951 0.0031847134
6623 0.022292994
3300 0.0031847134
6116 0.006369427
20453 0.0031847134
5349 0.0031847134
22246 0.0031847134
15078 0.0031847134
8422 0.00955414
2791 0.006369427
20712 0.0031847134
7914 0.0031847134
19179 0.0031847134
14060 0.0031847134
1006 0.025477707
241 0.0031847134
12020 0.0031847134
500 0.0031847134
6389 0.0031847134
16375 0.0031847134
11512 0.05732484
15610 0.0031847134
6141 0.0031847134
10237 0.0031847134
8958 0.012738854
5631 0.0031847134
