5893 0.0038022813
10246 0.0038022813
16396 0.0038022813
10767 0.0038022813
1295 0.0038022813
21779 0.0038022813
8724 0.0038022813
13844 0.0076045627
4635 0.0038022813
7451 0.0038022813
6687 0.0038022813
9250 0.0038022813
8485 0.0038022813
13613 0.0038022813
1837 0.0076045627
18991 0.0038022813
21295 0.0038022813
22064 0.0114068445
8497 0.0038022813
10546 0.0038022813
21813 0.0038022813
12853 0.0038022813
14903 0.0038022813
14650 0.0038022813
1851 0.0038022813
22076 0.0038022813
11327 0.0038022813
18239 0.019011406
11073 0.0038022813
1858 0.019011406
18501 0.0038022813
18758 0.0038022813
12871 0.0038022813
8263 0.0114068445
4169 0.0038022813
20554 0.0038022813
18251 0.022813689
21325 0.0038022813
6477 0.019011406
7766 0.0038022813
1376 0.0038022813
16481 0.0038022813
21345 0.0076045627
20579 0.0038022813
5477 0.0038022813
3430 0.0076045627
2662 0.022813689
13929 0.015209125
11635 0.0076045627
2676 0.0038022813
19062 0.0038022813
7031 0.0076045627
13689 0.0038022813
19581 0.03041825
21632 0.0038022813
3456 0.0038022813
2690 0.019011406
8070 0.0038022813
9862 0.0114068445
17294 0.0038022813
11151 0.0038022813
7567 0.0076045627
18064 0.0038022813
10896 0.0076045627
6032 0.015209125
10897 0.015209125
20883 0.0076045627
8343 0.0076045627
16024 0.0076045627
22169 0.0038022813
21401 0.0038022813
22174 0.0038022813
3745 0.0114068445
15011 0.0038022813
8355 0.0038022813
2468 0.0038022813
14757 0.0038022813
11431 0.0038022813
20648 0.0038022813
7082 0.045627378
10412 0.0038022813
13485 0.0038022813
14514 0.0038022813
13235 0.0038022813
14515 0.0038022813
20404 0.0038022813
20405 0.03041825
21687 0.0076045627
3515 0.0038022813
12734 0.0038022813
5825 0.038022812
18115 0.0038022813
16582 0.0038022813
12746 0.0114068445
4556 0.0038022813
716 0.0038022813
18381 0.0038022813
6862 0.0038022813
1488 0.0114068445
13521 0.0038022813
13778 0.0038022813
10451 0.019011406
9940 0.0038022813
20438 0.015209125
6359 0.0076045627
2776 0.0038022813
21465 0.0038022813
13532 0.0076045627
4319 0.019011406
20196 0.0038022813
6116 0.019011406
20453 0.0038022813
5861 0.0038022813
1766 0.0038022813
16871 0.0038022813
20712 0.0038022813
3306 0.0038022813
7914 0.0038022813
18410 0.02661597
14060 0.0038022813
1006 0.0076045627
8175 0.0038022813
10479 0.0038022813
241 0.0038022813
2292 0.0038022813
7160 0.0038022813
11512 0.064638786
8444 0.0038022813
6654 0.0038022813
9215 0.0038022813
