21632 0.010204081
2176 0.010204081
2693 0.010204081
19461 0.010204081
8070 0.010204081
10246 0.010204081
3466 0.091836736
5900 0.020408163
18064 0.010204081
10896 0.010204081
8208 0.010204081
10512 0.05102041
10897 0.020408163
19606 0.010204081
8343 0.020408163
12952 0.010204081
21530 0.010204081
11932 0.010204081
18079 0.010204081
3745 0.010204081
9250 0.020408163
17705 0.010204081
18731 0.010204081
13613 0.010204081
19886 0.010204081
14514 0.010204081
14515 0.030612245
2740 0.010204081
20405 0.010204081
21813 0.020408163
20538 0.010204081
17338 0.010204081
14650 0.020408163
13884 0.020408163
18239 0.010204081
21698 0.010204081
10691 0.030612245
16582 0.010204081
2758 0.030612245
12871 0.010204081
8263 0.010204081
18251 0.010204081
2125 0.010204081
7246 0.010204081
13521 0.010204081
15569 0.010204081
10451 0.020408163
20952 0.010204081
13659 0.010204081
15966 0.010204081
22112 0.010204081
16481 0.010204081
10083 0.010204081
6116 0.010204081
20453 0.020408163
20712 0.010204081
18414 0.010204081
1006 0.020408163
12016 0.010204081
884 0.040816326
21752 0.010204081
11512 0.020408163
22009 0.010204081
14587 0.020408163
19581 0.010204081
