4100 0.011142061
18693 0.0055710305
5893 0.0055710305
10246 0.008356546
519 0.0055710305
9226 0.0027855153
5900 0.0027855153
15629 0.0055710305
10767 0.0055710305
10512 0.0055710305
8208 0.0055710305
11538 0.0027855153
8724 0.0027855153
8468 0.0027855153
19736 0.011142061
4635 0.008356546
6175 0.0027855153
18464 0.0027855153
6688 0.008356546
11298 0.0027855153
6952 0.0027855153
13097 0.0055710305
13610 0.0027855153
18731 0.0055710305
17196 0.0027855153
10284 0.022284122
1837 0.0027855153
17453 0.0027855153
13613 0.008356546
15662 0.0027855153
11825 0.0027855153
7474 0.0027855153
10546 0.0055710305
20020 0.0027855153
21813 0.0027855153
10037 0.0027855153
9017 0.0027855153
14394 0.0027855153
14650 0.0027855153
18239 0.0027855153
11327 0.0055710305
319 0.013927577
10821 0.0055710305
6470 0.0055710305
18758 0.008356546
4934 0.008356546
15431 0.0027855153
21063 0.0055710305
12871 0.0055710305
8263 0.013927577
18251 0.05571031
18263 0.016713092
19034 0.0027855153
13659 0.0055710305
13919 0.008356546
16736 0.0055710305
16481 0.0027855153
5730 0.0027855153
20579 0.0027855153
14692 0.0027855153
17252 0.0027855153
3430 0.0027855153
10598 0.0027855153
13670 0.008356546
2662 0.008356546
4714 0.038997214
18541 0.008356546
12398 0.0027855153
10350 0.022284122
8561 0.0027855153
11635 0.0027855153
884 0.0055710305
21621 0.0027855153
12664 0.0027855153
19581 0.038997214
21632 0.0027855153
16003 0.011142061
11396 0.0027855153
11141 0.008356546
13958 0.0027855153
9862 0.011142061
12937 0.0027855153
17294 0.0027855153
6032 0.0027855153
10897 0.022284122
8851 0.0027855153
1427 0.0055710305
11925 0.0055710305
6806 0.0027855153
10649 0.0027855153
13210 0.0027855153
8603 0.0027855153
19356 0.0027855153
11932 0.0055710305
3745 0.0027855153
10916 0.0027855153
12205 0.0027855153
10417 0.0027855153
14515 0.0027855153
4789 0.0027855153
20405 0.027855154
2231 0.0027855153
11447 0.0027855153
18872 0.0027855153
14520 0.0027855153
21696 0.0027855153
5825 0.013927577
1219 0.0027855153
10691 0.0027855153
3268 0.0027855153
16582 0.0027855153
2758 0.008356546
19917 0.0027855153
13521 0.0027855153
10451 0.008356546
10196 0.0027855153
1241 0.0027855153
19675 0.0027855153
4319 0.05571031
17890 0.0027855153
4834 0.0055710305
5859 0.0027855153
18148 0.0055710305
5349 0.0027855153
5861 0.0027855153
20453 0.011142061
8422 0.0055710305
7914 0.008356546
20203 0.016713092
1006 0.011142061
14063 0.0027855153
12016 0.016713092
20723 0.0027855153
12020 0.0027855153
11512 0.04178273
3323 0.008356546
6143 0.011142061
3839 0.033426184
