21632 0.0078125
2176 0.015625
4100 0.0078125
5893 0.0078125
20360 0.015625
16396 0.0078125
18573 0.0078125
6286 0.0078125
17294 0.0078125
9359 0.0234375
18064 0.0078125
9616 0.0078125
10897 0.046875
8724 0.0078125
7830 0.0078125
22294 0.0078125
8855 0.015625
19736 0.0234375
5019 0.0078125
21403 0.015625
8860 0.0078125
15900 0.0078125
11932 0.015625
16926 0.0078125
3745 0.0078125
7460 0.0078125
38 0.0078125
13613 0.015625
8111 0.0078125
8368 0.078125
19250 0.0078125
8371 0.0078125
20020 0.0078125
10677 0.0078125
20405 0.0234375
14650 0.0234375
8254 0.0078125
11327 0.015625
2625 0.0078125
11073 0.0078125
21698 0.0078125
8260 0.015625
18501 0.0078125
16582 0.0078125
12871 0.0078125
8263 0.0078125
14153 0.0078125
4809 0.0078125
18251 0.046875
1488 0.0078125
13521 0.0078125
16724 0.0078125
20437 0.0078125
20309 0.015625
18263 0.03125
4319 0.0234375
16736 0.0234375
16481 0.0078125
21345 0.03125
9698 0.0078125
20579 0.015625
3430 0.0078125
20582 0.0078125
6120 0.0078125
14060 0.0078125
10350 0.0078125
21872 0.0234375
20723 0.0078125
884 0.015625
21493 0.0078125
14198 0.0078125
16503 0.0078125
11512 0.015625
1657 0.0078125
19581 0.0078125
6143 0.015625
