19461 0.005154639
5893 0.020618556
15629 0.005154639
10512 0.005154639
15121 0.005154639
22035 0.005154639
8724 0.005154639
22294 0.005154639
19736 0.0154639175
18205 0.005154639
12830 0.005154639
9250 0.010309278
20516 0.005154639
4647 0.005154639
6954 0.005154639
10284 0.020618556
10546 0.005154639
5428 0.010309278
14650 0.010309278
18239 0.005154639
319 0.010309278
11327 0.025773196
11073 0.005154639
10821 0.010309278
18758 0.005154639
12871 0.005154639
18251 0.04639175
7246 0.005154639
8021 0.005154639
6491 0.005154639
20571 0.005154639
13659 0.005154639
6239 0.005154639
13919 0.005154639
1376 0.005154639
22112 0.010309278
16481 0.005154639
20579 0.005154639
10083 0.005154639
14691 0.010309278
3430 0.005154639
8297 0.010309278
874 0.005154639
8811 0.010309278
6509 0.005154639
21613 0.005154639
6515 0.005154639
11635 0.005154639
5237 0.005154639
19581 0.010309278
20349 0.0154639175
21632 0.005154639
2176 0.020618556
10627 0.005154639
11141 0.010309278
18054 0.005154639
8070 0.0154639175
9862 0.025773196
3466 0.005154639
10897 0.0154639175
8343 0.005154639
17817 0.005154639
8090 0.005154639
16032 0.005154639
3745 0.005154639
8097 0.05670103
3491 0.005154639
19627 0.005154639
12205 0.0154639175
9139 0.005154639
12468 0.005154639
20405 0.020618556
17846 0.010309278
19127 0.005154639
21696 0.005154639
14273 0.005154639
19137 0.0154639175
5825 0.020618556
3522 0.005154639
4290 0.005154639
3268 0.010309278
16582 0.005154639
2758 0.020618556
10184 0.005154639
6862 0.010309278
718 0.0154639175
13521 0.005154639
10451 0.036082473
731 0.005154639
4319 0.0154639175
6116 0.005154639
3300 0.0154639175
20453 0.005154639
5349 0.005154639
15851 0.005154639
1006 0.020618556
8175 0.005154639
12020 0.005154639
11512 0.030927835
2041 0.005154639
8444 0.005154639
22270 0.005154639
5631 0.010309278
