21632 0.009009009
6660 0.009009009
5892 0.018018018
5893 0.054054055
3466 0.009009009
5900 0.009009009
5903 0.009009009
10897 0.045045044
8724 0.009009009
1429 0.009009009
8343 0.018018018
4635 0.009009009
4510 0.009009009
3745 0.009009009
20516 0.009009009
14757 0.009009009
21541 0.018018018
10409 0.009009009
14382 0.009009009
9903 0.009009009
11825 0.009009009
19250 0.009009009
15155 0.009009009
20405 0.018018018
14650 0.018018018
18239 0.009009009
11327 0.009009009
192 0.009009009
5825 0.009009009
10821 0.009009009
16582 0.009009009
12871 0.009009009
7111 0.009009009
18251 0.036036037
2380 0.009009009
14798 0.009009009
1488 0.009009009
13521 0.009009009
9810 0.009009009
10451 0.027027028
9813 0.009009009
9685 0.009009009
16471 0.009009009
16984 0.036036037
11611 0.009009009
15196 0.009009009
14556 0.045045044
16605 0.009009009
6623 0.009009009
4319 0.027027028
18656 0.009009009
13920 0.009009009
16481 0.009009009
21345 0.018018018
8545 0.018018018
2531 0.009009009
9061 0.009009009
5349 0.009009009
3430 0.018018018
5735 0.009009009
5736 0.009009009
20203 0.009009009
12398 0.009009009
1006 0.045045044
12528 0.009009009
11635 0.018018018
12020 0.009009009
884 0.018018018
5237 0.009009009
11512 0.027027028
19581 0.009009009
6654 0.009009009
