5893 0.027027028
16390 0.0033783785
10246 0.0033783785
16396 0.006756757
15629 0.0033783785
10767 0.006756757
8468 0.0033783785
5396 0.14864865
278 0.0033783785
22294 0.013513514
19736 0.010135135
4635 0.0472973
16669 0.0033783785
31 0.0033783785
18208 0.0033783785
18464 0.006756757
9250 0.010135135
20516 0.0033783785
1829 0.0033783785
10025 0.006756757
298 0.0033783785
15662 0.0033783785
22064 0.0033783785
20020 0.0033783785
311 0.006756757
21305 0.0033783785
14650 0.0033783785
1851 0.0033783785
13885 0.0033783785
18239 0.0033783785
11073 0.0033783785
13380 0.0033783785
10821 0.006756757
18758 0.006756757
4169 0.0033783785
15690 0.0033783785
20554 0.0033783785
2638 0.0033783785
10321 0.0033783785
15699 0.0033783785
15193 0.0033783785
13659 0.0033783785
1376 0.0033783785
10083 0.0033783785
6243 0.010135135
3430 0.0033783785
5990 0.0033783785
10344 0.0033783785
13160 0.0033783785
15209 0.0033783785
3950 0.006756757
18800 0.0033783785
884 0.0033783785
10868 0.006756757
18298 0.0033783785
19581 0.016891891
5502 0.0033783785
11905 0.0033783785
8070 0.0033783785
9862 0.010135135
20360 0.0033783785
6286 0.006756757
8592 0.0033783785
17553 0.0033783785
9361 0.0033783785
10897 0.0033783785
10388 0.0033783785
8342 0.0033783785
8343 0.0033783785
8088 0.0033783785
19865 0.013513514
18075 0.0033783785
5025 0.0033783785
6570 0.0033783785
6828 0.0033783785
19886 0.010135135
3505 0.0033783785
14514 0.0033783785
20405 0.016891891
6325 0.030405406
14269 0.0033783785
12993 0.0033783785
5825 0.013513514
3268 0.0033783785
1482 0.02364865
11215 0.0033783785
9935 0.0033783785
1488 0.02364865
10451 0.04054054
20696 0.050675675
5849 0.0033783785
21465 0.006756757
6364 0.0033783785
13532 0.006756757
18148 0.0033783785
5861 0.0033783785
20453 0.0033783785
5349 0.006756757
18414 0.0033783785
1006 0.0033783785
12016 0.0033783785
10993 0.0033783785
241 0.0033783785
2292 0.0033783785
11512 0.0777027
1531 0.0033783785
3323 0.013513514
10492 0.0033783785
18429 0.0033783785
6654 0.0033783785
19199 0.006756757
3839 0.037162162
