3842 0.0035714286
4100 0.0035714286
5893 0.007142857
10246 0.014285714
16390 0.017857144
16396 0.0035714286
5900 0.007142857
2061 0.0035714286
10767 0.0035714286
10512 0.0035714286
22035 0.0035714286
8724 0.0035714286
8468 0.0035714286
5396 0.014285714
278 0.0035714286
19736 0.014285714
3097 0.0035714286
4635 0.007142857
10780 0.0035714286
6688 0.0035714286
13345 0.0035714286
9250 0.0035714286
38 0.010714286
4647 0.0035714286
10025 0.0035714286
2602 0.0035714286
13610 0.007142857
18731 0.007142857
10284 0.010714286
8237 0.0035714286
13613 0.007142857
18222 0.0035714286
19249 0.0035714286
5170 0.0035714286
10546 0.010714286
22067 0.0035714286
311 0.0035714286
15422 0.0035714286
11327 0.007142857
11073 0.010714286
9538 0.0035714286
8260 0.007142857
18758 0.007142857
4934 0.014285714
21063 0.0035714286
8263 0.0035714286
12871 0.010714286
7752 0.0035714286
18251 0.025
20813 0.007142857
16463 0.0035714286
20309 0.0035714286
11350 0.0035714286
15446 0.007142857
18263 0.007142857
14173 0.0035714286
9310 0.010714286
6239 0.0035714286
13920 0.0035714286
21345 0.007142857
16481 0.007142857
3430 0.0035714286
2662 0.0035714286
14705 0.0035714286
19569 0.007142857
5236 0.0035714286
884 0.014285714
5237 0.0035714286
10101 0.007142857
12664 0.0035714286
14461 0.0035714286
19581 0.025
21632 0.0035714286
2176 0.0035714286
11396 0.0035714286
18566 0.0035714286
9862 0.028571429
12424 0.0035714286
5000 0.0035714286
19594 0.0035714286
20367 0.0035714286
400 0.0035714286
10896 0.0035714286
17553 0.007142857
10897 0.025
11925 0.0035714286
6806 0.0035714286
8343 0.017857144
10649 0.007142857
21403 0.0035714286
11932 0.0035714286
20127 0.0035714286
16543 0.010714286
3745 0.014285714
18340 0.0035714286
7333 0.0035714286
7847 0.0035714286
10152 0.0035714286
8111 0.0035714286
8368 0.007142857
9393 0.0035714286
8371 0.0035714286
20405 0.014285714
4023 0.0035714286
18872 0.0035714286
12472 0.0035714286
15034 0.010714286
6588 0.0035714286
14525 0.0035714286
18882 0.0035714286
10691 0.010714286
3268 0.0035714286
9157 0.0035714286
16582 0.0035714286
2758 0.0035714286
13255 0.0035714286
5834 0.0035714286
10699 0.0035714286
13775 0.0035714286
20176 0.0035714286
19408 0.010714286
13521 0.0035714286
10451 0.035714287
20696 0.025
14554 0.0035714286
17114 0.0035714286
12765 0.0035714286
4063 0.0035714286
4319 0.021428572
5859 0.0035714286
6116 0.010714286
5861 0.0035714286
20453 0.0035714286
15592 0.0035714286
6888 0.0035714286
4329 0.0035714286
14314 0.0035714286
235 0.0035714286
1006 0.017857144
13044 0.0035714286
6646 0.0035714286
11512 0.035714287
14585 0.0035714286
3323 0.0035714286
12286 0.007142857
13566 0.014285714
2303 0.0035714286
18431 0.0035714286
