4100 0.0030864198
8709 0.0030864198
5893 0.0061728396
10246 0.0030864198
16390 0.012345679
15624 0.0030864198
16396 0.0030864198
17935 0.0061728396
21264 0.0030864198
8208 0.0030864198
18706 0.0030864198
13587 0.0030864198
8724 0.0030864198
14100 0.0030864198
2836 0.0061728396
13844 0.0061728396
2327 0.0030864198
12823 0.0030864198
19736 0.015432099
4635 0.021604938
3104 0.0030864198
13857 0.0030864198
9250 0.0061728396
11298 0.015432099
6435 0.009259259
4903 0.0061728396
6952 0.030864198
6444 0.0030864198
13613 0.015432099
14394 0.0030864198
20538 0.0030864198
14650 0.012345679
15422 0.0030864198
6206 0.0030864198
18239 0.009259259
11073 0.0030864198
1858 0.0061728396
10821 0.012345679
18758 0.0030864198
6215 0.0061728396
12871 0.0061728396
8263 0.0061728396
7752 0.009259259
18251 0.0030864198
2380 0.0030864198
10065 0.0030864198
18769 0.0030864198
21588 0.012345679
18263 0.012345679
13659 0.0061728396
10334 0.0030864198
6239 0.0030864198
13919 0.009259259
18528 0.0030864198
16481 0.012345679
7265 0.07098766
3430 0.0030864198
2662 0.009259259
3943 0.0030864198
14185 0.0061728396
14442 0.0030864198
4714 0.0030864198
4971 0.0030864198
9839 0.0030864198
13426 0.0061728396
11635 0.0030864198
19062 0.0030864198
21110 0.0030864198
12664 0.0030864198
19581 0.012345679
21632 0.0030864198
8832 0.0030864198
13186 0.0030864198
16003 0.033950616
11396 0.0030864198
9862 0.043209877
19849 0.0030864198
6286 0.0030864198
17294 0.009259259
8592 0.0030864198
20624 0.0061728396
18064 0.009259259
10897 0.018518519
15509 0.0030864198
11925 0.0061728396
20630 0.0061728396
150 0.0030864198
8855 0.0030864198
8343 0.0061728396
11419 0.0030864198
21403 0.0061728396
11932 0.0030864198
4509 0.0030864198
18077 0.0030864198
4510 0.0030864198
13983 0.0061728396
3745 0.009259259
8355 0.0030864198
2473 0.0030864198
12205 0.0030864198
9393 0.009259259
14515 0.0030864198
20405 0.030864198
12470 0.0030864198
19126 0.009259259
14520 0.0030864198
12734 0.0030864198
21696 0.012345679
19137 0.0030864198
3522 0.0030864198
10691 0.0030864198
20421 0.0030864198
16582 0.0061728396
2758 0.0061728396
7110 0.0061728396
8140 0.0030864198
13260 0.0030864198
718 0.0030864198
18127 0.0030864198
13521 0.0030864198
10451 0.018518519
6359 0.0061728396
20696 0.009259259
1754 0.0061728396
22235 0.0030864198
6364 0.0030864198
14300 0.0061728396
21729 0.0030864198
5349 0.0030864198
20453 0.0030864198
8422 0.0030864198
999 0.0030864198
17896 0.0030864198
21483 0.0030864198
17388 0.0030864198
748 0.0030864198
15854 0.0030864198
1006 0.0030864198
241 0.0030864198
20723 0.0030864198
16886 0.0030864198
11512 0.049382716
5631 0.0030864198
6143 0.012345679
