21632 0.0057803467
10246 0.011560693
9862 0.023121387
15629 0.0057803467
2061 0.011560693
17294 0.0057803467
3982 0.0057803467
20751 0.0057803467
7312 0.011560693
10897 0.028901733
8724 0.0057803467
5396 0.0057803467
19736 0.011560693
6425 0.0057803467
4635 0.011560693
11932 0.011560693
2973 0.0057803467
6688 0.0057803467
3745 0.0057803467
11298 0.0057803467
18211 0.011560693
2854 0.011560693
6952 0.011560693
6828 0.0057803467
10284 0.011560693
13613 0.0057803467
19886 0.011560693
22064 0.0057803467
10417 0.0057803467
10546 0.0057803467
6836 0.0057803467
2356 0.0057803467
21556 0.0057803467
20405 0.011560693
14903 0.0057803467
311 0.011560693
11193 0.011560693
14650 0.011560693
11327 0.0057803467
5825 0.0057803467
1858 0.011560693
16582 0.0057803467
12871 0.0057803467
8263 0.0057803467
7881 0.0057803467
18251 0.098265894
1488 0.0057803467
13521 0.0057803467
10451 0.046242774
7381 0.01734104
16471 0.0057803467
18263 0.011560693
20696 0.023121387
21465 0.0057803467
7642 0.0057803467
20446 0.0057803467
6623 0.011560693
4319 0.08092485
14048 0.0057803467
16481 0.0057803467
21345 0.0057803467
20579 0.0057803467
6116 0.0057803467
8548 0.0057803467
100 0.0057803467
7654 0.0057803467
1254 0.0057803467
3430 0.011560693
2791 0.0057803467
13160 0.0057803467
2413 0.0057803467
11504 0.0057803467
12016 0.01734104
15218 0.023121387
12020 0.0057803467
19192 0.0057803467
11512 0.057803467
2041 0.0057803467
3323 0.040462427
19581 0.028901733
12286 0.0057803467
3839 0.0057803467
