21632 0.005376344
8194 0.005376344
9605 0.005376344
8709 0.010752688
5893 0.010752688
8070 0.005376344
9478 0.005376344
10246 0.010752688
3855 0.005376344
17935 0.005376344
10767 0.005376344
7567 0.016129032
10896 0.005376344
10897 0.02688172
275 0.048387095
8724 0.005376344
13844 0.005376344
8343 0.010752688
19736 0.016129032
10649 0.005376344
18586 0.005376344
4635 0.005376344
10651 0.005376344
10780 0.005376344
13855 0.005376344
8095 0.005376344
3745 0.005376344
2340 0.005376344
21541 0.005376344
8743 0.010752688
298 0.005376344
18731 0.010752688
13613 0.005376344
15662 0.005376344
19886 0.016129032
6704 0.005376344
20020 0.005376344
20405 0.016129032
21813 0.02688172
9015 0.010752688
16058 0.005376344
3130 0.15053764
6588 0.010752688
11327 0.005376344
18239 0.010752688
16064 0.005376344
14144 0.005376344
4416 0.005376344
10821 0.005376344
16582 0.005376344
12871 0.005376344
8263 0.005376344
18378 0.005376344
21194 0.005376344
18251 0.043010753
19917 0.005376344
20813 0.010752688
13521 0.005376344
10065 0.005376344
3922 0.005376344
3154 0.005376344
7251 0.005376344
10451 0.032258064
4052 0.005376344
20309 0.005376344
11478 0.005376344
18263 0.005376344
3288 0.005376344
20696 0.010752688
4314 0.005376344
3419 0.005376344
9183 0.010752688
4319 0.032258064
16736 0.005376344
16481 0.005376344
21345 0.005376344
20579 0.010752688
17252 0.005376344
20453 0.005376344
5349 0.005376344
3430 0.02688172
11241 0.005376344
13929 0.010752688
874 0.005376344
21872 0.005376344
8433 0.005376344
884 0.010752688
5237 0.005376344
11512 0.043010753
22268 0.005376344
12413 0.005376344
19581 0.005376344
