21632 0.0068965517
18433 0.0068965517
4100 0.0068965517
5893 0.0068965517
8070 0.0068965517
9862 0.027586207
17415 0.0068965517
21514 0.0068965517
3339 0.0068965517
141 0.0068965517
17294 0.0068965517
7567 0.0068965517
11151 0.0068965517
6032 0.03448276
10897 0.027586207
8724 0.0068965517
2836 0.020689655
150 0.0068965517
7830 0.013793103
8090 0.0068965517
5019 0.0068965517
4635 0.0068965517
11932 0.020689655
2204 0.027586207
4509 0.013793103
3745 0.0068965517
11298 0.020689655
8355 0.0068965517
12325 0.0068965517
2473 0.013793103
12329 0.0068965517
13613 0.013793103
8368 0.048275862
9139 0.04137931
20405 0.020689655
8374 0.0068965517
14650 0.0068965517
8890 0.0068965517
1596 0.0068965517
18239 0.013793103
13377 0.0068965517
19137 0.0068965517
963 0.0068965517
17476 0.0068965517
15429 0.0068965517
2502 0.0068965517
16582 0.027586207
12871 0.0068965517
8263 0.0068965517
10442 0.0068965517
3530 0.0068965517
18251 0.0068965517
14028 0.0068965517
13521 0.0068965517
21841 0.0068965517
9810 0.0068965517
10451 0.027586207
21588 0.013793103
9685 0.0068965517
18263 0.04137931
3290 0.0068965517
7642 0.0068965517
14173 0.0068965517
12765 0.0068965517
4958 0.0068965517
6623 0.0068965517
7265 0.0068965517
16481 0.020689655
7012 0.0068965517
9061 0.0068965517
18021 0.013793103
5349 0.013793103
3430 0.0068965517
6886 0.013793103
874 0.0068965517
9836 0.0068965517
1006 0.013793103
12016 0.013793103
13426 0.013793103
12915 0.0068965517
884 0.013793103
14584 0.0068965517
11512 0.027586207
19581 0.0068965517
