5893 0.011857707
10246 0.0039525693
16390 0.007905139
17415 0.0039525693
13576 0.0039525693
5900 0.0039525693
14863 0.0039525693
10767 0.007905139
15120 0.0039525693
8724 0.0039525693
8468 0.0039525693
13844 0.0039525693
19736 0.007905139
9250 0.015810277
17959 0.0039525693
298 0.0039525693
2602 0.007905139
13613 0.0039525693
3630 0.0039525693
18991 0.0039525693
22064 0.0039525693
10546 0.007905139
21813 0.011857707
21558 0.0039525693
4665 0.0039525693
14650 0.007905139
11327 0.0039525693
18239 0.007905139
1858 0.011857707
17476 0.0039525693
10821 0.007905139
12871 0.0039525693
8263 0.007905139
4682 0.0039525693
18251 0.0039525693
13132 0.007905139
11598 0.0039525693
14158 0.0039525693
11599 0.0039525693
9810 0.0039525693
15187 0.0039525693
18263 0.019762846
11607 0.03952569
13659 0.0039525693
9310 0.0039525693
6239 0.0039525693
16481 0.0039525693
20579 0.0039525693
10083 0.0039525693
13929 0.015810277
8811 0.0039525693
14443 0.0039525693
10094 0.0039525693
18543 0.0039525693
11121 0.0039525693
9073 0.007905139
884 0.011857707
21621 0.007905139
1404 0.0039525693
18812 0.023715414
19581 0.023715414
21632 0.0039525693
5762 0.0039525693
7567 0.0039525693
5007 0.0039525693
10896 0.0039525693
8592 0.0039525693
17553 0.0039525693
10897 0.007905139
20883 0.09486166
15252 0.007905139
150 0.0039525693
8343 0.007905139
13722 0.0039525693
5019 0.0039525693
8097 0.0039525693
3745 0.011857707
15528 0.0039525693
8616 0.0039525693
20648 0.007905139
7082 0.0039525693
4531 0.0039525693
20405 0.019762846
19127 0.0039525693
12734 0.0039525693
16064 0.0039525693
21696 0.0039525693
18369 0.011857707
4290 0.0039525693
3522 0.0039525693
13251 0.0039525693
10691 0.011857707
3268 0.011857707
16582 0.0039525693
2758 0.0039525693
13255 0.019762846
18378 0.05928854
5068 0.0039525693
13260 0.0039525693
19917 0.0039525693
11215 0.0039525693
13521 0.0039525693
14803 0.0039525693
10451 0.027667984
10196 0.0039525693
17366 0.0039525693
20696 0.0039525693
17114 0.0039525693
12771 0.015810277
6116 0.011857707
5349 0.0039525693
20453 0.007905139
16871 0.0039525693
2791 0.0039525693
21483 0.0039525693
14060 0.0039525693
16621 0.0039525693
1006 0.011857707
11504 0.0039525693
12016 0.007905139
241 0.0039525693
12020 0.0039525693
2292 0.0039525693
9719 0.0039525693
11512 0.027667984
6141 0.0039525693
