21632 0.006024096
6787 0.006024096
8836 0.030120483
5893 0.006024096
18054 0.006024096
9862 0.12048193
17415 0.030120483
6286 0.006024096
10767 0.006024096
6032 0.012048192
10897 0.012048192
20883 0.006024096
8724 0.006024096
19224 0.006024096
19736 0.006024096
3097 0.006024096
5786 0.084337346
4635 0.006024096
11932 0.006024096
21278 0.012048192
3745 0.006024096
9250 0.006024096
3491 0.006024096
10409 0.012048192
5290 0.006024096
298 0.012048192
8111 0.006024096
9903 0.006024096
10546 0.012048192
13491 0.006024096
9141 0.006024096
20405 0.012048192
13109 0.012048192
14650 0.006024096
16064 0.012048192
18369 0.006024096
10691 0.006024096
16582 0.006024096
12871 0.012048192
8263 0.018072288
5192 0.006024096
2632 0.006024096
18251 0.006024096
19917 0.006024096
11598 0.006024096
13521 0.006024096
3922 0.006024096
10451 0.012048192
20437 0.006024096
19286 0.006024096
18263 0.09638554
9689 0.006024096
3419 0.006024096
14045 0.006024096
12765 0.006024096
6623 0.006024096
9441 0.006024096
18401 0.006024096
16481 0.012048192
21345 0.018072288
10083 0.012048192
20579 0.018072288
12645 0.006024096
20453 0.012048192
5990 0.006024096
3430 0.006024096
19688 0.006024096
4202 0.012048192
19183 0.006024096
21872 0.006024096
13426 0.006024096
11635 0.024096385
884 0.018072288
21621 0.006024096
11512 0.042168673
14585 0.006024096
15484 0.006024096
6143 0.012048192
