7680 0.003649635
16385 0.03649635
4099 0.003649635
5892 0.003649635
5893 0.00729927
17415 0.003649635
2312 0.025547445
7434 0.003649635
4108 0.003649635
5900 0.003649635
15629 0.003649635
2061 0.003649635
7182 0.00729927
10767 0.00729927
272 0.003649635
8208 0.01459854
8724 0.003649635
19736 0.003649635
17945 0.003649635
19737 0.003649635
795 0.00729927
15389 0.003649635
9250 0.00729927
8743 0.003649635
13613 0.00729927
11822 0.003649635
15152 0.003649635
22064 0.00729927
20020 0.00729927
14650 0.00729927
8251 0.003649635
14653 0.003649635
18239 0.010948905
10817 0.003649635
11073 0.003649635
3395 0.003649635
10821 0.010948905
15430 0.00729927
18758 0.00729927
12871 0.010948905
4169 0.00729927
18251 0.03649635
16717 0.003649635
10831 0.003649635
2897 0.003649635
9810 0.010948905
21588 0.003649635
18263 0.00729927
4698 0.00729927
8795 0.00729927
15196 0.01459854
15966 0.003649635
20832 0.003649635
1376 0.00729927
16481 0.003649635
97 0.003649635
874 0.003649635
21610 0.00729927
8561 0.00729927
13426 0.00729927
2674 0.00729927
11635 0.003649635
884 0.003649635
7292 0.003649635
14204 0.003649635
19581 0.02189781
3711 0.003649635
21632 0.003649635
3969 0.003649635
2690 0.00729927
11141 0.02189781
9862 0.00729927
9356 0.003649635
20367 0.003649635
20624 0.003649635
9361 0.00729927
10897 0.025547445
2965 0.003649635
7830 0.00729927
8343 0.01459854
19865 0.003649635
11932 0.003649635
11934 0.003649635
13983 0.003649635
1439 0.003649635
3745 0.003649635
2467 0.003649635
7333 0.003649635
7077 0.003649635
11431 0.003649635
20648 0.003649635
19886 0.00729927
9903 0.00729927
10417 0.003649635
14515 0.018248174
20405 0.01459854
11447 0.00729927
6588 0.010948905
6336 0.003649635
5825 0.018248174
10691 0.003649635
9157 0.003649635
16582 0.003649635
2758 0.00729927
19917 0.003649635
14798 0.00729927
13521 0.003649635
10451 0.02189781
20696 0.00729927
6623 0.00729927
4319 0.025547445
2022 0.003649635
6886 0.010948905
2791 0.003649635
8937 0.00729927
16618 0.003649635
18410 0.003649635
20203 0.003649635
1006 0.047445256
19183 0.003649635
22000 0.003649635
12016 0.00729927
14066 0.003649635
18677 0.00729927
15606 0.003649635
15608 0.003649635
11512 0.05109489
22009 0.003649635
6654 0.003649635
6143 0.010948905
