19712 0.0031948881
8194 0.0031948881
5122 0.0031948881
8709 0.0031948881
517 0.0031948881
5893 0.028753994
1030 0.0031948881
519 0.009584664
10248 0.0031948881
9480 0.0031948881
15624 0.009584664
16396 0.009584664
10767 0.0031948881
8724 0.0031948881
13844 0.0063897762
12055 0.0031948881
5911 0.0031948881
16408 0.0031948881
19736 0.0063897762
4635 0.0031948881
13855 0.0063897762
6688 0.0063897762
11298 0.0031948881
38 0.0063897762
6952 0.0031948881
17196 0.0031948881
10284 0.022364218
18222 0.0031948881
15662 0.0031948881
14129 0.0031948881
21813 0.0063897762
14650 0.0127795525
4923 0.0031948881
11327 0.0031948881
319 0.009584664
18239 0.022364218
8000 0.0031948881
19268 0.0031948881
18758 0.0031948881
4934 0.0031948881
8263 0.0031948881
12871 0.0063897762
18251 0.0543131
20813 0.0031948881
3407 0.009584664
20821 0.0031948881
11607 0.0031948881
10331 0.0031948881
11611 0.0031948881
3419 0.0031948881
13659 0.0063897762
16481 0.0031948881
7265 0.0063897762
10083 0.0031948881
1635 0.0031948881
8805 0.0031948881
12646 0.0031948881
3430 0.0031948881
14438 0.0031948881
5990 0.009584664
2662 0.022364218
8297 0.0031948881
4714 0.0063897762
20846 0.0031948881
11121 0.0031948881
2674 0.0031948881
11635 0.0031948881
5236 0.0031948881
884 0.0031948881
21621 0.009584664
12918 0.0031948881
19062 0.0063897762
19581 0.031948883
21632 0.0031948881
16003 0.028753994
11141 0.0031948881
9862 0.0031948881
19594 0.0031948881
10896 0.0031948881
9361 0.0031948881
10897 0.009584664
150 0.0031948881
8855 0.009584664
8343 0.009584664
5019 0.0031948881
11932 0.022364218
17053 0.0031948881
1950 0.0031948881
3745 0.0031948881
20648 0.0031948881
19886 0.0063897762
14768 0.0031948881
20402 0.0031948881
9139 0.0031948881
8371 0.0063897762
14515 0.028753994
20405 0.009584664
17846 0.0031948881
11447 0.0031948881
4286 0.0031948881
21696 0.0031948881
3520 0.0031948881
16064 0.009584664
1473 0.0031948881
5825 0.0063897762
10691 0.0063897762
19907 0.009584664
16582 0.0031948881
7110 0.0063897762
1737 0.009584664
19917 0.0031948881
13521 0.0031948881
10451 0.019169329
7381 0.044728436
17366 0.0063897762
20696 0.009584664
11482 0.0031948881
731 0.0031948881
5083 0.0063897762
6623 0.0063897762
4319 0.044728436
6368 0.0031948881
13538 0.0031948881
8163 0.0031948881
6116 0.0031948881
5861 0.0031948881
20453 0.0031948881
17900 0.0031948881
11757 0.0031948881
18414 0.0031948881
1006 0.0031948881
12016 0.0031948881
14324 0.0031948881
14838 0.019169329
14584 0.0031948881
11512 0.044728436
3323 0.0031948881
6143 0.0063897762
