3328 0.003773585
8193 0.003773585
9987 0.003773585
9988 0.003773585
5892 0.00754717
5893 0.00754717
1542 0.003773585
21511 0.00754717
16394 0.003773585
10763 0.003773585
4108 0.00754717
5900 0.00754717
10767 0.003773585
15120 0.003773585
8724 0.003773585
13844 0.011320755
19736 0.003773585
4635 0.011320755
10780 0.00754717
12321 0.003773585
13857 0.003773585
3106 0.003773585
6435 0.003773585
21541 0.00754717
17705 0.003773585
13613 0.003773585
4141 0.00754717
13870 0.02264151
7474 0.003773585
10546 0.003773585
9778 0.00754717
20020 0.003773585
12090 0.003773585
14650 0.011320755
60 0.003773585
15677 0.003773585
11327 0.00754717
18239 0.011320755
1858 0.003773585
17476 0.003773585
12871 0.003773585
6215 0.003773585
8263 0.003773585
18251 0.033962265
21325 0.00754717
7246 0.003773585
10321 0.003773585
21841 0.003773585
15187 0.003773585
8021 0.00754717
9813 0.011320755
16471 0.003773585
18263 0.01509434
16984 0.003773585
1370 0.003773585
20315 0.01509434
20318 0.003773585
16481 0.003773585
21345 0.003773585
10083 0.003773585
20579 0.003773585
6505 0.003773585
4206 0.003773585
1391 0.003773585
6769 0.003773585
11635 0.003773585
884 0.03018868
21621 0.00754717
21109 0.018867925
19581 0.01509434
21632 0.003773585
3456 0.00754717
3969 0.003773585
11141 0.003773585
9862 0.003773585
16519 0.011320755
9867 0.003773585
7820 0.003773585
17553 0.003773585
10897 0.018867925
150 0.003773585
9111 0.00754717
8343 0.00754717
13210 0.003773585
20891 0.003773585
11932 0.018867925
3745 0.003773585
8097 0.03018868
10409 0.003773585
12205 0.00754717
8368 0.018867925
6578 0.011320755
14515 0.041509435
18868 0.003773585
20405 0.011320755
17846 0.003773585
185 0.003773585
3261 0.003773585
12734 0.003773585
9666 0.003773585
10691 0.00754717
16582 0.003773585
15049 0.003773585
21194 0.003773585
462 0.003773585
12495 0.003773585
13521 0.003773585
10451 0.01509434
9685 0.003773585
11734 0.003773585
20438 0.00754717
3288 0.003773585
14556 0.003773585
13532 0.003773585
21470 0.003773585
17887 0.003773585
6623 0.00754717
4319 0.03018868
20453 0.003773585
1253 0.003773585
7402 0.003773585
5355 0.003773585
14060 0.003773585
1006 0.02264151
6895 0.003773585
9973 0.003773585
11512 0.06792453
15610 0.011320755
14587 0.003773585
7421 0.003773585
13566 0.003773585
6143 0.00754717
