15362 0.0027472528
8194 0.0027472528
4100 0.0027472528
5892 0.0054945056
5893 0.0027472528
10246 0.0054945056
9227 0.0027472528
10763 0.0054945056
15629 0.008241759
1806 0.010989011
3087 0.0027472528
15120 0.0027472528
6160 0.008241759
14611 0.0054945056
13844 0.0027472528
5396 0.0027472528
22294 0.0054945056
19736 0.013736264
16409 0.0027472528
18459 0.0027472528
4635 0.013736264
21532 0.010989011
21277 0.0054945056
12321 0.0027472528
9250 0.010989011
38 0.0027472528
4136 0.0027472528
6952 0.0054945056
16682 0.0054945056
18731 0.0027472528
14891 0.0027472528
17196 0.0027472528
13613 0.0027472528
8497 0.0027472528
21297 0.010989011
10546 0.0027472528
8243 0.0027472528
2356 0.0027472528
13876 0.0027472528
11060 0.010989011
21813 0.013736264
311 0.0027472528
3130 0.0027472528
14650 0.013736264
8254 0.0054945056
319 0.0027472528
11327 0.010989011
18239 0.013736264
4416 0.0027472528
11073 0.0027472528
8001 0.0054945056
10307 0.0027472528
10821 0.016483517
14668 0.0054945056
16717 0.0027472528
13393 0.0027472528
10065 0.0027472528
8021 0.0027472528
18263 0.0054945056
1368 0.0027472528
1627 0.0027472528
20315 0.0027472528
16736 0.021978023
7265 0.0054945056
10083 0.0027472528
3430 0.0027472528
2662 0.0027472528
5735 0.0054945056
13160 0.0027472528
3950 0.06043956
10095 0.0027472528
10353 0.0027472528
884 0.008241759
19062 0.0027472528
21883 0.0027472528
19581 0.008241759
16003 0.0027472528
8581 0.0027472528
9862 0.010989011
20360 0.0027472528
12937 0.0027472528
18316 0.0027472528
4237 0.0027472528
5774 0.0027472528
11151 0.0027472528
7312 0.0027472528
17553 0.0027472528
913 0.0054945056
3730 0.0027472528
15765 0.0027472528
10901 0.0027472528
150 0.0054945056
7830 0.0054945056
8343 0.013736264
18328 0.0054945056
11932 0.010989011
4510 0.0027472528
2975 0.0027472528
5287 0.0027472528
7082 0.0054945056
2731 0.0027472528
19886 0.008241759
431 0.0027472528
9136 0.0027472528
10417 0.0027472528
8371 0.0027472528
14515 0.0027472528
20404 0.0027472528
20405 0.01923077
18872 0.008241759
4025 0.0027472528
8890 0.0027472528
16058 0.024725275
19137 0.0027472528
15042 0.0027472528
10691 0.0054945056
9157 0.0027472528
16582 0.0027472528
14022 0.016483517
21703 0.0027472528
9160 0.0027472528
16841 0.0054945056
1482 0.0054945056
17355 0.0027472528
19917 0.0027472528
462 0.0027472528
11215 0.0027472528
1488 0.0027472528
10451 0.04945055
3284 0.0027472528
20437 0.0027472528
15831 0.0027472528
20696 0.0054945056
4825 0.0027472528
217 0.0027472528
5083 0.0027472528
13532 0.0027472528
6623 0.01923077
12512 0.0027472528
18148 0.0027472528
6116 0.010989011
20453 0.0027472528
5349 0.008241759
6886 0.0027472528
2791 0.0027472528
20712 0.010989011
747 0.0027472528
18414 0.0027472528
1006 0.010989011
12016 0.0027472528
20723 0.0054945056
1780 0.008241759
7669 0.0027472528
13304 0.0027472528
7160 0.0027472528
11512 0.041208792
2041 0.008241759
3323 0.0027472528
10492 0.0027472528
6141 0.0027472528
6654 0.0027472528
6143 0.0027472528
3839 0.03846154
