20992 0.003508772
19712 0.010526316
8193 0.003508772
2049 0.003508772
5893 0.007017544
3079 0.003508772
5387 0.003508772
5900 0.003508772
2061 0.003508772
20751 0.007017544
8208 0.003508772
11538 0.031578947
8724 0.003508772
3352 0.003508772
19736 0.003508772
4635 0.007017544
13855 0.003508772
13345 0.003508772
9250 0.003508772
11298 0.007017544
18214 0.003508772
20262 0.003508772
2854 0.003508772
38 0.010526316
10284 0.003508772
13613 0.003508772
15662 0.003508772
22064 0.003508772
15922 0.003508772
10546 0.003508772
21045 0.003508772
14650 0.007017544
19519 0.003508772
11327 0.003508772
1858 0.014035088
5957 0.003508772
10821 0.003508772
12871 0.003508772
8263 0.003508772
4169 0.003508772
18251 0.045614034
11855 0.003508772
4176 0.003508772
19542 0.007017544
11607 0.003508772
18263 0.010526316
1627 0.003508772
6239 0.003508772
1376 0.003508772
16736 0.007017544
16481 0.003508772
21345 0.003508772
7265 0.024561403
20579 0.007017544
17252 0.003508772
14692 0.003508772
3430 0.007017544
8297 0.007017544
18544 0.003508772
3697 0.06315789
2674 0.007017544
19062 0.003508772
19581 0.028070176
3199 0.003508772
21632 0.003508772
7810 0.003508772
16003 0.056140352
11141 0.003508772
9862 0.021052632
18064 0.007017544
17553 0.003508772
10897 0.028070176
3220 0.003508772
11925 0.003508772
2197 0.007017544
11672 0.007017544
10651 0.003508772
21403 0.003508772
11932 0.031578947
13983 0.003508772
3745 0.003508772
3491 0.003508772
7331 0.003508772
13480 0.003508772
9387 0.003508772
9139 0.003508772
14515 0.045614034
20405 0.014035088
20150 0.003508772
19127 0.003508772
18872 0.024561403
5825 0.010526316
3522 0.003508772
1732 0.003508772
16582 0.007017544
2758 0.010526316
1224 0.003508772
462 0.003508772
1488 0.003508772
13521 0.003508772
10451 0.010526316
20437 0.003508772
7642 0.003508772
5083 0.003508772
731 0.003508772
4319 0.038596492
3300 0.003508772
11236 0.003508772
6116 0.007017544
5349 0.007017544
20712 0.003508772
7914 0.003508772
1006 0.007017544
19183 0.007017544
1007 0.010526316
12016 0.003508772
16625 0.003508772
20209 0.003508772
10994 0.010526316
20723 0.007017544
14838 0.003508772
11512 0.024561403
18428 0.003508772
19711 0.003508772
