9988 0.0036231885
5893 0.036231883
19718 0.007246377
10246 0.014492754
10250 0.0036231885
9227 0.054347824
6924 0.0036231885
19216 0.010869565
8724 0.0036231885
16408 0.0036231885
19736 0.014492754
7449 0.0036231885
4635 0.0036231885
16926 0.0036231885
31 0.0036231885
6688 0.007246377
11298 0.0036231885
9250 0.0036231885
16935 0.0036231885
4647 0.0036231885
1837 0.0036231885
13613 0.0036231885
14650 0.0036231885
3130 0.0036231885
16445 0.0036231885
11327 0.0036231885
10817 0.0036231885
19011 0.0036231885
12871 0.0036231885
18251 0.04710145
21076 0.0036231885
15446 0.0036231885
11350 0.010869565
18263 0.010869565
20571 0.0036231885
347 0.007246377
19805 0.0036231885
8797 0.0036231885
6239 0.0036231885
16736 0.014492754
16481 0.0036231885
20579 0.0036231885
3430 0.010869565
13929 0.010869565
17262 0.0036231885
7022 0.0036231885
15472 0.0036231885
8561 0.0036231885
11635 0.0036231885
884 0.010869565
8569 0.0036231885
15484 0.0036231885
4477 0.0036231885
18557 0.0036231885
19581 0.02173913
3198 0.0036231885
21632 0.0036231885
6531 0.0036231885
644 0.0036231885
9862 0.018115941
16519 0.0036231885
20360 0.0036231885
1421 0.0036231885
6286 0.0036231885
7567 0.007246377
10896 0.0036231885
9617 0.0036231885
10897 0.028985508
4758 0.0036231885
8343 0.0036231885
21912 0.0036231885
22168 0.0036231885
21401 0.0036231885
13722 0.0036231885
5275 0.0036231885
11932 0.0036231885
3745 0.0036231885
14757 0.0036231885
12710 0.0036231885
2473 0.0036231885
2731 0.0036231885
19886 0.0036231885
9392 0.007246377
8368 0.018115941
8371 0.0036231885
20405 0.02173913
11445 0.025362318
20150 0.007246377
2231 0.010869565
1468 0.0036231885
9666 0.010869565
21698 0.007246377
10691 0.0036231885
3268 0.0036231885
9413 0.0036231885
13509 0.0036231885
16582 0.0036231885
2758 0.0036231885
17608 0.0036231885
19917 0.0036231885
3023 0.0036231885
13521 0.0036231885
3025 0.0036231885
1746 0.0036231885
10451 0.018115941
5077 0.0036231885
11734 0.0036231885
20696 0.010869565
9689 0.0036231885
14300 0.0036231885
4061 0.0036231885
12765 0.014492754
20959 0.014492754
4319 0.025362318
18401 0.0036231885
9188 0.0036231885
6116 0.007246377
20453 0.007246377
5349 0.007246377
6886 0.0036231885
7654 0.0036231885
6888 0.0036231885
11241 0.018115941
7914 0.010869565
20715 0.0036231885
18413 0.0036231885
1006 0.007246377
19695 0.0036231885
22000 0.0036231885
20723 0.0036231885
21236 0.0036231885
1527 0.0036231885
11512 0.054347824
2041 0.007246377
19962 0.0036231885
