3077 0.0032894737
5893 0.016447369
17415 0.0032894737
20745 0.016447369
5900 0.0032894737
18958 0.0032894737
8207 0.0032894737
10512 0.0032894737
18194 0.019736841
8724 0.0032894737
13844 0.016447369
22294 0.0065789474
19736 0.013157895
4635 0.0032894737
10780 0.0032894737
20256 0.0032894737
6688 0.0065789474
12836 0.0032894737
20516 0.0032894737
21541 0.009868421
2854 0.0032894737
8489 0.0032894737
13610 0.0032894737
18731 0.0032894737
8237 0.0032894737
13613 0.0032894737
20020 0.0032894737
21044 0.0065789474
14650 0.0032894737
22076 0.0032894737
10301 0.0032894737
8254 0.0032894737
17983 0.0032894737
11327 0.0065789474
18239 0.009868421
10817 0.0032894737
10821 0.0032894737
12871 0.0032894737
6215 0.0032894737
2119 0.0032894737
4169 0.0032894737
18251 0.049342107
16717 0.0032894737
10321 0.0032894737
21076 0.0032894737
84 0.0065789474
9813 0.0032894737
16471 0.0032894737
18263 0.013157895
16986 0.0032894737
11611 0.0032894737
13659 0.009868421
13919 0.0032894737
6239 0.0032894737
22112 0.0032894737
13664 0.0032894737
16481 0.0032894737
8545 0.016447369
20579 0.0032894737
17252 0.009868421
13159 0.0065789474
10344 0.0032894737
6510 0.0032894737
13426 0.0032894737
11635 0.013157895
884 0.016447369
21621 0.0032894737
14204 0.0032894737
19581 0.023026315
3199 0.0032894737
21632 0.0032894737
2690 0.0032894737
12677 0.0032894737
2693 0.0032894737
18054 0.0032894737
17290 0.0032894737
8843 0.0032894737
11148 0.016447369
10893 0.0032894737
1166 0.0032894737
3982 0.0032894737
6032 0.0032894737
10897 0.016447369
8343 0.009868421
13210 0.0065789474
21403 0.0032894737
5019 0.0032894737
11932 0.02631579
20638 0.0032894737
16032 0.0032894737
3745 0.0065789474
8097 0.023026315
20648 0.0032894737
4522 0.0065789474
4787 0.0032894737
14515 0.098684214
6836 0.0032894737
2740 0.0032894737
20405 0.019736841
17846 0.0032894737
6072 0.0032894737
11706 0.0032894737
5825 0.0065789474
4290 0.0032894737
16582 0.0032894737
2758 0.013157895
1224 0.0065789474
21194 0.0032894737
14798 0.0032894737
13775 0.0032894737
13521 0.0032894737
18385 0.0032894737
10451 0.009868421
1751 0.0032894737
20696 0.0032894737
18394 0.0032894737
14300 0.0032894737
5855 0.0032894737
6623 0.0032894737
4319 0.039473683
6368 0.0032894737
6116 0.0032894737
5861 0.0032894737
20453 0.0032894737
8422 0.0032894737
2791 0.0032894737
3306 0.0032894737
7914 0.0065789474
10222 0.0032894737
1006 0.0032894737
8175 0.0032894737
12016 0.0065789474
20723 0.0032894737
21752 0.0032894737
11512 0.029605264
14587 0.0032894737
21243 0.0032894737
19707 0.009868421
13566 0.023026315
5631 0.0032894737
