19712 0.0036764706
9476 0.0036764706
5893 0.029411765
10246 0.007352941
5900 0.0036764706
17679 0.0036764706
10767 0.014705882
8724 0.0036764706
7189 0.0036764706
19736 0.0036764706
4635 0.0036764706
14365 0.0036764706
2335 0.0036764706
9250 0.007352941
4644 0.0036764706
3876 0.0036764706
12325 0.0036764706
38 0.0036764706
4903 0.0036764706
4647 0.0036764706
4649 0.0036764706
4652 0.0036764706
13613 0.0036764706
14381 0.0036764706
8493 0.007352941
18991 0.0036764706
22064 0.0036764706
1072 0.014705882
11825 0.014705882
10546 0.007352941
4915 0.0036764706
5428 0.0036764706
311 0.0036764706
14650 0.007352941
18239 0.007352941
11073 0.007352941
12871 0.0036764706
2119 0.0036764706
8263 0.007352941
18251 0.033088237
14158 0.007352941
5455 0.0036764706
9813 0.0036764706
10326 0.0036764706
4694 0.018382354
16471 0.0036764706
13659 0.0036764706
20571 0.0036764706
11611 0.0036764706
13149 0.007352941
9310 0.0036764706
6239 0.0036764706
13919 0.007352941
1376 0.011029412
16481 0.0036764706
20065 0.0036764706
20579 0.007352941
7781 0.029411765
2662 0.0036764706
3430 0.007352941
5226 0.007352941
21872 0.007352941
13426 0.007352941
11635 0.0036764706
2676 0.0036764706
13176 0.011029412
6525 0.0036764706
19581 0.025735294
5246 0.0036764706
21632 0.0036764706
16003 0.033088237
8837 0.0036764706
11141 0.0036764706
9862 0.0036764706
3210 0.0036764706
8592 0.0036764706
10897 0.011029412
8851 0.033088237
8343 0.0036764706
13210 0.0036764706
11932 0.0036764706
3745 0.007352941
14757 0.0036764706
12710 0.007352941
21160 0.018382354
10417 0.0036764706
14514 0.0036764706
2226 0.0036764706
9139 0.0036764706
8371 0.007352941
11701 0.0036764706
20405 0.014705882
4789 0.022058824
6588 0.007352941
14784 0.0036764706
5825 0.014705882
3778 0.0036764706
14788 0.0036764706
16582 0.0036764706
10184 0.0036764706
718 0.0036764706
1488 0.0036764706
13521 0.0036764706
10451 0.022058824
7124 0.014705882
14806 0.0036764706
3288 0.007352941
21465 0.0036764706
4570 0.0036764706
4314 0.007352941
989 0.0036764706
4319 0.018382354
5859 0.025735294
6116 0.007352941
20453 0.0036764706
10983 0.0036764706
16871 0.014705882
2284 0.0036764706
8686 0.0036764706
18414 0.007352941
1006 0.018382354
6127 0.0036764706
12016 0.011029412
3058 0.007352941
14838 0.0036764706
16375 0.0036764706
11512 0.04411765
2041 0.0036764706
20218 0.0036764706
6143 0.007352941
