16390 0.0033783785
10246 0.010135135
5900 0.0033783785
16396 0.0033783785
17935 0.0033783785
19216 0.0033783785
8208 0.0033783785
15120 0.0033783785
8724 0.0033783785
1812 0.0033783785
8468 0.0033783785
8469 0.0033783785
6934 0.0033783785
2327 0.0033783785
19736 0.006756757
21786 0.0033783785
4635 0.0033783785
17179 0.0033783785
15900 0.0033783785
13343 0.0033783785
6688 0.0033783785
9250 0.0033783785
4903 0.0033783785
18731 0.0033783785
2605 0.0033783785
13613 0.006756757
10546 0.0033783785
21813 0.013513514
7479 0.0033783785
570 0.0033783785
14650 0.0033783785
828 0.0033783785
11327 0.0033783785
1858 0.013513514
10821 0.0033783785
18501 0.0033783785
18246 0.0033783785
18758 0.006756757
21063 0.0033783785
12871 0.0033783785
8263 0.006756757
15177 0.0033783785
18251 0.0033783785
16717 0.02027027
6222 0.013513514
16976 0.0033783785
10321 0.0033783785
8019 0.0033783785
11607 0.0033783785
18263 0.02364865
15960 0.0033783785
13659 0.010135135
15196 0.0033783785
14173 0.0033783785
6239 0.0033783785
13919 0.006756757
16736 0.010135135
7265 0.0033783785
16481 0.013513514
20579 0.006756757
2662 0.0033783785
3430 0.006756757
8297 0.006756757
13929 0.016891891
13675 0.0033783785
12142 0.033783782
9839 0.0033783785
21107 0.0033783785
884 0.006756757
14461 0.0033783785
19581 0.016891891
21632 0.0033783785
11141 0.006756757
9862 0.013513514
18311 0.006756757
4237 0.006756757
11151 0.0033783785
10896 0.0033783785
10897 0.013513514
20883 0.006756757
16533 0.0033783785
8085 0.006756757
7830 0.030405406
8343 0.010135135
15003 0.0033783785
10651 0.006756757
11932 0.006756757
4510 0.006756757
8097 0.0033783785
3745 0.006756757
8355 0.0033783785
13480 0.006756757
15528 0.006756757
7082 0.0033783785
2731 0.0033783785
21679 0.0033783785
10417 0.006756757
14514 0.0033783785
18613 0.0033783785
9141 0.0033783785
11701 0.0033783785
20405 0.027027028
19385 0.0033783785
6588 0.006756757
6336 0.0033783785
16064 0.0033783785
3522 0.006756757
16582 0.0033783785
2758 0.0033783785
13255 0.0033783785
5834 0.0033783785
3530 0.0033783785
18378 0.010135135
13260 0.0033783785
2765 0.04054054
13521 0.0033783785
10451 0.016891891
20438 0.006756757
3288 0.010135135
16345 0.0033783785
5083 0.0033783785
14300 0.010135135
10463 0.0033783785
4063 0.0033783785
6623 0.013513514
18914 0.0033783785
20453 0.0033783785
5349 0.010135135
6886 0.016891891
3306 0.006756757
15342 0.0033783785
1006 0.006756757
19183 0.0033783785
241 0.010135135
11254 0.0033783785
14838 0.013513514
16375 0.02027027
11512 0.02027027
18937 0.013513514
14844 0.0033783785
22270 0.0033783785
19199 0.0033783785
6143 0.037162162
