19968 0.0044247787
8194 0.013274336
6660 0.0044247787
4100 0.0044247787
12037 0.0044247787
9227 0.0088495575
16396 0.0044247787
10767 0.0088495575
22035 0.0044247787
4371 0.0044247787
13844 0.013274336
5396 0.03539823
22294 0.0044247787
3097 0.0044247787
16409 0.0088495575
15903 0.0044247787
17184 0.0044247787
6688 0.013274336
9250 0.0088495575
38 0.0044247787
6952 0.0044247787
11049 0.0044247787
13610 0.0044247787
298 0.0088495575
7211 0.0044247787
1837 0.0044247787
4654 0.0044247787
21297 0.013274336
10546 0.0044247787
2355 0.0044247787
21813 0.0088495575
311 0.013274336
3128 0.0044247787
18488 0.0044247787
14650 0.017699115
1084 0.0088495575
7485 0.0044247787
4669 0.017699115
12095 0.0044247787
4161 0.0044247787
11073 0.0044247787
14402 0.0044247787
8259 0.0044247787
7492 0.0044247787
7748 0.013274336
10821 0.0044247787
4934 0.0088495575
1354 0.0088495575
16717 0.0044247787
21838 0.0044247787
19536 0.0044247787
20821 0.0044247787
17751 0.0044247787
18263 0.0088495575
5466 0.0044247787
3419 0.0044247787
6239 0.0044247787
11360 0.0044247787
16736 0.013274336
21345 0.0044247787
13410 0.0088495575
12903 0.0088495575
15209 0.0044247787
878 0.0044247787
884 0.017699115
1399 0.0088495575
2176 0.0044247787
9100 0.0044247787
17805 0.0044247787
3982 0.0044247787
11151 0.0044247787
18064 0.0044247787
10897 0.017699115
8343 0.026548672
8088 0.0044247787
153 0.0044247787
7577 0.026548672
9114 0.0044247787
2459 0.0044247787
13983 0.0044247787
2721 0.0044247787
930 0.0088495575
15522 0.0088495575
10916 0.0088495575
18340 0.017699115
10417 0.0044247787
14514 0.0044247787
7090 0.0044247787
180 0.0088495575
8630 0.0044247787
18623 0.0044247787
7103 0.0044247787
13503 0.013274336
6336 0.0044247787
9666 0.0044247787
3268 0.0044247787
9412 0.013274336
2758 0.017699115
1482 0.026548672
11215 0.0044247787
1488 0.030973451
5585 0.0044247787
21464 0.0044247787
3288 0.0044247787
20696 0.03982301
4314 0.0044247787
12765 0.0044247787
16097 0.0088495575
3300 0.0044247787
16356 0.0044247787
8422 0.0044247787
4582 0.0044247787
14314 0.0044247787
1006 0.0044247787
12016 0.013274336
241 0.0044247787
1524 0.0044247787
12020 0.0044247787
2292 0.0088495575
9975 0.0044247787
2041 0.0044247787
3579 0.0044247787
3323 0.03539823
16892 0.0044247787
6397 0.0044247787
19199 0.0044247787
