14465 0.010752688
1410 0.010752688
8194 0.010752688
21123 0.010752688
12037 0.021505376
8070 0.010752688
11655 0.010752688
15496 0.010752688
9352 0.021505376
6153 0.010752688
6409 0.021505376
18064 0.010752688
17553 0.010752688
10897 0.010752688
13841 0.021505376
18834 0.010752688
20883 0.032258064
13844 0.010752688
20501 0.010752688
8343 0.010752688
5788 0.010752688
11932 0.010752688
17949 0.010752688
6688 0.010752688
3745 0.010752688
9250 0.010752688
8355 0.010752688
15011 0.010752688
1955 0.010752688
19622 0.010752688
8743 0.010752688
2731 0.010752688
7211 0.010752688
1324 0.010752688
5424 0.010752688
818 0.032258064
8243 0.010752688
20150 0.010752688
19126 0.010752688
14903 0.010752688
4923 0.010752688
20544 0.010752688
14402 0.010752688
5698 0.010752688
10691 0.010752688
8259 0.021505376
9412 0.010752688
12871 0.010752688
3143 0.021505376
4556 0.021505376
17741 0.010752688
6862 0.010752688
4047 0.010752688
6097 0.010752688
1105 0.021505376
16466 0.010752688
18263 0.010752688
4312 0.010752688
8539 0.010752688
19806 0.010752688
20574 0.010752688
10083 0.010752688
5092 0.032258064
20325 0.010752688
16871 0.021505376
18410 0.043010753
11883 0.021505376
1006 0.010752688
12016 0.010752688
20848 0.010752688
18800 0.010752688
13041 0.010752688
884 0.010752688
17661 0.010752688
