8194 0.005988024
4100 0.011976048
12037 0.011976048
15629 0.005988024
1295 0.005988024
10767 0.011976048
20501 0.005988024
22294 0.005988024
12830 0.011976048
13855 0.005988024
3105 0.023952097
6693 0.005988024
21541 0.005988024
8491 0.005988024
9772 0.005988024
6706 0.023952097
15414 0.005988024
7738 0.005988024
14650 0.011976048
7227 0.005988024
4161 0.035928145
8259 0.017964073
8263 0.005988024
12871 0.005988024
19020 0.005988024
20813 0.005988024
15949 0.005988024
16717 0.029940119
11598 0.005988024
335 0.005988024
17489 0.005988024
2390 0.017964073
16729 0.005988024
5212 0.005988024
13405 0.005988024
13919 0.005988024
14431 0.011976048
21345 0.011976048
7265 0.011976048
20065 0.011976048
100 0.005988024
12645 0.005988024
2662 0.005988024
15209 0.005988024
1898 0.005988024
10350 0.005988024
16495 0.005988024
1903 0.005988024
14704 0.011976048
12146 0.005988024
15988 0.023952097
1399 0.047904193
7037 0.005988024
12413 0.005988024
8066 0.005988024
1410 0.017964073
16003 0.005988024
11907 0.005988024
14982 0.005988024
1418 0.005988024
13450 0.011976048
21132 0.005988024
6032 0.005988024
20883 0.005988024
22166 0.005988024
8343 0.011976048
22168 0.005988024
153 0.005988024
14490 0.005988024
10651 0.017964073
6044 0.005988024
2204 0.023952097
2721 0.005988024
2731 0.005988024
6325 0.005988024
12734 0.005988024
16064 0.005988024
20163 0.011976048
10691 0.011976048
13003 0.011976048
2509 0.005988024
20942 0.005988024
6862 0.005988024
6863 0.005988024
1488 0.023952097
20437 0.005988024
6872 0.005988024
20696 0.065868266
6623 0.005988024
16356 0.005988024
6116 0.011976048
5606 0.005988024
16871 0.005988024
14311 0.005988024
5100 0.005988024
12016 0.005988024
13041 0.005988024
241 0.005988024
17661 0.017964073
5631 0.005988024
