16002 0.01010101
6021 0.01010101
8070 0.01010101
9863 0.01010101
20231 0.13131313
10248 0.01010101
22154 0.01010101
13709 0.01010101
15632 0.01010101
18064 0.01010101
8592 0.030303031
10897 0.02020202
4371 0.02020202
8342 0.01010101
17949 0.01010101
9245 0.01010101
3105 0.01010101
9250 0.01010101
38 0.01010101
12710 0.11111111
17327 0.01010101
9392 0.01010101
2609 0.01010101
19893 0.01010101
13621 0.01010101
20029 0.01010101
4161 0.01010101
8259 0.030303031
14788 0.01010101
9412 0.01010101
10821 0.02020202
716 0.01010101
13260 0.030303031
16717 0.02020202
11598 0.01010101
15952 0.01010101
2390 0.04040404
18263 0.01010101
20696 0.01010101
1754 0.01010101
5986 0.01010101
9700 0.01010101
16356 0.01010101
5861 0.01010101
6886 0.01010101
15209 0.02020202
4714 0.01010101
1006 0.01010101
11504 0.01010101
12016 0.02020202
14833 0.02020202
4850 0.01010101
3058 0.01010101
20723 0.01010101
11635 0.030303031
19062 0.01010101
1399 0.02020202
6143 0.01010101
