7680 0.0031152647
8194 0.024922118
4100 0.015576324
5893 0.012461059
17415 0.0031152647
20231 0.009345794
5900 0.012461059
15629 0.0031152647
10767 0.0031152647
3859 0.0031152647
22035 0.0031152647
2836 0.0062305294
13844 0.015576324
11542 0.0031152647
16408 0.0031152647
19736 0.037383176
16409 0.0031152647
8475 0.0031152647
4635 0.0062305294
12830 0.0031152647
13855 0.0062305294
6688 0.0031152647
9250 0.0031152647
11298 0.0062305294
20516 0.0031152647
14884 0.0062305294
21541 0.0031152647
38 0.0031152647
6952 0.021806853
10793 0.0031152647
13097 0.0031152647
13613 0.0031152647
8237 0.0031152647
13102 0.0031152647
8497 0.0031152647
4915 0.0031152647
10803 0.0031152647
8246 0.0031152647
22073 0.0031152647
14650 0.015576324
13883 0.0031152647
11579 0.0031152647
3645 0.0062305294
18239 0.015576324
4161 0.0031152647
10821 0.0062305294
8263 0.0031152647
19020 0.0031152647
6989 0.0031152647
6482 0.0031152647
84 0.0031152647
21588 0.0062305294
2393 0.0031152647
19034 0.0031152647
15706 0.0031152647
20571 0.0062305294
14173 0.0062305294
7265 0.06853583
4963 0.0031152647
20579 0.0031152647
1637 0.0031152647
2662 0.0031152647
3430 0.0062305294
9836 0.0031152647
3950 0.0031152647
10352 0.0031152647
11635 0.0031152647
14966 0.0031152647
15484 0.0031152647
19581 0.021806853
16003 0.043613706
11141 0.0031152647
8070 0.0031152647
9862 0.012461059
12682 0.0031152647
10380 0.0031152647
17549 0.0031152647
3982 0.0031152647
6032 0.0031152647
18064 0.0062305294
10897 0.0031152647
17553 0.009345794
150 0.009345794
8343 0.0062305294
21401 0.0031152647
10651 0.0031152647
11932 0.018691588
16543 0.0031152647
21664 0.0031152647
12710 0.015576324
1960 0.0031152647
10154 0.0031152647
7082 0.0062305294
2731 0.0062305294
13485 0.0031152647
19886 0.0031152647
12208 0.0031152647
14514 0.0031152647
20405 0.031152649
2231 0.012461059
18623 0.0031152647
16064 0.012461059
5825 0.0031152647
3522 0.0031152647
10691 0.0031152647
2499 0.012461059
3524 0.0031152647
2758 0.0062305294
1224 0.0062305294
3530 0.009345794
5323 0.0031152647
17355 0.0031152647
19917 0.0031152647
14798 0.0062305294
1488 0.0031152647
10451 0.037383176
5077 0.0031152647
14550 0.0031152647
11482 0.0062305294
5083 0.0031152647
6364 0.0031152647
18656 0.0031152647
2785 0.0031152647
3300 0.0031152647
6116 0.0062305294
2534 0.0062305294
16871 0.0062305294
14060 0.0062305294
18414 0.0062305294
1006 0.012461059
19695 0.0031152647
21487 0.0031152647
1008 0.0031152647
12016 0.0062305294
5105 0.0031152647
9973 0.0031152647
11512 0.0529595
14587 0.0062305294
3323 0.0062305294
12541 0.0031152647
