3076 0.006134969
5892 0.012269938
20998 0.006134969
17415 0.006134969
11527 0.018404908
6409 0.006134969
10763 0.006134969
20493 0.036809817
4371 0.006134969
18455 0.006134969
14620 0.006134969
14365 0.006134969
17437 0.08588957
15902 0.012269938
16161 0.012269938
9250 0.006134969
1318 0.006134969
7462 0.006134969
6952 0.006134969
4654 0.006134969
15154 0.006134969
12594 0.012269938
21044 0.006134969
21813 0.006134969
1081 0.006134969
7227 0.006134969
13884 0.006134969
5436 0.006134969
4669 0.006134969
7999 0.006134969
14402 0.006134969
21827 0.006134969
8259 0.006134969
2372 0.006134969
10821 0.012269938
4426 0.006134969
11598 0.012269938
16719 0.006134969
9041 0.012269938
15703 0.012269938
16729 0.006134969
11098 0.012269938
15196 0.018404908
1376 0.006134969
2409 0.006134969
874 0.006134969
11883 0.006134969
12141 0.006134969
624 0.006134969
2674 0.006134969
11635 0.006134969
5235 0.006134969
4980 0.006134969
884 0.006134969
19062 0.006134969
22134 0.024539877
1399 0.006134969
5500 0.006134969
3456 0.012269938
2690 0.006134969
1410 0.012269938
21123 0.006134969
6791 0.006134969
14223 0.006134969
15759 0.006134969
13458 0.030674847
18323 0.006134969
19865 0.006134969
153 0.012269938
15003 0.006134969
11932 0.006134969
20127 0.012269938
5025 0.006134969
8355 0.006134969
9123 0.006134969
6319 0.006134969
14514 0.006134969
11188 0.006134969
12470 0.006134969
6588 0.006134969
191 0.018404908
19137 0.006134969
10691 0.006134969
15299 0.012269938
21445 0.012269938
13260 0.018404908
10702 0.006134969
6612 0.012269938
20696 0.006134969
14300 0.006134969
13789 0.006134969
20453 0.006134969
6886 0.006134969
16871 0.006134969
3306 0.012269938
18410 0.030674847
7916 0.012269938
7661 0.006134969
1006 0.012269938
21487 0.006134969
13039 0.006134969
241 0.006134969
7413 0.006134969
7160 0.006134969
22268 0.006134969
253 0.006134969
6143 0.006134969
