16387 0.010416667
12037 0.010416667
18693 0.010416667
11527 0.010416667
20360 0.010416667
5002 0.020833334
20493 0.010416667
10767 0.010416667
17167 0.010416667
15759 0.010416667
1295 0.020833334
8592 0.010416667
19216 0.010416667
4500 0.010416667
8343 0.010416667
19865 0.010416667
10651 0.010416667
11932 0.010416667
5788 0.010416667
14365 0.010416667
15902 0.010416667
9250 0.010416667
12710 0.0625
9769 0.010416667
5033 0.03125
13613 0.010416667
19886 0.052083332
10417 0.010416667
10546 0.010416667
8754 0.010416667
20020 0.020833334
3130 0.010416667
14650 0.010416667
2747 0.010416667
11970 0.020833334
14402 0.03125
8259 0.052083332
14788 0.0625
14918 0.010416667
21703 0.010416667
9041 0.03125
17751 0.010416667
21465 0.010416667
16729 0.020833334
14300 0.010416667
15196 0.010416667
20579 0.010416667
16869 0.010416667
20453 0.010416667
15209 0.010416667
3306 0.020833334
13041 0.020833334
11635 0.0625
5239 0.020833334
3323 0.03125
8573 0.010416667
12413 0.010416667
