21634 0.018518519
3522 0.018518519
12738 0.018518519
8259 0.018518519
3268 0.018518519
21445 0.018518519
12037 0.018518519
14150 0.018518519
9352 0.018518519
16841 0.018518519
9227 0.018518519
21262 0.018518519
17039 0.018518519
8592 0.018518519
5396 0.018518519
278 0.018518519
22294 0.018518519
18134 0.018518519
11734 0.037037037
18263 0.018518519
3288 0.018518519
7193 0.018518519
1114 0.018518519
19870 0.018518519
11360 0.018518519
17184 0.037037037
17633 0.037037037
13410 0.018518519
15522 0.018518519
10083 0.018518519
20579 0.018518519
16356 0.018518519
17317 0.018518519
6886 0.018518519
38 0.018518519
15209 0.018518519
13097 0.018518519
14442 0.018518519
298 0.055555556
9901 0.018518519
19183 0.018518519
7282 0.018518519
11635 0.018518519
20020 0.018518519
19062 0.018518519
1399 0.018518519
3323 0.037037037
15934 0.018518519
