6785 0.010638298
8194 0.010638298
9988 0.010638298
13958 0.010638298
11912 0.095744684
13841 0.010638298
13458 0.010638298
8343 0.010638298
153 0.010638298
10651 0.04255319
11932 0.010638298
31 0.010638298
13345 0.021276595
14757 0.010638298
4007 0.06382979
9642 0.010638298
7211 0.010638298
1324 0.010638298
19886 0.031914894
8368 0.010638298
12208 0.021276595
10417 0.010638298
7474 0.031914894
51 0.010638298
20531 0.010638298
14650 0.010638298
21312 0.010638298
5825 0.010638298
5442 0.010638298
14402 0.021276595
8259 0.021276595
1482 0.010638298
22092 0.010638298
22222 0.021276595
15183 0.021276595
1488 0.010638298
18771 0.010638298
5460 0.06382979
20437 0.010638298
20438 0.010638298
16599 0.010638298
7897 0.021276595
1499 0.010638298
6623 0.021276595
97 0.010638298
3938 0.010638298
20451 0.021276595
15715 0.031914894
20712 0.010638298
6888 0.010638298
11883 0.010638298
7916 0.010638298
1006 0.010638298
8177 0.010638298
2552 0.010638298
12793 0.010638298
2041 0.010638298
19199 0.010638298
