2048 0.006329114
8194 0.006329114
12291 0.006329114
16387 0.006329114
5892 0.006329114
14085 0.006329114
14854 0.006329114
3080 0.006329114
4874 0.006329114
9230 0.006329114
17167 0.006329114
22294 0.006329114
18972 0.006329114
14620 0.006329114
14625 0.012658228
9250 0.012658228
38 0.006329114
7209 0.006329114
13097 0.01898734
298 0.006329114
7211 0.006329114
1837 0.006329114
13613 0.006329114
4654 0.006329114
21813 0.012658228
17976 0.006329114
10556 0.006329114
4161 0.006329114
8259 0.006329114
10821 0.012658228
4934 0.006329114
14156 0.03164557
8021 0.012658228
4694 0.006329114
19542 0.006329114
14167 0.006329114
18263 0.050632913
2905 0.006329114
14173 0.006329114
1119 0.006329114
16736 0.012658228
21345 0.006329114
13410 0.006329114
20579 0.012658228
2662 0.006329114
6505 0.006329114
3950 0.006329114
21872 0.006329114
7282 0.006329114
884 0.012658228
21621 0.006329114
1399 0.012658228
6780 0.006329114
15484 0.006329114
8573 0.006329114
18046 0.006329114
11905 0.006329114
15745 0.006329114
13441 0.006329114
16772 0.006329114
19079 0.006329114
20360 0.012658228
9352 0.025316456
8843 0.006329114
2188 0.006329114
11151 0.006329114
20624 0.006329114
8339 0.006329114
150 0.006329114
17559 0.006329114
8855 0.012658228
10649 0.006329114
10651 0.01898734
3491 0.006329114
12205 0.012658228
19886 0.012658228
21679 0.006329114
17327 0.01898734
7090 0.006329114
6325 0.012658228
3000 0.006329114
1721 0.006329114
17082 0.006329114
3268 0.006329114
16582 0.006329114
4550 0.012658228
1482 0.006329114
18891 0.01898734
13260 0.006329114
22222 0.006329114
11734 0.006329114
14806 0.01898734
20696 0.006329114
3288 0.012658228
21465 0.006329114
17633 0.006329114
5092 0.006329114
6116 0.006329114
16356 0.012658228
20453 0.006329114
6886 0.012658228
2791 0.006329114
7914 0.006329114
14060 0.006329114
13041 0.006329114
3058 0.006329114
20723 0.006329114
9716 0.006329114
2293 0.006329114
2041 0.006329114
3323 0.006329114
17661 0.01898734
20223 0.006329114
3839 0.006329114
