7680 0.004237288
8709 0.004237288
5893 0.033898305
13958 0.004237288
10246 0.008474576
1678 0.004237288
10767 0.004237288
20879 0.004237288
20624 0.004237288
21520 0.004237288
20116 0.004237288
2836 0.008474576
5396 0.11440678
22294 0.008474576
8855 0.04661017
8088 0.004237288
19736 0.012711864
19737 0.004237288
14490 0.004237288
8474 0.004237288
10651 0.025423728
4635 0.029661017
11932 0.016949153
31 0.004237288
5025 0.012711864
9250 0.012711864
15528 0.004237288
7082 0.004237288
298 0.004237288
13613 0.004237288
19886 0.004237288
18222 0.008474576
10546 0.004237288
14515 0.004237288
20020 0.025423728
21813 0.004237288
20405 0.025423728
21558 0.004237288
17338 0.004237288
828 0.004237288
12734 0.004237288
18239 0.016949153
11327 0.016949153
12608 0.004237288
4416 0.004237288
5825 0.012711864
1858 0.004237288
7490 0.004237288
10691 0.004237288
18758 0.004237288
4934 0.008474576
16582 0.012711864
8263 0.004237288
2119 0.008474576
1482 0.008474576
20942 0.004237288
5199 0.004237288
1488 0.004237288
10451 0.025423728
7252 0.004237288
20821 0.004237288
11221 0.004237288
20437 0.004237288
20696 0.04661017
217 0.004237288
13659 0.004237288
20571 0.004237288
731 0.004237288
13532 0.004237288
4444 0.004237288
14173 0.004237288
9951 0.004237288
21345 0.004237288
11235 0.008474576
6116 0.004237288
5349 0.012711864
2662 0.004237288
3430 0.008474576
6886 0.008474576
747 0.004237288
9836 0.004237288
1006 0.012711864
19188 0.004237288
884 0.008474576
15606 0.004237288
14838 0.004237288
21752 0.004237288
11512 0.06779661
505 0.004237288
3323 0.008474576
8573 0.004237288
19581 0.021186441
18814 0.004237288
4095 0.004237288
6527 0.004237288
3839 0.016949153
6143 0.016949153
