8194 0.010989011
15106 0.010989011
3842 0.021978023
16003 0.06593407
4874 0.010989011
18573 0.010989011
910 0.021978023
11151 0.032967035
17553 0.010989011
3987 0.010989011
153 0.010989011
6299 0.021978023
17949 0.010989011
21150 0.010989011
12830 0.021978023
9250 0.010989011
2854 0.010989011
4903 0.010989011
19240 0.010989011
10284 0.021978023
14650 0.010989011
6588 0.021978023
18877 0.010989011
319 0.010989011
16960 0.010989011
5825 0.010989011
14402 0.010989011
10691 0.010989011
8259 0.043956045
10821 0.010989011
18501 0.010989011
4293 0.010989011
7110 0.021978023
18758 0.021978023
6729 0.010989011
17355 0.021978023
11598 0.010989011
1488 0.010989011
9041 0.021978023
2390 0.021978023
18263 0.010989011
19802 0.010989011
13405 0.021978023
6623 0.010989011
5730 0.043956045
10083 0.010989011
20579 0.010989011
10467 0.021978023
6116 0.010989011
20453 0.010989011
4841 0.010989011
10350 0.010989011
1006 0.021978023
3439 0.010989011
371 0.010989011
11635 0.010989011
884 0.010989011
12020 0.021978023
14838 0.032967035
7935 0.010989011
6143 0.010989011
