7680 0.012987013
2692 0.012987013
8070 0.025974026
10763 0.025974026
4371 0.012987013
21398 0.012987013
8343 0.012987013
3735 0.012987013
16283 0.012987013
2459 0.012987013
11932 0.012987013
15900 0.012987013
4510 0.012987013
12830 0.038961038
8097 0.012987013
8743 0.012987013
13610 0.012987013
2731 0.012987013
9772 0.012987013
21813 0.012987013
2231 0.012987013
1720 0.012987013
14650 0.064935066
4669 0.038961038
18623 0.012987013
15808 0.012987013
14402 0.012987013
18758 0.025974026
8263 0.025974026
17096 0.012987013
4809 0.012987013
17355 0.012987013
9803 0.012987013
716 0.012987013
18253 0.012987013
11598 0.025974026
1488 0.012987013
6229 0.012987013
2390 0.012987013
18263 0.012987013
3288 0.012987013
20696 0.025974026
13405 0.025974026
1376 0.012987013
21345 0.012987013
20451 0.012987013
13155 0.012987013
3044 0.025974026
16871 0.012987013
20456 0.012987013
15209 0.012987013
14061 0.012987013
1006 0.012987013
21487 0.012987013
13041 0.012987013
14451 0.012987013
2293 0.012987013
1399 0.012987013
12921 0.012987013
253 0.012987013
19199 0.012987013
