4161 0.033898305
4930 0.016949153
8837 0.016949153
10821 0.033898305
15429 0.033898305
19079 0.016949153
20360 0.016949153
9352 0.084745765
1482 0.016949153
13260 0.016949153
20624 0.016949153
17553 0.016949153
8021 0.084745765
11734 0.050847456
18263 0.06779661
5788 0.016949153
14173 0.033898305
19870 0.016949153
14625 0.033898305
9250 0.016949153
13410 0.06779661
3491 0.016949153
20579 0.016949153
5092 0.016949153
6116 0.016949153
3044 0.016949153
16356 0.016949153
20648 0.016949153
7209 0.016949153
13097 0.050847456
7914 0.016949153
21872 0.016949153
7282 0.016949153
1399 0.016949153
17976 0.016949153
17661 0.016949153
