5892 0.021505376
8709 0.005376344
20231 0.010752688
2312 0.005376344
10763 0.021505376
5900 0.005376344
8208 0.005376344
22050 0.005376344
9250 0.005376344
550 0.005376344
8743 0.005376344
11049 0.005376344
20269 0.005376344
10541 0.005376344
20786 0.005376344
15154 0.032258064
20020 0.005376344
1335 0.005376344
2107 0.005376344
22076 0.005376344
5948 0.005376344
3645 0.016129032
7486 0.005376344
7999 0.005376344
5698 0.010752688
14402 0.010752688
10821 0.016129032
8263 0.010752688
2632 0.005376344
16717 0.005376344
20813 0.005376344
9041 0.005376344
16729 0.005376344
2393 0.032258064
13919 0.005376344
20065 0.03763441
11363 0.005376344
10083 0.005376344
13155 0.010752688
5990 0.005376344
2662 0.010752688
13927 0.005376344
20329 0.005376344
11883 0.005376344
18541 0.005376344
14704 0.005376344
11635 0.021505376
21621 0.005376344
1399 0.010752688
16508 0.005376344
12165 0.005376344
11141 0.005376344
8070 0.005376344
2188 0.005376344
9361 0.005376344
13714 0.005376344
19346 0.005376344
8851 0.005376344
8342 0.005376344
8343 0.010752688
15257 0.005376344
11932 0.005376344
4513 0.005376344
2721 0.005376344
5025 0.010752688
15011 0.005376344
3751 0.005376344
5033 0.05376344
2731 0.010752688
9394 0.005376344
8371 0.005376344
12987 0.005376344
16835 0.005376344
14533 0.005376344
9926 0.005376344
14028 0.005376344
716 0.005376344
13260 0.07526882
15310 0.005376344
3288 0.021505376
1241 0.005376344
7897 0.048387095
4570 0.043010753
14556 0.010752688
12765 0.005376344
17633 0.005376344
5859 0.005376344
6116 0.005376344
16356 0.005376344
5861 0.005376344
20453 0.010752688
1254 0.005376344
8422 0.005376344
6886 0.02688172
13545 0.005376344
1261 0.005376344
18414 0.005376344
1006 0.005376344
11504 0.005376344
13041 0.005376344
2292 0.005376344
