18433 0.0024390244
770 0.0024390244
3842 0.0024390244
5893 0.07560976
10246 0.007317073
6409 0.007317073
5900 0.004878049
15629 0.004878049
17935 0.0024390244
10767 0.007317073
8208 0.0024390244
13334 0.0024390244
19736 0.029268293
4635 0.0024390244
12830 0.007317073
13855 0.0024390244
9503 0.004878049
10016 0.0024390244
12064 0.0024390244
13345 0.0024390244
18209 0.0024390244
9250 0.007317073
20259 0.0024390244
6693 0.0024390244
21541 0.0024390244
38 0.0024390244
13610 0.0024390244
8237 0.0024390244
13613 0.0024390244
1072 0.0024390244
9776 0.0024390244
10546 0.0024390244
12595 0.0024390244
20020 0.0024390244
5428 0.0024390244
20538 0.004878049
14650 0.014634146
13883 0.0024390244
4669 0.0024390244
11327 0.004878049
18239 0.007317073
8000 0.0024390244
4416 0.0024390244
11073 0.0024390244
1858 0.0024390244
10821 0.009756098
9542 0.0024390244
4423 0.0024390244
8263 0.004878049
12365 0.0024390244
16717 0.004878049
17489 0.0024390244
20821 0.0024390244
18263 0.0024390244
17751 0.004878049
13659 0.004878049
6239 0.0024390244
22111 0.036585364
12640 0.0024390244
1376 0.004878049
16736 0.041463416
21345 0.0024390244
20065 0.004878049
2662 0.004878049
3430 0.014634146
6247 0.0024390244
15208 0.0024390244
13929 0.0024390244
4714 0.0024390244
15725 0.0024390244
12398 0.004878049
10350 0.004878049
1392 0.0024390244
7793 0.0024390244
13426 0.004878049
11635 0.004878049
884 0.0121951215
4981 0.0024390244
19062 0.0024390244
16503 0.0024390244
21372 0.0024390244
7037 0.004878049
19581 0.019512195
17023 0.0024390244
6785 0.004878049
16003 0.0024390244
18308 0.0024390244
11141 0.0024390244
9862 0.0024390244
17548 0.0024390244
13709 0.004878049
10640 0.0024390244
14992 0.0024390244
18064 0.0024390244
6032 0.004878049
10897 0.007317073
7830 0.0024390244
20886 0.0024390244
8343 0.0024390244
16024 0.0024390244
21401 0.0024390244
21914 0.004878049
10651 0.007317073
11932 0.004878049
3745 0.009756098
5025 0.009756098
12710 0.009756098
20648 0.0024390244
2731 0.0024390244
15020 0.0024390244
13485 0.0024390244
12975 0.0024390244
10671 0.0024390244
17840 0.004878049
11954 0.017073171
9139 0.0024390244
8371 0.0024390244
20405 0.019512195
183 0.0024390244
2231 0.004878049
18872 0.0024390244
8890 0.0024390244
17595 0.0024390244
11196 0.0024390244
18877 0.0024390244
14273 0.0024390244
5825 0.009756098
22210 0.0024390244
7619 0.014634146
3268 0.004878049
9413 0.0024390244
2758 0.0024390244
8903 0.0024390244
17355 0.0024390244
19917 0.0024390244
718 0.007317073
19408 0.0024390244
1488 0.048780486
18385 0.0024390244
10451 0.019512195
20437 0.0024390244
11221 0.0024390244
20438 0.0024390244
16599 0.0024390244
2776 0.007317073
20696 0.046341464
21465 0.0024390244
11228 0.0024390244
16604 0.0024390244
18397 0.0024390244
18911 0.0024390244
6623 0.007317073
20450 0.0024390244
8163 0.0024390244
19428 0.0024390244
20453 0.0024390244
16871 0.007317073
20712 0.004878049
4841 0.0024390244
19178 0.0024390244
20459 0.0024390244
1006 0.009756098
10480 0.009756098
241 0.0024390244
2292 0.0024390244
22004 0.0024390244
16375 0.0024390244
11512 0.041463416
6143 0.0024390244
