5825 0.05479452
4290 0.01369863
1410 0.01369863
15106 0.02739726
16003 0.01369863
8259 0.04109589
11141 0.01369863
21254 0.01369863
8263 0.01369863
968 0.01369863
17355 0.05479452
2062 0.01369863
15310 0.01369863
1488 0.01369863
8208 0.02739726
6162 0.01369863
3922 0.01369863
22294 0.01369863
18134 0.04109589
18263 0.01369863
8343 0.01369863
20696 0.01369863
10200 0.01369863
11032 0.01369863
11611 0.01369863
11419 0.01369863
11932 0.02739726
3745 0.01369863
3105 0.01369863
8097 0.01369863
6116 0.01369863
12710 0.04109589
13610 0.01369863
4714 0.01369863
7211 0.01369863
19886 0.01369863
1006 0.02739726
13426 0.01369863
180 0.01369863
8630 0.01369863
7031 0.01369863
1720 0.01369863
7160 0.01369863
17336 0.01369863
16058 0.10958904
17595 0.01369863
8573 0.02739726
4095 0.01369863
10303 0.01369863
