16387 0.0067114094
4617 0.0067114094
6153 0.0067114094
5900 0.0067114094
10765 0.0067114094
10256 0.0067114094
13841 0.0067114094
4371 0.0067114094
13844 0.0067114094
22294 0.0067114094
16157 0.0067114094
19230 0.0067114094
3360 0.0067114094
12321 0.0067114094
3105 0.013422819
11298 0.0067114094
9250 0.0067114094
13097 0.0067114094
298 0.0067114094
17450 0.0067114094
20778 0.013422819
19250 0.0067114094
15154 0.0067114094
21813 0.013422819
3128 0.0067114094
6459 0.013422819
12100 0.013422819
10821 0.0067114094
6215 0.0067114094
585 0.0067114094
4682 0.0067114094
8011 0.0067114094
18263 0.0067114094
15703 0.0067114094
11607 0.0067114094
14173 0.0067114094
6239 0.0067114094
9057 0.0067114094
21345 0.013422819
8035 0.013422819
6758 0.0067114094
11883 0.0067114094
21872 0.013422819
18290 0.0067114094
11635 0.020134227
6004 0.0067114094
19062 0.0067114094
1399 0.013422819
11902 0.026845638
18817 0.0067114094
21121 0.013422819
3714 0.0067114094
16003 0.040268455
6021 0.013422819
9352 0.0067114094
11151 0.0067114094
17553 0.0067114094
20883 0.013422819
8855 0.013422819
17559 0.013422819
3739 0.0067114094
2459 0.0067114094
11932 0.0067114094
13983 0.0067114094
8097 0.0067114094
2721 0.033557046
15011 0.0067114094
8356 0.0067114094
13485 0.0067114094
17327 0.033557046
9393 0.0067114094
20404 0.0067114094
11447 0.0067114094
22202 0.0067114094
2747 0.0067114094
5825 0.0067114094
21444 0.0067114094
16582 0.0067114094
13255 0.0067114094
18378 0.0067114094
17355 0.013422819
19917 0.0067114094
20434 0.0067114094
11734 0.013422819
3288 0.013422819
20696 0.026845638
7897 0.0067114094
21465 0.013422819
13532 0.0067114094
5855 0.0067114094
18657 0.0067114094
3044 0.0067114094
16356 0.013422819
16871 0.0067114094
10472 0.0067114094
18159 0.0067114094
13041 0.0067114094
20723 0.013422819
7669 0.0067114094
4600 0.0067114094
2041 0.0067114094
3323 0.026845638
12286 0.0067114094
3839 0.013422819
