18817 0.0074626864
8194 0.02238806
1927 0.0074626864
6153 0.029850746
4111 0.0074626864
143 0.0074626864
17039 0.0074626864
6287 0.029850746
6162 0.0074626864
20883 0.014925373
8343 0.029850746
19865 0.0074626864
11932 0.029850746
3105 0.0074626864
289 0.0074626864
9250 0.0074626864
13097 0.0074626864
7082 0.0074626864
7211 0.014925373
12205 0.0074626864
17327 0.0074626864
13615 0.0074626864
17840 0.0074626864
10417 0.0074626864
12595 0.0074626864
9779 0.014925373
21044 0.0074626864
14650 0.0074626864
13884 0.0074626864
18623 0.0074626864
5825 0.0074626864
13249 0.0074626864
14914 0.0074626864
10562 0.0074626864
18116 0.0074626864
19268 0.0074626864
10821 0.0074626864
4293 0.0074626864
7110 0.0074626864
8140 0.0074626864
4556 0.0074626864
16717 0.0074626864
11598 0.0074626864
20942 0.0074626864
1105 0.12686567
19286 0.0074626864
2390 0.0074626864
3158 0.029850746
17751 0.0074626864
18263 0.0074626864
8535 0.0074626864
14040 0.014925373
4314 0.0074626864
15579 0.0074626864
5083 0.014925373
11611 0.014925373
13532 0.0074626864
6364 0.0074626864
4576 0.0074626864
21345 0.0074626864
10083 0.0074626864
19683 0.0074626864
5092 0.05970149
21861 0.0074626864
5990 0.0074626864
874 0.0074626864
18410 0.0074626864
12014 0.0074626864
5231 0.0074626864
241 0.0074626864
13041 0.0074626864
18290 0.0074626864
13170 0.0074626864
11635 0.02238806
884 0.0074626864
12020 0.0074626864
2292 0.0074626864
22134 0.0074626864
19062 0.0074626864
14838 0.02238806
1399 0.014925373
17661 0.0074626864
6143 0.0074626864
