21121 0.056603774
16003 0.08490566
21254 0.009433962
3080 0.009433962
15369 0.009433962
10763 0.009433962
5900 0.009433962
10001 0.009433962
17553 0.009433962
13844 0.03773585
11925 0.009433962
153 0.009433962
3610 0.009433962
8603 0.009433962
6687 0.009433962
15903 0.009433962
3104 0.009433962
8097 0.028301887
15011 0.009433962
9123 0.009433962
163 0.018867925
4903 0.009433962
13097 0.009433962
7211 0.009433962
4654 0.009433962
2864 0.009433962
11825 0.009433962
10546 0.009433962
19250 0.009433962
2231 0.009433962
311 0.009433962
13883 0.009433962
2747 0.009433962
5825 0.009433962
3522 0.009433962
14402 0.018867925
8259 0.028301887
12873 0.009433962
718 0.009433962
1104 0.009433962
6738 0.009433962
20696 0.047169812
14300 0.009433962
4702 0.009433962
20579 0.009433962
6116 0.028301887
2662 0.009433962
18790 0.009433962
8422 0.009433962
20712 0.009433962
14185 0.009433962
15209 0.009433962
17004 0.009433962
6509 0.009433962
10350 0.009433962
1006 0.028301887
16496 0.009433962
20336 0.009433962
2293 0.009433962
19062 0.009433962
14838 0.018867925
1399 0.018867925
3323 0.028301887
6525 0.009433962
12286 0.018867925
4095 0.009433962
3839 0.047169812
