7680 0.010638298
3842 0.010638298
16003 0.010638298
4100 0.010638298
14085 0.010638298
14603 0.010638298
5900 0.010638298
18064 0.010638298
4371 0.010638298
12180 0.010638298
6936 0.010638298
153 0.021276595
10649 0.031914894
11932 0.010638298
12830 0.010638298
9381 0.010638298
21541 0.010638298
7208 0.010638298
3498 0.010638298
7211 0.010638298
10284 0.07446808
13613 0.021276595
4654 0.010638298
17327 0.010638298
22064 0.010638298
2864 0.010638298
6836 0.010638298
12468 0.010638298
14402 0.021276595
8259 0.031914894
6980 0.010638298
18116 0.021276595
16582 0.010638298
18250 0.010638298
14027 0.010638298
20941 0.010638298
14798 0.010638298
20174 0.010638298
14416 0.010638298
19408 0.010638298
5077 0.010638298
19544 0.010638298
10969 0.010638298
15323 0.010638298
6623 0.010638298
9183 0.021276595
1376 0.021276595
3041 0.010638298
21345 0.010638298
13155 0.010638298
3044 0.010638298
5988 0.021276595
20453 0.021276595
2662 0.021276595
13927 0.010638298
20712 0.010638298
4714 0.021276595
18668 0.010638298
16621 0.010638298
18414 0.010638298
1006 0.010638298
19183 0.010638298
12020 0.010638298
884 0.021276595
9975 0.010638298
16503 0.010638298
22009 0.010638298
2041 0.021276595
17661 0.010638298
18814 0.010638298
6143 0.010638298
19199 0.010638298
