13186 0.006666667
14727 0.006666667
20360 0.006666667
8200 0.006666667
20234 0.006666667
9227 0.006666667
6669 0.006666667
6541 0.013333334
10767 0.006666667
9617 0.006666667
9875 0.013333334
278 0.013333334
13336 0.006666667
19865 0.006666667
2459 0.006666667
2204 0.006666667
10780 0.006666667
3357 0.006666667
6688 0.006666667
2721 0.006666667
14625 0.013333334
20385 0.046666667
11298 0.02
8355 0.006666667
7460 0.006666667
7337 0.006666667
13097 0.006666667
11049 0.006666667
12457 0.006666667
2731 0.006666667
13613 0.006666667
4654 0.006666667
17327 0.006666667
12464 0.006666667
20400 0.006666667
16818 0.006666667
20402 0.013333334
8371 0.006666667
15027 0.006666667
14903 0.006666667
1208 0.006666667
14650 0.006666667
17724 0.006666667
828 0.006666667
15934 0.026666667
13503 0.006666667
9663 0.02
10562 0.006666667
14402 0.006666667
8259 0.006666667
18116 0.006666667
10821 0.02
21445 0.026666667
18758 0.006666667
2758 0.026666667
12871 0.006666667
17738 0.006666667
13260 0.006666667
205 0.006666667
9041 0.006666667
10454 0.006666667
11734 0.04
18263 0.046666667
5849 0.006666667
14173 0.006666667
16605 0.006666667
11360 0.006666667
18528 0.006666667
13921 0.006666667
7906 0.013333334
10083 0.013333334
3044 0.006666667
15078 0.006666667
8422 0.006666667
20454 0.006666667
6886 0.026666667
16871 0.006666667
10344 0.006666667
3048 0.006666667
12394 0.006666667
8556 0.013333334
14061 0.006666667
1006 0.013333334
20336 0.006666667
21872 0.013333334
6001 0.006666667
13041 0.013333334
10227 0.006666667
11635 0.013333334
884 0.006666667
21621 0.02
9719 0.006666667
1399 0.033333335
12664 0.006666667
14330 0.006666667
5500 0.006666667
6143 0.006666667
