8194 0.0054054055
16387 0.0018018018
13318 0.045045044
6153 0.054054055
6666 0.010810811
9227 0.0054054055
20493 0.0018018018
17935 0.0018018018
10767 0.0018018018
21007 0.0018018018
13841 0.0036036037
13843 0.0018018018
13844 0.0018018018
20501 0.0018018018
6166 0.0018018018
12830 0.0018018018
15903 0.0036036037
3105 0.0018018018
12321 0.0036036037
9250 0.0018018018
6691 0.0036036037
38 0.0018018018
43 0.0018018018
7211 0.0018018018
11825 0.0018018018
20020 0.0036036037
4665 0.0054054055
10810 0.0018018018
13883 0.0018018018
15937 0.0036036037
14402 0.0036036037
14915 0.0018018018
8259 0.0018018018
18501 0.0018018018
3653 0.0018018018
10821 0.0054054055
6222 0.0018018018
9297 0.0018018018
1105 0.0054054055
9810 0.0018018018
11350 0.0018018018
22102 0.0018018018
15959 0.0018018018
1625 0.0018018018
22111 0.0018018018
6239 0.0018018018
9313 0.0018018018
13410 0.0018018018
20579 0.0036036037
5224 0.0018018018
10859 0.0018018018
6252 0.0018018018
5229 0.0018018018
12398 0.0018018018
21103 0.0018018018
2674 0.0018018018
5236 0.0018018018
21110 0.0018018018
20598 0.0018018018
22134 0.0018018018
19062 0.0072072074
11386 0.0018018018
12413 0.0036036037
18046 0.0018018018
7294 0.0018018018
5760 0.0018018018
13441 0.014414415
7814 0.0018018018
9863 0.0018018018
9352 0.0036036037
3210 0.0018018018
20106 0.0018018018
13450 0.0018018018
18573 0.0018018018
18064 0.0018018018
10896 0.0018018018
13457 0.0018018018
17553 0.0018018018
13458 0.0054054055
8851 0.0018018018
7317 0.0072072074
20630 0.0018018018
7830 0.009009009
8343 0.010810811
16024 0.0036036037
18073 0.0018018018
153 0.0054054055
5788 0.0036036037
11932 0.0054054055
3745 0.0018018018
2721 0.0018018018
8355 0.0018018018
168 0.0036036037
15528 0.0054054055
6826 0.0018018018
10412 0.0018018018
6317 0.0018018018
13485 0.0018018018
2734 0.0018018018
16563 0.0018018018
15027 0.0018018018
13503 0.0018018018
19137 0.0036036037
6852 0.0018018018
18117 0.0018018018
21194 0.0018018018
13003 0.0072072074
9932 0.0018018018
11980 0.0018018018
716 0.0018018018
4301 0.0018018018
4821 0.0018018018
18134 0.0018018018
20696 0.0036036037
3288 0.010810811
4314 0.0018018018
11482 0.0036036037
731 0.0018018018
16607 0.0018018018
18656 0.0018018018
4832 0.0018018018
8422 0.0036036037
20712 0.0036036037
3306 0.0018018018
7914 0.0036036037
1261 0.0018018018
18159 0.0036036037
12016 0.0036036037
241 0.0054054055
13041 0.0072072074
2293 0.0018018018
17659 0.0018018018
11004 0.0018018018
3327 0.0018018018
19199 0.0018018018
12036 0.0018018018
12037 0.0036036037
14085 0.010810811
6409 0.0018018018
7434 0.0018018018
4874 0.0018018018
9996 0.0036036037
15629 0.0018018018
8975 0.0018018018
14607 0.061261263
11537 0.0018018018
4371 0.0018018018
14100 0.0018018018
3354 0.0018018018
21786 0.0018018018
8474 0.0018018018
14620 0.0018018018
289 0.0018018018
16161 0.0036036037
13603 0.0018018018
2340 0.0018018018
3369 0.0018018018
11049 0.0018018018
298 0.0018018018
18731 0.0018018018
18221 0.0018018018
13613 0.0054054055
20782 0.0018018018
8497 0.0036036037
19250 0.0018018018
8501 0.0018018018
14650 0.010810811
6459 0.0018018018
21312 0.0018018018
21824 0.0018018018
8000 0.0018018018
11073 0.0036036037
21317 0.0018018018
4934 0.0018018018
18758 0.0072072074
11598 0.0054054055
18258 0.0018018018
18263 0.016216217
11607 0.05225225
16729 0.0018018018
15196 0.0018018018
17244 0.0018018018
19806 0.0018018018
6496 0.0018018018
21345 0.0054054055
10083 0.0018018018
18277 0.0018018018
13160 0.0018018018
14185 0.0018018018
5481 0.0018018018
3439 0.0018018018
20336 0.0018018018
21872 0.0018018018
13170 0.0018018018
15731 0.0018018018
11635 0.0036036037
884 0.0018018018
1399 0.012612613
11644 0.0018018018
14720 0.0018018018
13186 0.0018018018
1410 0.0018018018
9101 0.0054054055
3982 0.0018018018
18834 0.0018018018
18323 0.0018018018
20883 0.045045044
10651 0.0054054055
18845 0.0018018018
4004 0.0018018018
16292 0.0018018018
14757 0.0036036037
7082 0.0054054055
19886 0.0018018018
8111 0.0018018018
17327 0.0036036037
5552 0.0018018018
9139 0.0018018018
13235 0.0018018018
20916 0.0036036037
19900 0.0018018018
12734 0.0018018018
18369 0.0018018018
14273 0.0018018018
9666 0.0018018018
3524 0.0018018018
21444 0.0018018018
21445 0.0018018018
10695 0.0018018018
13255 0.0036036037
12746 0.0018018018
18378 0.0018018018
17867 0.0018018018
6092 0.0018018018
2509 0.0036036037
15310 0.0018018018
1488 0.0018018018
20434 0.0018018018
17365 0.0018018018
20437 0.0036036037
21464 0.0018018018
5083 0.0018018018
14300 0.0018018018
12765 0.0018018018
2527 0.0018018018
6623 0.0018018018
14816 0.021621622
1506 0.009009009
10723 0.0018018018
6116 0.0036036037
7141 0.0018018018
20453 0.0036036037
16871 0.0018018018
6120 0.0036036037
8173 0.0018018018
1006 0.0036036037
8175 0.0018018018
12271 0.0018018018
15856 0.0018018018
3057 0.0018018018
21493 0.0018018018
2041 0.0018018018
7673 0.0036036037
3579 0.0018018018
12286 0.0018018018
13822 0.0018018018
6143 0.0018018018
