7680 0.012987013
2690 0.012987013
8898 0.012987013
8259 0.051948052
3524 0.012987013
3268 0.012987013
2372 0.012987013
4100 0.025974026
18501 0.012987013
10821 0.025974026
8070 0.012987013
1482 0.051948052
15629 0.012987013
1295 0.012987013
13327 0.012987013
17935 0.012987013
10767 0.025974026
1488 0.012987013
13778 0.012987013
10194 0.012987013
21464 0.012987013
20696 0.064935066
153 0.012987013
16736 0.012987013
7265 0.012987013
1570 0.012987013
20451 0.012987013
20388 0.012987013
1319 0.012987013
4585 0.025974026
18731 0.012987013
9772 0.012987013
12205 0.025974026
19886 0.012987013
9975 0.012987013
2231 0.012987013
14584 0.012987013
18232 0.025974026
1337 0.012987013
14650 0.038961038
3323 0.012987013
6588 0.012987013
10556 0.012987013
4669 0.012987013
4925 0.09090909
19646 0.051948052
18367 0.051948052
