5892 0.0044444446
8709 0.0044444446
14085 0.013333334
5894 0.0044444446
3080 0.0044444446
10763 0.0044444446
2061 0.031111112
17935 0.0044444446
13844 0.0044444446
5396 0.18222222
20501 0.0044444446
22294 0.017777778
535 0.008888889
11298 0.0044444446
9250 0.013333334
11049 0.0044444446
13097 0.013333334
6444 0.0044444446
10284 0.0044444446
13613 0.0044444446
4654 0.0044444446
5424 0.0044444446
21813 0.008888889
311 0.0044444446
14903 0.017777778
14650 0.013333334
22076 0.0044444446
7485 0.0044444446
8000 0.008888889
14402 0.008888889
2372 0.0044444446
4934 0.0044444446
8263 0.017777778
14156 0.008888889
5199 0.0044444446
8021 0.0044444446
4444 0.0044444446
17760 0.0044444446
21346 0.0044444446
10083 0.013333334
15206 0.013333334
13927 0.0044444446
13160 0.0044444446
15209 0.0044444446
109 0.0044444446
6509 0.0044444446
20078 0.0044444446
3950 0.008888889
16496 0.0044444446
13426 0.0044444446
2674 0.013333334
884 0.0044444446
9591 0.0044444446
1399 0.008888889
5498 0.0044444446
13441 0.008888889
21378 0.0044444446
1668 0.0044444446
6021 0.0044444446
11141 0.0044444446
20878 0.0044444446
10897 0.0044444446
3735 0.008888889
8343 0.008888889
153 0.0044444446
21403 0.0044444446
11932 0.0044444446
5788 0.0044444446
3745 0.008888889
163 0.0044444446
14757 0.0044444446
20904 0.0044444446
5034 0.008888889
172 0.0044444446
19886 0.008888889
8368 0.008888889
7091 0.0044444446
180 0.0044444446
8630 0.0044444446
5815 0.0044444446
3257 0.0044444446
3770 0.0044444446
6336 0.0044444446
5825 0.0044444446
19908 0.0044444446
21445 0.0044444446
3269 0.008888889
11718 0.0044444446
9926 0.008888889
2758 0.008888889
1482 0.017777778
6091 0.0044444446
17355 0.0044444446
14027 0.0044444446
15567 0.0044444446
11215 0.0044444446
11734 0.017777778
20696 0.008888889
217 0.0044444446
10971 0.008888889
19167 0.0044444446
20196 0.0044444446
5861 0.0044444446
14061 0.0044444446
1006 0.022222223
12016 0.0044444446
13041 0.008888889
7669 0.0044444446
2293 0.008888889
13048 0.0044444446
22009 0.0044444446
9211 0.0044444446
3323 0.008888889
17661 0.008888889
6143 0.0044444446
3839 0.035555556
