16003 0.036363635
17415 0.009090909
20360 0.009090909
6409 0.009090909
4874 0.009090909
15629 0.009090909
4371 0.018181818
22294 0.018181818
12055 0.009090909
19865 0.009090909
10651 0.027272727
12830 0.009090909
13855 0.009090909
4130 0.009090909
38 0.009090909
21414 0.009090909
11049 0.009090909
18731 0.018181818
13485 0.018181818
19886 0.036363635
17327 0.009090909
8243 0.018181818
7741 0.018181818
4286 0.018181818
13503 0.009090909
4161 0.009090909
14402 0.018181818
8259 0.045454547
21445 0.018181818
9925 0.018181818
4934 0.009090909
6215 0.009090909
13255 0.009090909
8263 0.009090909
2119 0.009090909
11208 0.009090909
18760 0.07272727
716 0.009090909
11598 0.009090909
1488 0.009090909
3285 0.009090909
2390 0.009090909
20696 0.018181818
21465 0.1
13532 0.009090909
19806 0.009090909
10591 0.009090909
2016 0.009090909
5859 0.009090909
2662 0.045454547
4714 0.009090909
18414 0.009090909
3950 0.009090909
1006 0.018181818
13041 0.018181818
7669 0.009090909
9975 0.009090909
2041 0.009090909
11643 0.009090909
3323 0.018181818
20349 0.009090909
3839 0.018181818
