1922 0.008333334
16387 0.008333334
21123 0.008333334
5380 0.008333334
20231 0.008333334
3080 0.008333334
9352 0.016666668
9482 0.008333334
16396 0.008333334
10767 0.008333334
8592 0.008333334
17553 0.008333334
4626 0.008333334
4371 0.008333334
5396 0.041666668
20501 0.016666668
278 0.008333334
5019 0.008333334
798 0.008333334
31 0.008333334
20516 0.008333334
10025 0.008333334
20139 0.008333334
7211 0.008333334
19886 0.008333334
14127 0.008333334
17327 0.025
5426 0.008333334
6325 0.016666668
21432 0.008333334
3645 0.016666668
7999 0.008333334
6336 0.008333334
4161 0.008333334
9413 0.008333334
9926 0.008333334
19913 0.008333334
6091 0.025
9036 0.008333334
14156 0.008333334
4556 0.016666668
14671 0.016666668
16724 0.008333334
9046 0.008333334
18263 0.041666668
5080 0.008333334
20696 0.016666668
14425 0.008333334
13532 0.025
16477 0.008333334
4574 0.008333334
9310 0.008333334
16736 0.008333334
16481 0.008333334
9057 0.008333334
11363 0.008333334
13155 0.008333334
20579 0.008333334
16356 0.008333334
6116 0.016666668
21605 0.008333334
20453 0.016666668
6886 0.008333334
2278 0.008333334
359 0.016666668
7659 0.016666668
6509 0.008333334
1006 0.008333334
494 0.008333334
3950 0.016666668
21487 0.008333334
18544 0.008333334
3058 0.033333335
11635 0.025
21621 0.025
1399 0.016666668
20217 0.016666668
3323 0.008333334
6780 0.008333334
8061 0.008333334
8573 0.008333334
3839 0.008333334
6143 0.025
