21123 0.0125
16003 0.0625
8709 0.0125
3080 0.0125
9352 0.0375
6409 0.0125
13196 0.0125
5900 0.025
2061 0.0125
10767 0.0125
6032 0.0125
10897 0.0125
20501 0.0125
2197 0.0125
10651 0.0125
3739 0.0125
2459 0.0125
21277 0.025
3745 0.0125
38 0.025
7847 0.0125
6952 0.075
13485 0.0125
4654 0.0125
17327 0.025
2864 0.0375
20402 0.0125
2867 0.0125
11701 0.0125
2614 0.0125
8001 0.0125
14402 0.0125
8259 0.0125
8263 0.0125
6477 0.025
21588 0.025
8021 0.025
20438 0.0125
6359 0.0125
11611 0.0125
6237 0.0125
9951 0.0125
5856 0.0125
9441 0.0125
21345 0.0125
12001 0.0125
8035 0.0125
6886 0.0125
1006 0.0375
5105 0.0125
13426 0.0125
9975 0.0125
3323 0.0125
3839 0.0125
6143 0.025
19199 0.025
