4930 0.014285714
6722 0.014285714
16387 0.014285714
16003 0.014285714
21445 0.028571429
14727 0.028571429
4424 0.028571429
10763 0.014285714
11598 0.014285714
21136 0.014285714
11734 0.042857144
18263 0.042857144
20696 0.014285714
1754 0.028571429
20571 0.014285714
13532 0.028571429
12830 0.014285714
17184 0.014285714
11298 0.014285714
9250 0.014285714
163 0.24285714
20644 0.014285714
16356 0.1
38 0.028571429
11049 0.014285714
13097 0.042857144
298 0.014285714
20203 0.014285714
1006 0.014285714
17327 0.014285714
21872 0.014285714
13041 0.014285714
10612 0.014285714
21368 0.014285714
6206 0.014285714
15934 0.014285714
