21123 0.006666667
8709 0.006666667
12037 0.006666667
20360 0.006666667
4874 0.006666667
16396 0.006666667
15629 0.006666667
6541 0.006666667
18830 0.006666667
10767 0.006666667
20114 0.006666667
4371 0.006666667
9875 0.026666667
13844 0.006666667
20501 0.006666667
278 0.006666667
8855 0.013333334
5913 0.006666667
11932 0.006666667
2204 0.026666667
16669 0.013333334
19870 0.006666667
3105 0.006666667
20385 0.013333334
14625 0.033333335
15528 0.013333334
13097 0.006666667
13610 0.006666667
6186 0.013333334
2731 0.006666667
7211 0.013333334
6444 0.006666667
11180 0.006666667
21295 0.006666667
14127 0.013333334
2609 0.006666667
9393 0.013333334
10546 0.02
3123 0.006666667
21558 0.006666667
21942 0.006666667
14650 0.006666667
828 0.013333334
15934 0.053333335
13503 0.006666667
9663 0.02
13377 0.006666667
14402 0.006666667
10691 0.006666667
8259 0.006666667
16835 0.006666667
21445 0.006666667
10821 0.02
8263 0.013333334
17224 0.006666667
7752 0.013333334
16719 0.006666667
9041 0.006666667
19282 0.013333334
20438 0.006666667
11734 0.026666667
18263 0.046666667
6616 0.006666667
21464 0.013333334
14300 0.006666667
16605 0.006666667
20959 0.006666667
17378 0.013333334
5859 0.006666667
16356 0.006666667
3044 0.006666667
20453 0.006666667
8549 0.013333334
6886 0.006666667
2662 0.006666667
12394 0.006666667
8556 0.013333334
21872 0.006666667
12016 0.006666667
16753 0.006666667
10227 0.006666667
21875 0.006666667
11635 0.026666667
21621 0.006666667
13301 0.006666667
1399 0.026666667
14968 0.006666667
2041 0.006666667
18298 0.006666667
2683 0.006666667
9470 0.033333335
3455 0.006666667
