4100 0.0042918455
5893 0.017167382
10246 0.0042918455
17415 0.0042918455
5900 0.0042918455
2061 0.0042918455
15629 0.0042918455
17935 0.0042918455
8208 0.0042918455
5396 0.0042918455
22294 0.008583691
19736 0.008583691
4635 0.0042918455
18459 0.008583691
15900 0.0042918455
11292 0.0042918455
14365 0.0042918455
31 0.008583691
9250 0.012875536
298 0.0042918455
13613 0.0042918455
1584 0.0042918455
4915 0.0042918455
7220 0.0042918455
21813 0.0042918455
1335 0.0042918455
9017 0.0042918455
22075 0.008583691
319 0.0042918455
11327 0.008583691
18239 0.008583691
10309 0.0042918455
4934 0.008583691
4169 0.0042918455
16717 0.0042918455
5460 0.0042918455
20309 0.0042918455
18263 0.008583691
4444 0.0042918455
6239 0.008583691
16736 0.0042918455
7265 0.0042918455
11106 0.0042918455
11363 0.0042918455
20579 0.008583691
2662 0.0042918455
20838 0.0042918455
4714 0.008583691
20074 0.008583691
8811 0.0042918455
3950 0.0042918455
15474 0.0042918455
884 0.030042918
4477 0.0042918455
20349 0.0042918455
19581 0.03862661
11141 0.0042918455
15237 0.0042918455
13958 0.0042918455
9862 0.012875536
2184 0.0042918455
18321 0.0042918455
150 0.008583691
8343 0.008583691
14490 0.0042918455
10651 0.0042918455
11932 0.021459227
20638 0.0042918455
20127 0.0042918455
5025 0.0042918455
3745 0.008583691
1192 0.0042918455
15528 0.0042918455
14508 0.0042918455
13485 0.0042918455
19886 0.012875536
10417 0.0042918455
14515 0.0042918455
8371 0.017167382
6324 0.0042918455
9141 0.0042918455
20405 0.034334764
20153 0.0042918455
19642 0.0042918455
8890 0.012875536
6336 0.0042918455
16064 0.0042918455
5825 0.008583691
21698 0.0042918455
11971 0.0042918455
18116 0.0042918455
9157 0.012875536
2758 0.017167382
16583 0.0042918455
13255 0.008583691
1482 0.0042918455
1488 0.0042918455
10451 0.051502146
20696 0.030042918
4570 0.0042918455
10461 0.0042918455
4574 0.0042918455
6623 0.0042918455
14560 0.0042918455
8163 0.0042918455
20451 0.0042918455
6886 0.008583691
16871 0.0042918455
14060 0.025751073
1006 0.012875536
19183 0.0042918455
12016 0.008583691
18417 0.0042918455
12020 0.0042918455
2292 0.0042918455
7160 0.0042918455
11512 0.08154506
3323 0.0042918455
5631 0.008583691
3839 0.030042918
