8709 0.011627907
4874 0.011627907
4490 0.011627907
9100 0.034883723
14992 0.011627907
278 0.011627907
17431 0.011627907
9114 0.011627907
10651 0.011627907
3232 0.011627907
3105 0.011627907
12325 0.011627907
12710 0.011627907
20263 0.011627907
20648 0.011627907
15528 0.011627907
20139 0.011627907
9772 0.011627907
16305 0.011627907
11315 0.011627907
15286 0.011627907
6201 0.011627907
4410 0.011627907
15295 0.011627907
4161 0.034883723
14402 0.011627907
8259 0.093023255
14150 0.011627907
12871 0.011627907
17738 0.011627907
19148 0.011627907
16717 0.011627907
15310 0.011627907
14671 0.034883723
21076 0.011627907
20437 0.034883723
14806 0.023255814
11607 0.011627907
18263 0.069767445
12765 0.011627907
21345 0.011627907
19553 0.023255814
10083 0.011627907
16356 0.023255814
20453 0.011627907
19688 0.011627907
4841 0.011627907
1006 0.011627907
17262 0.011627907
3950 0.011627907
12016 0.011627907
13041 0.011627907
13426 0.011627907
11635 0.023255814
884 0.011627907
20726 0.011627907
19062 0.011627907
7927 0.011627907
1399 0.023255814
21245 0.011627907
6143 0.011627907
