7680 0.0025906735
8194 0.0025906735
5380 0.0025906735
4100 0.005181347
9988 0.010362694
14341 0.0025906735
5893 0.015544041
10246 0.005181347
4618 0.0025906735
10763 0.0077720205
15629 0.005181347
10767 0.0025906735
22294 0.0025906735
19736 0.0077720205
4635 0.010362694
15900 0.0025906735
3101 0.0025906735
16926 0.005181347
13855 0.0025906735
3104 0.0025906735
12321 0.0025906735
9250 0.0025906735
11298 0.020725388
6435 0.0025906735
21541 0.005181347
14886 0.0025906735
38 0.005181347
298 0.012953368
21291 0.005181347
6444 0.0025906735
13613 0.005181347
15662 0.005181347
4658 0.0025906735
10546 0.005181347
20020 0.012953368
311 0.0077720205
11833 0.0025906735
14650 0.005181347
13883 0.0025906735
4924 0.0025906735
8508 0.005181347
4669 0.0025906735
7486 0.0025906735
12095 0.0025906735
11327 0.005181347
7492 0.0025906735
10821 0.010362694
4934 0.0025906735
18758 0.005181347
8263 0.0025906735
2632 0.0025906735
14153 0.0025906735
16717 0.005181347
18510 0.0025906735
11598 0.0025906735
6479 0.0025906735
3922 0.0025906735
7252 0.005181347
17751 0.0025906735
18263 0.005181347
15196 0.0025906735
14431 0.005181347
1376 0.0025906735
18528 0.038860105
21345 0.0025906735
13411 0.0025906735
10083 0.0025906735
15971 0.005181347
20579 0.0025906735
12901 0.0025906735
3430 0.0025906735
15208 0.0025906735
15209 0.018134715
109 0.0025906735
6509 0.0025906735
11635 0.033678755
10868 0.005181347
884 0.010362694
12664 0.0025906735
11905 0.005181347
2690 0.0025906735
16773 0.0025906735
9862 0.0025906735
8070 0.005181347
3982 0.0077720205
20883 0.0025906735
4758 0.0025906735
9366 0.005181347
8343 0.005181347
8088 0.0025906735
19865 0.005181347
11932 0.0025906735
1948 0.005181347
19101 0.0025906735
9373 0.0025906735
11425 0.005181347
10917 0.0025906735
21160 0.0025906735
7082 0.005181347
19886 0.0025906735
18606 0.0025906735
17840 0.0025906735
5042 0.0025906735
14514 0.0025906735
1716 0.0025906735
9141 0.0025906735
20405 0.012953368
20150 0.0025906735
14263 0.126943
6588 0.0025906735
12734 0.0025906735
18369 0.0025906735
5825 0.0025906735
10691 0.005181347
3268 0.005181347
16582 0.0025906735
2758 0.0077720205
12492 0.0025906735
716 0.0025906735
19917 0.005181347
4560 0.0077720205
1488 0.010362694
10451 0.020725388
4052 0.0025906735
20437 0.0025906735
20696 0.059585493
5849 0.0025906735
21465 0.023316063
11739 0.0025906735
6364 0.0025906735
14300 0.0025906735
13532 0.012953368
5349 0.0025906735
20453 0.005181347
8422 0.005181347
10472 0.0025906735
20712 0.0025906735
7914 0.0025906735
3306 0.0025906735
1006 0.0077720205
20723 0.0025906735
10484 0.0025906735
2292 0.0025906735
1524 0.0077720205
18677 0.0025906735
14582 0.0025906735
14840 0.0025906735
11512 0.04404145
17658 0.015544041
3323 0.010362694
10492 0.0025906735
5631 0.0025906735
3839 0.0025906735
