11264 0.012820513
19712 0.012820513
20737 0.012820513
16002 0.012820513
4867 0.012820513
21123 0.012820513
2436 0.012820513
10897 0.012820513
17553 0.012820513
20883 0.012820513
917 0.025641026
150 0.012820513
17815 0.012820513
17305 0.025641026
11932 0.03846154
17949 0.025641026
15902 0.012820513
2207 0.051282052
21408 0.012820513
9250 0.012820513
18467 0.012820513
12710 0.012820513
298 0.025641026
7211 0.012820513
13485 0.012820513
13613 0.03846154
1072 0.012820513
12208 0.012820513
20659 0.012820513
12595 0.012820513
15925 0.012820513
7733 0.012820513
2870 0.012820513
57 0.012820513
10297 0.012820513
14651 0.012820513
7485 0.012820513
4669 0.025641026
22210 0.012820513
15557 0.012820513
9673 0.012820513
19531 0.012820513
7755 0.012820513
6864 0.012820513
9041 0.012820513
7124 0.03846154
20696 0.012820513
13532 0.012820513
15078 0.012820513
16871 0.012820513
8811 0.012820513
11245 0.012820513
3950 0.012820513
1006 0.03846154
13041 0.012820513
18290 0.012820513
3058 0.012820513
11635 0.012820513
3323 0.025641026
11644 0.012820513
5631 0.012820513
