1410 0.021276595
16387 0.021276595
8837 0.021276595
21445 0.021276595
10821 0.06382979
13513 0.021276595
15625 0.021276595
21706 0.021276595
16843 0.021276595
9100 0.021276595
13260 0.06382979
2193 0.021276595
16789 0.021276595
2393 0.021276595
16409 0.021276595
13532 0.021276595
15196 0.021276595
6239 0.021276595
2335 0.021276595
2721 0.021276595
21345 0.021276595
1507 0.021276595
20453 0.021276595
11049 0.021276595
10025 0.021276595
7914 0.021276595
3306 0.021276595
1066 0.04255319
1261 0.021276595
19886 0.021276595
1006 0.021276595
21487 0.021276595
8368 0.021276595
11635 0.021276595
21621 0.04255319
19062 0.021276595
6135 0.021276595
5111 0.021276595
1399 0.021276595
6143 0.04255319
