8194 0.019543974
4100 0.0130293155
5893 0.029315962
10246 0.0065146578
20231 0.0032573289
4359 0.0032573289
17415 0.0032573289
6409 0.0032573289
16396 0.0065146578
13844 0.0032573289
3348 0.0032573289
278 0.0032573289
8474 0.0032573289
4635 0.019543974
13855 0.0065146578
12321 0.0032573289
13345 0.0065146578
11298 0.0032573289
9250 0.0065146578
21541 0.0032573289
298 0.0032573289
13610 0.0032573289
18731 0.0065146578
14891 0.0065146578
1324 0.0032573289
13613 0.0032573289
22064 0.0032573289
14386 0.0032573289
20020 0.0032573289
21044 0.0032573289
21813 0.0065146578
6454 0.0032573289
21558 0.0032573289
14905 0.0065146578
14650 0.0032573289
3645 0.022801302
11327 0.009771987
18239 0.016286645
2112 0.06188925
5957 0.0032573289
10309 0.009771987
18758 0.0032573289
12871 0.0065146578
8263 0.0065146578
12361 0.0032573289
19020 0.0065146578
10317 0.0032573289
20813 0.0032573289
16717 0.0065146578
21076 0.0032573289
18263 0.0065146578
19034 0.0032573289
13659 0.0032573289
1627 0.0032573289
20315 0.0065146578
2140 0.0032573289
16736 0.0032573289
21345 0.019543974
10083 0.0032573289
2662 0.0032573289
3430 0.0065146578
15208 0.0130293155
8044 0.0032573289
12398 0.0032573289
10097 0.0032573289
10355 0.0032573289
5235 0.0032573289
19581 0.03583062
16003 0.0065146578
8070 0.0032573289
9862 0.009771987
7562 0.0032573289
1420 0.0032573289
11151 0.0032573289
144 0.0032573289
10896 0.0065146578
913 0.0065146578
20882 0.0032573289
16533 0.0032573289
3478 0.0032573289
7830 0.0065146578
8343 0.0130293155
21401 0.0032573289
19865 0.0032573289
12188 0.0032573289
11932 0.0130293155
3745 0.0032573289
5025 0.009771987
12710 0.009771987
4520 0.0032573289
10159 0.0032573289
8368 0.0065146578
14514 0.0032573289
20405 0.029315962
19126 0.0032573289
14265 0.0032573289
16058 0.03583062
6336 0.0032573289
6849 0.0032573289
10691 0.0032573289
2758 0.0065146578
13255 0.0032573289
1224 0.0032573289
16329 0.0032573289
8140 0.0032573289
462 0.0032573289
718 0.0065146578
12495 0.0065146578
1488 0.0032573289
10451 0.039087947
20437 0.0032573289
11734 0.0032573289
16599 0.0032573289
20696 0.0032573289
15323 0.0032573289
6623 0.009771987
13538 0.0130293155
6116 0.0032573289
20453 0.0032573289
1253 0.0032573289
5861 0.009771987
6886 0.009771987
6888 0.0032573289
20712 0.0032573289
14314 0.0032573289
20203 0.0032573289
18414 0.0032573289
1006 0.016286645
496 0.0032573289
12016 0.0065146578
241 0.0032573289
20723 0.0032573289
499 0.0032573289
11512 0.06840391
2041 0.0032573289
20217 0.0032573289
5631 0.0032573289
