13826 0.010416667
8194 0.010416667
5253 0.03125
8837 0.0625
17415 0.010416667
20231 0.020833334
2188 0.010416667
20493 0.010416667
15120 0.010416667
5777 0.010416667
20883 0.020833334
16276 0.020833334
2837 0.010416667
5269 0.020833334
1048 0.010416667
153 0.010416667
5149 0.010416667
11422 0.010416667
15903 0.010416667
3745 0.020833334
15528 0.010416667
1960 0.020833334
20648 0.114583336
10025 0.010416667
14891 0.010416667
19886 0.020833334
11825 0.010416667
10546 0.020833334
20020 0.010416667
12470 0.010416667
12727 0.010416667
6584 0.010416667
57 0.010416667
13883 0.010416667
19646 0.010416667
7999 0.010416667
6336 0.010416667
19137 0.010416667
10691 0.010416667
18758 0.010416667
8263 0.010416667
4039 0.010416667
4682 0.010416667
15952 0.010416667
10451 0.010416667
20437 0.010416667
19286 0.010416667
4441 0.010416667
7642 0.010416667
6623 0.010416667
6239 0.020833334
9441 0.020833334
13155 0.010416667
3306 0.010416667
20203 0.010416667
11883 0.010416667
15469 0.010416667
1006 0.010416667
13039 0.010416667
20336 0.010416667
11504 0.020833334
11635 0.010416667
21621 0.010416667
4469 0.010416667
1399 0.020833334
8573 0.010416667
6143 0.010416667
