21123 0.012987013
10248 0.012987013
19594 0.012987013
9227 0.051948052
2188 0.012987013
1168 0.012987013
8592 0.012987013
9875 0.012987013
13844 0.012987013
278 0.025974026
17559 0.025974026
153 0.012987013
14746 0.012987013
17949 0.012987013
18077 0.012987013
16288 0.012987013
22050 0.012987013
20773 0.012987013
15528 0.012987013
13097 0.025974026
17450 0.012987013
13613 0.012987013
5550 0.012987013
17327 0.012987013
12208 0.012987013
11825 0.012987013
13491 0.012987013
180 0.012987013
828 0.012987013
8259 0.025974026
3268 0.012987013
21445 0.012987013
12357 0.012987013
5843 0.012987013
11734 0.025974026
3288 0.051948052
7897 0.012987013
14173 0.012987013
5471 0.012987013
16736 0.012987013
6368 0.012987013
17633 0.025974026
13026 0.012987013
13410 0.025974026
15971 0.012987013
8035 0.012987013
20579 0.012987013
6116 0.012987013
16356 0.025974026
20453 0.012987013
19557 0.012987013
12016 0.012987013
8561 0.012987013
11635 0.012987013
14838 0.012987013
4342 0.012987013
1399 0.025974026
3323 0.038961038
20860 0.012987013
17406 0.012987013
