2048 0.008264462
21378 0.008264462
14851 0.008264462
21123 0.008264462
17923 0.008264462
8837 0.041322313
13452 0.008264462
15629 0.008264462
20495 0.008264462
10767 0.016528925
3730 0.008264462
18834 0.008264462
13458 0.016528925
4758 0.008264462
8343 0.008264462
2333 0.008264462
6688 0.008264462
3104 0.049586777
5025 0.008264462
3745 0.008264462
12583 0.008264462
11049 0.008264462
5801 0.008264462
9387 0.008264462
9772 0.008264462
17197 0.008264462
13485 0.008264462
19886 0.008264462
8368 0.016528925
10546 0.008264462
12595 0.008264462
180 0.008264462
21813 0.008264462
5814 0.008264462
4025 0.008264462
14650 0.008264462
7999 0.016528925
13503 0.016528925
5825 0.008264462
18369 0.008264462
14402 0.008264462
1858 0.008264462
10691 0.008264462
8259 0.05785124
2758 0.008264462
6215 0.008264462
3148 0.008264462
14924 0.016528925
15823 0.008264462
20309 0.008264462
7637 0.08264463
20694 0.016528925
18263 0.008264462
2265 0.016528925
4314 0.008264462
6237 0.008264462
8029 0.008264462
16480 0.008264462
21345 0.008264462
2274 0.008264462
13155 0.008264462
16356 0.016528925
20453 0.008264462
17127 0.008264462
3306 0.03305785
11883 0.008264462
1006 0.008264462
5231 0.008264462
11504 0.008264462
9456 0.008264462
15472 0.008264462
13041 0.008264462
18290 0.016528925
11635 0.008264462
8435 0.03305785
884 0.008264462
18677 0.008264462
1399 0.008264462
3579 0.008264462
12283 0.008264462
4735 0.008264462
