13952 0.015625
7680 0.015625
4161 0.015625
8194 0.015625
8259 0.03125
7305 0.015625
8140 0.015625
15309 0.015625
400 0.015625
1488 0.03125
19155 0.015625
20696 0.015625
21465 0.015625
731 0.015625
14300 0.015625
15902 0.015625
12830 0.015625
12511 0.015625
20065 0.03125
11298 0.015625
4066 0.015625
10083 0.03125
6116 0.03125
20453 0.03125
16871 0.015625
11432 0.015625
17452 0.1875
1006 0.015625
4654 0.015625
12208 0.03125
8368 0.03125
18290 0.03125
8371 0.015625
20339 0.03125
22262 0.015625
14650 0.03125
891 0.015625
18237 0.03125
6143 0.015625
5631 0.03125
