19969 0.010204081
5892 0.030612245
11141 0.010204081
18566 0.020408163
4874 0.010204081
10763 0.010204081
16396 0.010204081
15629 0.020408163
4495 0.010204081
8592 0.040816326
9361 0.010204081
2193 0.10204082
3730 0.010204081
19603 0.010204081
21401 0.010204081
7193 0.010204081
153 0.010204081
3998 0.010204081
13983 0.010204081
15903 0.010204081
13857 0.010204081
14625 0.010204081
22050 0.010204081
14243 0.010204081
6819 0.010204081
15528 0.010204081
11049 0.020408163
13610 0.010204081
13613 0.020408163
5550 0.010204081
19376 0.010204081
15152 0.010204081
311 0.010204081
6201 0.010204081
14650 0.010204081
4026 0.010204081
13249 0.010204081
9025 0.010204081
12226 0.010204081
14402 0.020408163
7747 0.010204081
8259 0.010204081
18758 0.010204081
2758 0.020408163
6215 0.030612245
13770 0.010204081
12365 0.010204081
16717 0.010204081
13775 0.010204081
337 0.010204081
21588 0.010204081
2390 0.010204081
18263 0.010204081
21464 0.010204081
20696 0.010204081
5849 0.010204081
14300 0.010204081
13532 0.030612245
11235 0.010204081
10083 0.020408163
1006 0.010204081
10095 0.010204081
17136 0.010204081
5747 0.010204081
21621 0.010204081
9206 0.010204081
1399 0.020408163
11644 0.010204081
10492 0.010204081
15484 0.010204081
12029 0.010204081
21373 0.010204081
