20360 0.0078125
6153 0.0234375
18064 0.0078125
18706 0.0078125
13458 0.0078125
146 0.015625
9875 0.015625
4371 0.015625
20883 0.0703125
8468 0.0078125
150 0.0078125
4758 0.0078125
8343 0.03125
15257 0.0078125
11932 0.0078125
19230 0.0078125
4513 0.0078125
2721 0.0078125
3745 0.0078125
9250 0.0078125
38 0.0078125
1192 0.0078125
1066 0.0078125
7082 0.0078125
19886 0.0078125
17327 0.015625
14650 0.0078125
5435 0.0078125
6336 0.0078125
5825 0.0078125
4161 0.0234375
10691 0.0234375
8259 0.0390625
19908 0.0078125
18758 0.0078125
17224 0.0078125
18378 0.03125
14027 0.0078125
716 0.0234375
11598 0.0078125
2390 0.015625
11607 0.0078125
18263 0.015625
16729 0.015625
16346 0.0078125
20571 0.015625
10460 0.0078125
13919 0.0078125
21345 0.015625
13794 0.0078125
14691 0.0078125
13155 0.015625
20579 0.015625
3044 0.03125
6886 0.0078125
5735 0.0078125
16871 0.0078125
6888 0.0078125
17513 0.0078125
1006 0.0078125
17262 0.0078125
16881 0.015625
3826 0.0078125
20723 0.0234375
2293 0.015625
22134 0.046875
1399 0.046875
11000 0.0078125
2041 0.0078125
17658 0.0078125
15484 0.0078125
12796 0.0078125
8444 0.0078125
17661 0.0078125
