7168 0.002994012
16387 0.002994012
14855 0.002994012
16905 0.002994012
4107 0.008982036
16396 0.002994012
18957 0.002994012
10767 0.002994012
13327 0.002994012
6162 0.005988024
22035 0.002994012
13844 0.002994012
13334 0.002994012
2070 0.002994012
5149 0.002994012
13855 0.002994012
6688 0.002994012
3105 0.002994012
12321 0.005988024
22050 0.002994012
20516 0.002994012
38 0.002994012
8743 0.002994012
21033 0.002994012
7209 0.002994012
7211 0.002994012
8237 0.002994012
2609 0.002994012
21044 0.005988024
14394 0.002994012
5691 0.002994012
10304 0.002994012
4161 0.008982036
14402 0.011976048
8259 0.038922157
10821 0.002994012
12871 0.002994012
8263 0.008982036
4681 0.002994012
4169 0.002994012
7755 0.002994012
3154 0.002994012
15448 0.002994012
2650 0.002994012
11360 0.002994012
6752 0.002994012
16481 0.002994012
20065 0.002994012
10340 0.002994012
2662 0.008982036
8811 0.002994012
11883 0.005988024
16495 0.002994012
18544 0.002994012
15988 0.002994012
21110 0.002994012
19062 0.002994012
3702 0.002994012
13441 0.008982036
18056 0.002994012
21640 0.005988024
13450 0.002994012
1164 0.002994012
21133 0.002994012
19598 0.002994012
17553 0.002994012
10897 0.005988024
8343 0.011976048
12441 0.002994012
153 0.008982036
11932 0.002994012
21150 0.002994012
8352 0.002994012
2721 0.002994012
8355 0.002994012
11432 0.002994012
13485 0.002994012
180 0.002994012
1716 0.002994012
4789 0.002994012
19126 0.002994012
19641 0.002994012
2747 0.008982036
3268 0.002994012
3269 0.008982036
2758 0.005988024
21706 0.002994012
12495 0.005988024
13008 0.002994012
209 0.002994012
3288 0.002994012
21208 0.002994012
20696 0.002994012
20185 0.005988024
13532 0.002994012
2269 0.002994012
17633 0.002994012
2275 0.002994012
8422 0.002994012
6886 0.011976048
2791 0.002994012
18153 0.002994012
7916 0.002994012
16621 0.002994012
19183 0.002994012
18159 0.005988024
2288 0.002994012
19696 0.0149700595
8433 0.002994012
241 0.005988024
13041 0.008982036
5362 0.002994012
17144 0.005988024
4857 0.002994012
17661 0.002994012
18177 0.002994012
5892 0.002994012
14085 0.002994012
20231 0.035928145
12552 0.002994012
7433 0.002994012
13066 0.002994012
8974 0.002994012
1295 0.002994012
4371 0.002994012
3859 0.002994012
16660 0.002994012
6939 0.002994012
18208 0.002994012
802 0.002994012
20259 0.002994012
20263 0.002994012
6952 0.002994012
13610 0.005988024
1837 0.008982036
8497 0.005988024
5426 0.002994012
10546 0.002994012
14650 0.002994012
828 0.002994012
9021 0.005988024
18237 0.005988024
7999 0.002994012
11073 0.002994012
4930 0.005988024
2372 0.008982036
18758 0.002994012
16717 0.011976048
11598 0.005988024
11088 0.002994012
2897 0.002994012
2390 0.002994012
18263 0.008982036
16729 0.002994012
5466 0.002994012
14684 0.002994012
20830 0.002994012
13664 0.002994012
16736 0.008982036
8545 0.002994012
13155 0.002994012
14694 0.005988024
5481 0.002994012
6509 0.005988024
10097 0.002994012
11121 0.002994012
11635 0.002994012
884 0.002994012
1399 0.011976048
16762 0.002994012
11131 0.002994012
8573 0.008982036
15233 0.002994012
1410 0.002994012
8070 0.002994012
14727 0.002994012
12171 0.002994012
9100 0.002994012
18834 0.005988024
18323 0.002994012
12185 0.002994012
10651 0.04491018
20386 0.002994012
17318 0.002994012
18342 0.002994012
12710 0.017964073
7592 0.002994012
8630 0.002994012
21432 0.002994012
7106 0.002994012
3010 0.002994012
10691 0.005988024
21445 0.011976048
6092 0.002994012
13260 0.011976048
1488 0.002994012
17361 0.002994012
20437 0.005988024
21464 0.002994012
7135 0.002994012
4576 0.002994012
11233 0.002994012
6116 0.002994012
3044 0.002994012
20453 0.005988024
16871 0.002994012
14314 0.002994012
1006 0.005988024
3058 0.002994012
20988 0.002994012
6141 0.002994012
4095 0.002994012
6143 0.005988024
