8194 0.00990099
4100 0.02970297
2695 0.00990099
20231 0.01980198
21003 0.00990099
9611 0.00990099
4107 0.01980198
16396 0.00990099
11920 0.00990099
4625 0.00990099
17553 0.01980198
8343 0.01980198
409 0.00990099
21401 0.00990099
2204 0.0990099
12321 0.00990099
1955 0.00990099
21541 0.00990099
3111 0.00990099
8616 0.00990099
11049 0.01980198
12460 0.00990099
9772 0.01980198
4654 0.00990099
22064 0.00990099
6450 0.00990099
9139 0.18811882
15414 0.00990099
13623 0.00990099
14650 0.00990099
11073 0.00990099
8259 0.02970297
14022 0.02970297
16841 0.00990099
21706 0.00990099
11598 0.00990099
2390 0.01980198
18263 0.00990099
21464 0.00990099
20696 0.04950495
14300 0.00990099
13532 0.01980198
6116 0.01980198
15209 0.00990099
8811 0.00990099
1006 0.00990099
20719 0.00990099
20723 0.00990099
6643 0.01980198
1399 0.00990099
15610 0.00990099
6395 0.00990099
8573 0.00990099
11391 0.00990099
