13952 0.006849315
13441 0.01369863
8194 0.006849315
21123 0.006849315
16003 0.020547945
14085 0.006849315
8837 0.006849315
4870 0.006849315
9352 0.006849315
15116 0.006849315
14093 0.01369863
20493 0.01369863
16911 0.006849315
18064 0.006849315
22035 0.006849315
4371 0.006849315
20501 0.006849315
150 0.006849315
8855 0.006849315
19865 0.006849315
153 0.01369863
10651 0.020547945
11932 0.02739726
5150 0.006849315
928 0.006849315
6050 0.01369863
10533 0.006849315
12710 0.006849315
38 0.01369863
4903 0.006849315
20263 0.006849315
18731 0.006849315
7211 0.006849315
2731 0.006849315
13613 0.006849315
4654 0.006849315
19886 0.01369863
6577 0.006849315
9139 0.006849315
17588 0.006849315
8630 0.006849315
4025 0.01369863
3130 0.06849315
3645 0.04109589
13503 0.006849315
16064 0.006849315
11073 0.006849315
5825 0.006849315
22210 0.006849315
1858 0.006849315
10562 0.006849315
3522 0.006849315
8259 0.006849315
10821 0.006849315
16582 0.006849315
9926 0.006849315
13255 0.006849315
7752 0.006849315
21706 0.006849315
1482 0.020547945
716 0.006849315
13260 0.006849315
5580 0.006849315
18381 0.006849315
16717 0.01369863
3412 0.006849315
18263 0.006849315
20825 0.006849315
21465 0.01369863
12890 0.006849315
731 0.006849315
8795 0.006849315
15966 0.006849315
1376 0.006849315
21345 0.006849315
7265 0.020547945
13155 0.01369863
5861 0.006849315
2534 0.01369863
2662 0.01369863
6886 0.020547945
11883 0.02739726
7916 0.006849315
18414 0.006849315
1006 0.01369863
241 0.006849315
13041 0.020547945
11635 0.01369863
21621 0.006849315
21110 0.006849315
17910 0.006849315
13307 0.01369863
18812 0.006849315
253 0.01369863
19199 0.006849315
6143 0.01369863
