2690 0.0078125
8194 0.0078125
5892 0.015625
12037 0.015625
16390 0.0078125
17415 0.0078125
3339 0.0078125
2188 0.015625
17549 0.0078125
17679 0.0078125
8592 0.015625
3730 0.015625
20627 0.0078125
18323 0.015625
13844 0.0078125
17685 0.0078125
917 0.0078125
22294 0.0234375
8343 0.03125
21401 0.0078125
9250 0.0078125
3619 0.0078125
21541 0.0078125
13097 0.015625
298 0.0078125
2731 0.0078125
13613 0.0234375
17327 0.0078125
17840 0.015625
19250 0.015625
12595 0.0078125
20020 0.015625
1720 0.0078125
14650 0.0234375
11837 0.0078125
5825 0.015625
3522 0.0078125
1858 0.0078125
8259 0.0078125
9412 0.0078125
8260 0.0078125
4934 0.0078125
2119 0.0078125
8263 0.0078125
12871 0.0078125
22222 0.0078125
19408 0.0078125
20820 0.0078125
20437 0.0078125
9046 0.0078125
11734 0.015625
12118 0.046875
18263 0.0078125
20696 0.03125
4315 0.0078125
16605 0.015625
20960 0.015625
21345 0.0078125
19683 0.0078125
20579 0.015625
19044 0.0078125
16356 0.015625
20453 0.0078125
8422 0.0078125
359 0.0078125
6119 0.015625
2794 0.0078125
21487 0.0078125
12271 0.0078125
18544 0.0078125
11504 0.0078125
20336 0.015625
13041 0.0078125
5105 0.0078125
11635 0.0078125
884 0.0078125
2293 0.0078125
4342 0.0078125
1399 0.0390625
18683 0.0078125
3323 0.046875
10492 0.0078125
1660 0.0078125
19711 0.0078125
