7680 0.0026595744
8194 0.0026595744
8709 0.0026595744
5893 0.034574468
16390 0.0026595744
10246 0.013297873
17415 0.005319149
9227 0.0026595744
16396 0.0026595744
10767 0.007978723
2836 0.0026595744
5396 0.007978723
22294 0.0026595744
17431 0.0026595744
19736 0.005319149
8218 0.0026595744
4635 0.007978723
15900 0.0026595744
6688 0.0026595744
6435 0.0026595744
21541 0.005319149
17446 0.0026595744
4903 0.0026595744
2602 0.005319149
18731 0.0026595744
1584 0.010638298
10545 0.0026595744
10546 0.0026595744
22067 0.0026595744
8243 0.0026595744
20020 0.0026595744
11829 0.0026595744
13621 0.010638298
21558 0.0026595744
311 0.007978723
14650 0.007978723
8251 0.0026595744
17469 0.026595745
15422 0.005319149
11327 0.005319149
18239 0.010638298
1858 0.0026595744
10821 0.010638298
18758 0.0026595744
14662 0.0026595744
4934 0.010638298
6215 0.0026595744
2119 0.005319149
8263 0.010638298
9036 0.007978723
12365 0.0026595744
10065 0.005319149
2130 0.0026595744
1364 0.0026595744
21588 0.015957447
6999 0.0026595744
18263 0.005319149
17751 0.007978723
15193 0.0026595744
9310 0.0026595744
7007 0.0026595744
6239 0.005319149
16736 0.005319149
21345 0.005319149
20579 0.0026595744
2662 0.0026595744
3430 0.01861702
616 0.0026595744
13160 0.005319149
15209 0.007978723
6509 0.0026595744
109 0.0026595744
17265 0.0026595744
13426 0.0026595744
1909 0.0026595744
19062 0.005319149
6525 0.0026595744
19581 0.010638298
13186 0.0026595744
11141 0.0026595744
20360 0.005319149
8843 0.0026595744
6286 0.0026595744
6032 0.0026595744
9361 0.0026595744
917 0.0026595744
150 0.0026595744
8855 0.005319149
8343 0.01861702
10649 0.005319149
9370 0.0026595744
8603 0.0026595744
11932 0.0026595744
13983 0.0026595744
18340 0.0026595744
20648 0.0026595744
5032 0.0026595744
6575 0.0026595744
17840 0.0026595744
12208 0.007978723
14514 0.0026595744
4531 0.0026595744
20405 0.010638298
5825 0.021276595
21698 0.0026595744
3522 0.005319149
10691 0.0026595744
9157 0.005319149
2758 0.007978723
16582 0.010638298
1482 0.0026595744
19917 0.0026595744
718 0.0026595744
462 0.0026595744
9935 0.0026595744
4816 0.0026595744
20176 0.0026595744
1488 0.10638298
10451 0.023936171
20437 0.0026595744
20696 0.031914894
21465 0.0026595744
7897 0.007978723
1754 0.0026595744
2778 0.0026595744
731 0.0026595744
13532 0.0026595744
14300 0.005319149
12253 0.005319149
4319 0.0026595744
8675 0.0026595744
8163 0.005319149
3300 0.0026595744
20196 0.005319149
6116 0.005319149
5861 0.0026595744
5349 0.0026595744
8422 0.0026595744
6886 0.013297873
6888 0.0026595744
7914 0.007978723
1006 0.010638298
21487 0.007978723
11504 0.0026595744
19696 0.0026595744
21232 0.0026595744
496 0.0026595744
12016 0.015957447
5105 0.0026595744
241 0.0026595744
13044 0.0026595744
1524 0.0026595744
15607 0.0026595744
16375 0.0026595744
11512 0.045212764
18681 0.0026595744
12793 0.0026595744
20217 0.0026595744
3323 0.007978723
3839 0.0026595744
5631 0.005319149
