18817 0.0050251256
13186 0.0050251256
1410 0.0050251256
3459 0.010050251
12037 0.010050251
20360 0.015075377
4874 0.0050251256
21003 0.0050251256
2188 0.0050251256
17166 0.0050251256
1295 0.0050251256
4371 0.020100502
8468 0.0050251256
13844 0.06030151
5396 0.12562814
150 0.010050251
22294 0.030150754
8855 0.0050251256
8088 0.0050251256
13210 0.0050251256
11932 0.0050251256
15903 0.0050251256
3105 0.0050251256
14753 0.0050251256
9250 0.0050251256
11298 0.0050251256
16677 0.0050251256
15528 0.0050251256
2984 0.0050251256
11049 0.0050251256
13097 0.0050251256
10025 0.0050251256
4649 0.0050251256
13610 0.0050251256
9642 0.0050251256
18606 0.0050251256
15662 0.0050251256
17327 0.0050251256
17329 0.0050251256
19250 0.0050251256
6325 0.110552765
19126 0.0050251256
17338 0.0050251256
14650 0.015075377
9915 0.0050251256
19648 0.0050251256
17346 0.0050251256
8259 0.010050251
4934 0.0050251256
16582 0.010050251
12871 0.0050251256
12103 0.0050251256
1867 0.0050251256
14156 0.010050251
12109 0.0050251256
211 0.0050251256
6356 0.0050251256
16981 0.0050251256
20821 0.010050251
11734 0.0050251256
17751 0.0050251256
20696 0.050251257
19161 0.0050251256
21465 0.015075377
13532 0.0050251256
14300 0.0050251256
2397 0.0050251256
19805 0.0050251256
21346 0.0050251256
15971 0.0050251256
20579 0.0050251256
11235 0.0050251256
16356 0.0050251256
6116 0.0050251256
21605 0.0050251256
20453 0.0050251256
359 0.0050251256
1006 0.020100502
21487 0.010050251
20336 0.0050251256
8560 0.0050251256
13041 0.0050251256
11635 0.020100502
7796 0.0050251256
884 0.0050251256
21621 0.0050251256
1397 0.0050251256
21110 0.0050251256
1399 0.0050251256
2041 0.0050251256
20217 0.0050251256
3323 0.020100502
253 0.0050251256
20349 0.010050251
13823 0.0050251256
3839 0.03517588
