3073 0.012345679
1410 0.012345679
12037 0.024691358
14855 0.012345679
15111 0.012345679
2188 0.012345679
17549 0.037037037
10767 0.012345679
20496 0.012345679
18064 0.012345679
13458 0.012345679
8343 0.024691358
153 0.012345679
9759 0.012345679
12447 0.012345679
5664 0.012345679
3745 0.012345679
10275 0.012345679
12325 0.012345679
6952 0.012345679
3240 0.012345679
13097 0.012345679
298 0.012345679
9772 0.012345679
1072 0.024691358
8371 0.012345679
20020 0.012345679
21044 0.012345679
21559 0.012345679
12476 0.012345679
8259 0.012345679
13509 0.012345679
21445 0.012345679
10821 0.024691358
22089 0.012345679
12617 0.012345679
11598 0.012345679
20942 0.012345679
3792 0.012345679
1488 0.024691358
12497 0.012345679
6226 0.012345679
20437 0.024691358
20696 0.086419754
17114 0.012345679
20571 0.012345679
7389 0.012345679
22111 0.012345679
16736 0.012345679
21345 0.037037037
5481 0.012345679
6255 0.012345679
8433 0.037037037
3058 0.012345679
20723 0.012345679
11635 0.024691358
884 0.012345679
1399 0.037037037
15610 0.012345679
3579 0.012345679
