14402 0.014492754
12291 0.014492754
8259 0.028985508
2372 0.014492754
6153 0.014492754
16396 0.014492754
4556 0.04347826
15629 0.014492754
6477 0.10144927
11598 0.014492754
10767 0.028985508
1488 0.014492754
13841 0.014492754
1105 0.057971016
13458 0.028985508
4371 0.014492754
20883 0.014492754
13844 0.014492754
7830 0.028985508
18263 0.014492754
8343 0.014492754
11932 0.014492754
16605 0.014492754
9250 0.014492754
5092 0.072463766
20453 0.028985508
15208 0.014492754
233 0.014492754
15209 0.014492754
13610 0.014492754
7211 0.014492754
9772 0.014492754
13613 0.014492754
4654 0.014492754
19054 0.014492754
14000 0.014492754
12016 0.014492754
14514 0.028985508
17523 0.014492754
1013 0.014492754
1399 0.072463766
3320 0.014492754
17661 0.028985508
