9100 0.0088495575
20751 0.0088495575
6032 0.0088495575
20624 0.0088495575
21522 0.026548672
4371 0.0088495575
20501 0.0088495575
14746 0.0088495575
11932 0.026548672
4007 0.017699115
9513 0.0088495575
1961 0.053097345
13610 0.0088495575
7211 0.0088495575
10284 0.061946902
13613 0.0088495575
12206 0.0088495575
19886 0.017699115
14515 0.044247787
22196 0.0088495575
20790 0.0088495575
14650 0.0088495575
15802 0.0088495575
8384 0.0088495575
5825 0.0088495575
4161 0.0088495575
21698 0.0088495575
10562 0.0088495575
14402 0.017699115
8259 0.03539823
10821 0.026548672
12357 0.088495575
16582 0.0088495575
4934 0.0088495575
18758 0.0088495575
11976 0.0088495575
22222 0.0088495575
14798 0.0088495575
21336 0.03539823
20696 0.03539823
6237 0.0088495575
21345 0.0088495575
12001 0.0088495575
21218 0.061946902
3044 0.0088495575
6116 0.0088495575
10598 0.0088495575
20712 0.0088495575
7914 0.0088495575
18414 0.0088495575
1006 0.017699115
21621 0.0088495575
18677 0.0088495575
15606 0.0088495575
4471 0.0088495575
7033 0.0088495575
15610 0.0088495575
5243 0.0088495575
3323 0.017699115
17661 0.0088495575
6143 0.0088495575
19199 0.017699115
