5825 0.014084507
8321 0.014084507
2690 0.014084507
7299 0.014084507
11012 0.014084507
16773 0.014084507
14533 0.04225352
8263 0.014084507
13450 0.014084507
16717 0.014084507
20175 0.014084507
10767 0.014084507
1746 0.014084507
9875 0.014084507
20883 0.04225352
13844 0.014084507
20501 0.014084507
20437 0.014084507
18263 0.028169014
19865 0.014084507
13787 0.014084507
11932 0.014084507
22238 0.18309858
18015 0.014084507
9250 0.014084507
13410 0.014084507
1955 0.014084507
18340 0.014084507
3044 0.014084507
14884 0.014084507
5092 0.014084507
16356 0.014084507
8485 0.014084507
38 0.028169014
13610 0.014084507
6509 0.014084507
11182 0.014084507
21038 0.014084507
8111 0.014084507
8368 0.04225352
21872 0.04225352
9393 0.014084507
20723 0.014084507
884 0.014084507
21110 0.014084507
1399 0.028169014
14330 0.014084507
2171 0.014084507
