19712 0.014705882
3841 0.014705882
20737 0.014705882
5825 0.029411765
4290 0.014705882
14402 0.014705882
8259 0.014705882
14022 0.014705882
12937 0.014705882
19594 0.014705882
16396 0.014705882
10125 0.014705882
5646 0.014705882
13327 0.014705882
10512 0.014705882
7381 0.029411765
150 0.014705882
2390 0.029411765
8343 0.014705882
17559 0.014705882
4440 0.014705882
731 0.014705882
19548 0.014705882
11932 0.04411765
6623 0.014705882
13155 0.014705882
163 0.029411765
10083 0.04411765
2662 0.029411765
38 0.04411765
11049 0.014705882
17513 0.014705882
13610 0.014705882
11883 0.05882353
10284 0.05882353
16496 0.014705882
17840 0.014705882
12016 0.029411765
18290 0.029411765
884 0.014705882
21621 0.014705882
2231 0.014705882
9975 0.014705882
311 0.014705882
7160 0.029411765
2043 0.014705882
4095 0.014705882
3199 0.014705882
