7680 0.007751938
8194 0.015503876
16387 0.007751938
11141 0.007751938
8070 0.03875969
11527 0.007751938
20493 0.007751938
10254 0.007751938
10510 0.007751938
10896 0.007751938
8592 0.015503876
10897 0.007751938
18834 0.007751938
8851 0.007751938
4371 0.015503876
153 0.007751938
21786 0.007751938
11932 0.007751938
15902 0.023255814
15903 0.007751938
2721 0.007751938
18338 0.015503876
9892 0.007751938
11049 0.007751938
18731 0.007751938
13742 0.007751938
19886 0.023255814
8498 0.007751938
20402 0.007751938
9139 0.007751938
8630 0.007751938
4286 0.007751938
5441 0.007751938
4161 0.007751938
13249 0.015503876
12355 0.007751938
10691 0.007751938
8259 0.031007752
18501 0.015503876
10821 0.023255814
6215 0.007751938
716 0.015503876
13260 0.031007752
22222 0.007751938
9041 0.007751938
18003 0.007751938
17751 0.007751938
16599 0.12403101
20696 0.015503876
20571 0.007751938
15196 0.08527132
6111 0.007751938
6239 0.007751938
20579 0.007751938
20453 0.007751938
2535 0.007751938
7914 0.007751938
3306 0.023255814
6509 0.007751938
1006 0.031007752
5105 0.007751938
21621 0.054263566
1399 0.031007752
20349 0.007751938
253 0.007751938
4351 0.007751938
