10880 0.008064516
9352 0.008064516
20360 0.016129032
2188 0.008064516
17549 0.008064516
15629 0.008064516
20367 0.008064516
1295 0.07258064
14995 0.016129032
20501 0.008064516
8855 0.008064516
8343 0.016129032
21401 0.008064516
5149 0.008064516
14365 0.008064516
16543 0.008064516
17951 0.008064516
3745 0.016129032
9250 0.016129032
548 0.008064516
38 0.016129032
19495 0.008064516
10409 0.008064516
7211 0.016129032
4654 0.016129032
8111 0.008064516
2864 0.008064516
10417 0.024193548
10546 0.008064516
20020 0.008064516
14903 0.008064516
15544 0.008064516
2105 0.016129032
14650 0.016129032
12734 0.008064516
7359 0.008064516
14914 0.008064516
21570 0.008064516
8259 0.06451613
21445 0.008064516
4550 0.008064516
18758 0.008064516
12871 0.008064516
19917 0.008064516
14798 0.008064516
4305 0.008064516
16724 0.008064516
18263 0.05645161
21464 0.008064516
14809 0.008064516
3034 0.008064516
13149 0.008064516
14173 0.016129032
6623 0.008064516
20959 0.008064516
735 0.008064516
6368 0.008064516
1376 0.008064516
17633 0.008064516
13538 0.008064516
10083 0.008064516
1507 0.008064516
16356 0.016129032
20453 0.008064516
20456 0.016129032
15209 0.008064516
3690 0.016129032
12011 0.016129032
4205 0.008064516
109 0.008064516
2541 0.008064516
1006 0.008064516
21487 0.008064516
20336 0.008064516
884 0.016129032
19062 0.008064516
15606 0.008064516
1399 0.008064516
5114 0.008064516
18556 0.008064516
20349 0.008064516
14333 0.032258064
