8194 0.011363637
16003 0.011363637
7434 0.011363637
8843 0.011363637
9361 0.011363637
20501 0.011363637
19354 0.011363637
19870 0.011363637
22050 0.011363637
3491 0.022727273
18340 0.011363637
5926 0.011363637
13613 0.011363637
941 0.011363637
19886 0.011363637
17327 0.045454547
15154 0.011363637
20020 0.03409091
5174 0.011363637
19127 0.011363637
12472 0.011363637
9913 0.011363637
702 0.011363637
319 0.011363637
4161 0.011363637
5825 0.011363637
14402 0.011363637
8259 0.022727273
2758 0.011363637
4934 0.011363637
6215 0.011363637
2120 0.011363637
20680 0.011363637
9160 0.011363637
21704 0.011363637
4430 0.011363637
11598 0.022727273
20437 0.011363637
20696 0.022727273
19545 0.011363637
21465 0.045454547
7773 0.011363637
16736 0.06818182
7265 0.011363637
17633 0.011363637
10467 0.011363637
20579 0.022727273
16356 0.011363637
20453 0.045454547
6886 0.022727273
10728 0.011363637
19178 0.011363637
1006 0.011363637
10095 0.011363637
13041 0.011363637
2293 0.011363637
14966 0.011363637
1399 0.045454547
3323 0.03409091
15229 0.011363637
6143 0.011363637
