12291 0.011764706
16772 0.011764706
17029 0.011764706
19461 0.011764706
19976 0.011764706
11656 0.011764706
7948 0.011764706
10767 0.011764706
9617 0.011764706
16530 0.011764706
20883 0.011764706
13844 0.011764706
6678 0.011764706
278 0.023529412
8855 0.07058824
11932 0.011764706
14625 0.011764706
930 0.011764706
163 0.011764706
8355 0.03529412
13222 0.011764706
8616 0.011764706
13097 0.023529412
13610 0.011764706
18731 0.023529412
6444 0.011764706
7725 0.011764706
17327 0.011764706
19126 0.011764706
2231 0.011764706
3768 0.011764706
15934 0.011764706
9025 0.011764706
14022 0.011764706
8263 0.011764706
12871 0.011764706
10951 0.023529412
14806 0.023529412
11734 0.08235294
18263 0.023529412
5083 0.011764706
13532 0.011764706
14173 0.023529412
19165 0.023529412
3038 0.011764706
6239 0.011764706
11360 0.011764706
2785 0.011764706
17633 0.011764706
5859 0.011764706
3044 0.011764706
4075 0.011764706
1006 0.011764706
21872 0.011764706
21621 0.08235294
6646 0.011764706
9974 0.011764706
6143 0.011764706
