8194 0.008264462
2435 0.008264462
19461 0.008264462
17415 0.008264462
20231 0.008264462
6409 0.008264462
16396 0.008264462
11662 0.008264462
1295 0.008264462
19727 0.008264462
10897 0.008264462
3735 0.008264462
8343 0.024793388
10904 0.008264462
3225 0.008264462
19865 0.016528925
5913 0.016528925
10651 0.008264462
21403 0.008264462
14620 0.008264462
15903 0.008264462
13983 0.008264462
5025 0.008264462
4387 0.008264462
8355 0.016528925
18468 0.008264462
6949 0.008264462
9637 0.016528925
12710 0.008264462
8743 0.008264462
11049 0.008264462
1451 0.008264462
2731 0.008264462
18731 0.016528925
13485 0.016528925
12206 0.008264462
19886 0.008264462
3375 0.008264462
818 0.008264462
13235 0.008264462
13621 0.008264462
8630 0.008264462
1718 0.008264462
15798 0.008264462
14650 0.016528925
3645 0.008264462
4416 0.008264462
19137 0.008264462
833 0.024793388
14402 0.008264462
1858 0.008264462
5698 0.049586777
8259 0.03305785
9413 0.008264462
21445 0.008264462
13260 0.016528925
14671 0.008264462
14544 0.008264462
1488 0.008264462
16599 0.008264462
15960 0.008264462
2393 0.041322313
11611 0.008264462
21345 0.008264462
21218 0.008264462
8035 0.008264462
6115 0.008264462
20579 0.008264462
8297 0.008264462
13545 0.008264462
7529 0.008264462
18410 0.008264462
20845 0.008264462
1006 0.008264462
18414 0.05785124
10224 0.016528925
18545 0.008264462
8434 0.008264462
11635 0.008264462
22004 0.008264462
21621 0.008264462
9462 0.008264462
16375 0.008264462
1399 0.024793388
7160 0.008264462
8444 0.008264462
17661 0.008264462
17407 0.008264462
