5893 0.020325202
20231 0.0040650405
10248 0.0040650405
7434 0.0040650405
10763 0.0040650405
13844 0.0040650405
17941 0.0040650405
19736 0.020325202
4635 0.008130081
14365 0.0040650405
12830 0.008130081
18208 0.0040650405
19488 0.0040650405
12321 0.0040650405
11298 0.0040650405
9250 0.028455285
12843 0.008130081
18731 0.008130081
1324 0.0040650405
17196 0.008130081
10284 0.06910569
13613 0.008130081
14903 0.0040650405
14650 0.0121951215
4669 0.0040650405
18239 0.0121951215
11327 0.016260162
21828 0.0040650405
18758 0.0121951215
2119 0.0040650405
8263 0.0040650405
1609 0.0040650405
19020 0.008130081
16717 0.0040650405
11598 0.0040650405
5455 0.0040650405
18263 0.0040650405
10072 0.0040650405
12890 0.0040650405
347 0.0040650405
19547 0.008130081
16221 0.0040650405
12637 0.0040650405
13919 0.0040650405
11363 0.0040650405
20579 0.008130081
17252 0.0040650405
8549 0.0040650405
3430 0.008130081
9319 0.0040650405
4714 0.0121951215
7793 0.0040650405
13426 0.0040650405
884 0.0121951215
19062 0.0040650405
8573 0.008130081
19581 0.028455285
5506 0.0040650405
16003 0.05691057
9862 0.008130081
10639 0.0040650405
11151 0.0040650405
9888 0.0040650405
5025 0.0040650405
8355 0.008130081
14757 0.016260162
12710 0.008130081
15528 0.0040650405
13480 0.0040650405
12208 0.0040650405
10417 0.0121951215
14514 0.032520324
20405 0.036585364
19126 0.008130081
14776 0.0040650405
17595 0.0040650405
6336 0.008130081
16064 0.008130081
5825 0.008130081
8386 0.0040650405
3522 0.008130081
10691 0.0040650405
196 0.0040650405
3268 0.0040650405
20166 0.008130081
13255 0.008130081
1488 0.008130081
10451 0.032520324
7637 0.008130081
21465 0.0040650405
5083 0.0040650405
15323 0.008130081
13532 0.016260162
7647 0.0040650405
6623 0.0040650405
6368 0.0040650405
6116 0.0121951215
5349 0.0040650405
3306 0.008130081
14060 0.008130081
18414 0.0040650405
1006 0.0121951215
19183 0.0040650405
12016 0.008130081
2292 0.0040650405
12020 0.0040650405
14838 0.0121951215
11512 0.048780486
5881 0.0040650405
5631 0.0040650405
