13186 0.0088495575
11396 0.0088495575
4612 0.017699115
4874 0.0088495575
8843 0.0088495575
10763 0.026548672
9100 0.0088495575
3982 0.0088495575
9361 0.026548672
8852 0.0088495575
917 0.0088495575
21398 0.0088495575
8855 0.0088495575
535 0.0088495575
8343 0.026548672
11672 0.0088495575
16923 0.0088495575
5019 0.017699115
10651 0.017699115
17184 0.017699115
3105 0.0088495575
3745 0.017699115
11298 0.0088495575
163 0.11504425
9130 0.0088495575
13613 0.0088495575
4654 0.0088495575
14903 0.0088495575
16569 0.0088495575
4923 0.0088495575
1084 0.0088495575
4030 0.0088495575
13503 0.0088495575
4801 0.0088495575
5825 0.0088495575
14402 0.061946902
20942 0.0088495575
18263 0.0088495575
17751 0.026548672
20696 0.088495575
10331 0.0088495575
19548 0.0088495575
19808 0.0088495575
10083 0.0088495575
16356 0.0088495575
3044 0.0088495575
6116 0.017699115
19557 0.0088495575
5861 0.0088495575
8422 0.0088495575
874 0.0088495575
7914 0.0088495575
17130 0.0088495575
6509 0.0088495575
109 0.0088495575
21997 0.0088495575
19054 0.0088495575
7278 0.0088495575
21487 0.017699115
11504 0.0088495575
5105 0.0088495575
8819 0.0088495575
18677 0.0088495575
21368 0.017699115
3323 0.0088495575
20349 0.0088495575
6525 0.017699115
22270 0.0088495575
18431 0.0088495575
