12800 0.0091743115
7680 0.0091743115
8194 0.0091743115
5892 0.027522936
8709 0.0091743115
14982 0.0091743115
21254 0.0091743115
13958 0.0091743115
7434 0.0091743115
779 0.0091743115
16396 0.018348623
5900 0.04587156
10767 0.0091743115
8592 0.0091743115
18961 0.0091743115
9361 0.0091743115
13844 0.0091743115
7445 0.0091743115
22294 0.0091743115
8343 0.0091743115
8475 0.0091743115
17820 0.0091743115
11932 0.0091743115
2204 0.018348623
4510 0.0091743115
3360 0.0091743115
3745 0.0091743115
7211 0.018348623
15278 0.0091743115
19886 0.036697246
8243 0.0091743115
17846 0.0091743115
13244 0.027522936
4161 0.0091743115
5825 0.0091743115
14402 0.0091743115
8259 0.055045873
10821 0.0091743115
16582 0.0091743115
13641 0.0091743115
18253 0.0091743115
11215 0.0091743115
6863 0.0091743115
1488 0.0091743115
20434 0.0091743115
10963 0.0091743115
21971 0.0091743115
17751 0.0091743115
20696 0.055045873
13532 0.0091743115
16605 0.0091743115
9313 0.0091743115
10083 0.0091743115
13155 0.0091743115
3300 0.0091743115
3044 0.018348623
20453 0.018348623
2662 0.0091743115
10728 0.0091743115
8297 0.0091743115
17262 0.0091743115
5103 0.0091743115
10993 0.0091743115
13041 0.036697246
5106 0.0091743115
20723 0.0091743115
15348 0.0091743115
19444 0.027522936
18549 0.0091743115
1399 0.018348623
10873 0.0091743115
2043 0.0091743115
3323 0.0091743115
14461 0.0091743115
12798 0.0091743115
3199 0.0091743115
3455 0.0091743115
