15873 0.007874016
642 0.007874016
16387 0.007874016
8709 0.007874016
16390 0.007874016
20870 0.023622047
17415 0.007874016
15498 0.007874016
16394 0.015748031
4107 0.007874016
10763 0.015748031
16396 0.007874016
17548 0.007874016
16146 0.007874016
1812 0.007874016
8468 0.007874016
13334 0.007874016
9622 0.007874016
17559 0.007874016
1815 0.015748031
8343 0.015748031
8219 0.007874016
16028 0.007874016
4510 0.007874016
10782 0.007874016
9250 0.015748031
15011 0.007874016
8739 0.007874016
10275 0.007874016
170 0.007874016
13869 0.007874016
13613 0.015748031
8368 0.007874016
10546 0.007874016
15027 0.007874016
22067 0.007874016
21684 0.007874016
14903 0.007874016
311 0.023622047
17724 0.007874016
8000 0.007874016
3009 0.007874016
11073 0.007874016
5825 0.007874016
14402 0.007874016
6722 0.007874016
9666 0.031496063
21444 0.007874016
3524 0.007874016
16582 0.007874016
4934 0.007874016
12871 0.007874016
8263 0.015748031
18891 0.015748031
7245 0.015748031
9041 0.007874016
9685 0.015748031
9046 0.007874016
14806 0.007874016
17751 0.007874016
20696 0.03937008
4060 0.007874016
21213 0.007874016
2397 0.031496063
9310 0.023622047
6239 0.007874016
7265 0.007874016
20579 0.007874016
16356 0.031496063
20453 0.007874016
6758 0.007874016
359 0.023622047
15849 0.007874016
15209 0.007874016
7914 0.023622047
1006 0.015748031
13041 0.007874016
11635 0.007874016
1524 0.007874016
884 0.015748031
2293 0.007874016
19062 0.007874016
5623 0.007874016
1399 0.007874016
18681 0.015748031
3323 0.007874016
15228 0.007874016
19199 0.007874016
6143 0.023622047
