13441 0.01754386
5892 0.01754386
12037 0.00877193
20360 0.00877193
20367 0.00877193
18064 0.00877193
17553 0.00877193
20501 0.00877193
6038 0.00877193
11416 0.00877193
6687 0.00877193
9250 0.00877193
3619 0.00877193
10275 0.01754386
13477 0.02631579
17318 0.00877193
15528 0.01754386
13097 0.02631579
18731 0.00877193
7211 0.00877193
17327 0.00877193
12464 0.01754386
8368 0.06140351
2609 0.00877193
10546 0.00877193
311 0.00877193
5815 0.00877193
1081 0.00877193
17083 0.00877193
11326 0.02631579
4286 0.01754386
17473 0.00877193
8259 0.03508772
10821 0.00877193
18758 0.00877193
2758 0.00877193
8263 0.01754386
2632 0.00877193
22089 0.00877193
3530 0.03508772
1739 0.00877193
19917 0.00877193
16717 0.01754386
11598 0.00877193
16719 0.00877193
22102 0.00877193
20696 0.00877193
13532 0.04385965
19549 0.00877193
19806 0.00877193
18528 0.00877193
11235 0.00877193
10467 0.00877193
8035 0.04385965
6116 0.00877193
16356 0.00877193
9447 0.00877193
13160 0.00877193
10728 0.00877193
19689 0.00877193
14953 0.00877193
9836 0.00877193
7916 0.01754386
1006 0.01754386
10095 0.00877193
13041 0.00877193
20723 0.00877193
20851 0.00877193
14966 0.00877193
1399 0.01754386
2041 0.00877193
20346 0.00877193
10618 0.02631579
10492 0.01754386
