16385 0.009708738
21378 0.009708738
8324 0.009708738
3204 0.009708738
12165 0.009708738
4371 0.009708738
275 0.009708738
1427 0.029126214
12180 0.009708738
17559 0.009708738
21787 0.009708738
11932 0.029126214
4639 0.03883495
3745 0.009708738
163 0.009708738
14757 0.009708738
38 0.009708738
6566 0.009708738
1576 0.009708738
10025 0.029126214
13610 0.009708738
18731 0.009708738
10284 0.097087376
17837 0.009708738
2609 0.009708738
14515 0.029126214
18872 0.009708738
14650 0.009708738
8122 0.029126214
13244 0.009708738
14014 0.009708738
8000 0.009708738
5825 0.009708738
9025 0.009708738
8001 0.009708738
13249 0.019417476
1858 0.009708738
14402 0.029126214
8259 0.067961164
9413 0.009708738
18118 0.009708738
2119 0.009708738
1488 0.009708738
3026 0.019417476
84 0.009708738
7124 0.009708738
2390 0.009708738
11607 0.009708738
18263 0.009708738
731 0.009708738
21213 0.009708738
6623 0.009708738
2405 0.009708738
16871 0.009708738
20712 0.009708738
15209 0.009708738
4714 0.029126214
7916 0.009708738
18414 0.009708738
1006 0.009708738
11376 0.009708738
7160 0.009708738
20731 0.009708738
22268 0.009708738
20989 0.009708738
7295 0.009708738
3455 0.009708738
19199 0.019417476
