21121 0.00862069
2177 0.00862069
13441 0.02586207
21378 0.02586207
1410 0.02586207
12037 0.01724138
8070 0.00862069
4870 0.05172414
20231 0.01724138
4874 0.00862069
1295 0.03448276
6032 0.02586207
10897 0.00862069
17553 0.00862069
13458 0.00862069
17559 0.01724138
21401 0.00862069
19865 0.00862069
3745 0.00862069
12324 0.00862069
12710 0.00862069
15528 0.00862069
7724 0.00862069
1837 0.00862069
8237 0.00862069
20015 0.00862069
8368 0.04310345
8113 0.00862069
4658 0.00862069
8630 0.00862069
3130 0.01724138
14650 0.02586207
12606 0.00862069
11584 0.00862069
8259 0.00862069
9157 0.00862069
3269 0.00862069
19781 0.00862069
10821 0.01724138
18758 0.00862069
16717 0.00862069
20942 0.00862069
2390 0.02586207
20696 0.03448276
21465 0.00862069
17241 0.04310345
11482 0.00862069
15323 0.00862069
15196 0.00862069
6877 0.00862069
18654 0.00862069
3934 0.00862069
7265 0.02586207
13155 0.00862069
6116 0.00862069
2020 0.00862069
12645 0.00862069
5861 0.00862069
20456 0.00862069
8297 0.00862069
19947 0.00862069
10350 0.00862069
8175 0.00862069
20336 0.00862069
13041 0.00862069
13426 0.00862069
2293 0.00862069
2934 0.00862069
22134 0.00862069
19062 0.02586207
19447 0.00862069
1399 0.00862069
16503 0.02586207
3323 0.00862069
