7680 0.008032128
6914 0.004016064
5893 0.016064256
16390 0.012048192
17415 0.004016064
21256 0.004016064
3339 0.004016064
10763 0.004016064
3083 0.008032128
16396 0.008032128
2061 0.016064256
1295 0.004016064
20751 0.004016064
17935 0.008032128
15376 0.004016064
8208 0.004016064
14867 0.004016064
5396 0.004016064
19736 0.02008032
4635 0.016064256
3104 0.004016064
13857 0.004016064
19234 0.004016064
4130 0.004016064
4136 0.004016064
3368 0.004016064
18729 0.004016064
298 0.004016064
10284 0.004016064
4141 0.004016064
10546 0.004016064
11060 0.004016064
9012 0.004016064
10805 0.004016064
21813 0.008032128
14903 0.004016064
14650 0.012048192
19773 0.004016064
4669 0.004016064
18239 0.012048192
11327 0.016064256
12608 0.004016064
18501 0.004016064
12357 0.004016064
4934 0.02008032
8263 0.02008032
1354 0.004016064
2636 0.004016064
20813 0.004016064
17486 0.004016064
20821 0.004016064
18775 0.004016064
10072 0.004016064
16732 0.004016064
6239 0.008032128
16481 0.008032128
7265 0.012048192
21345 0.016064256
10083 0.012048192
17252 0.004016064
3430 0.004016064
5990 0.004016064
2662 0.012048192
17513 0.004016064
5236 0.004016064
10868 0.012048192
21110 0.004016064
16503 0.004016064
7292 0.004016064
19581 0.012048192
1150 0.004016064
20608 0.004016064
2690 0.004016064
11396 0.004016064
6021 0.004016064
11141 0.008032128
9862 0.008032128
21903 0.004016064
11151 0.004016064
400 0.004016064
10896 0.008032128
10897 0.004016064
8343 0.008032128
16799 0.004016064
16288 0.004016064
3745 0.008032128
4007 0.004016064
15528 0.004016064
9642 0.008032128
10155 0.004016064
19886 0.008032128
14514 0.004016064
8371 0.004016064
14515 0.004016064
6325 0.004016064
20149 0.004016064
20405 0.024096385
18872 0.02008032
16058 0.008032128
6336 0.008032128
5825 0.004016064
3522 0.008032128
21444 0.004016064
2758 0.008032128
1224 0.004016064
16841 0.008032128
3530 0.004016064
1482 0.016064256
6091 0.004016064
11215 0.004016064
977 0.004016064
10451 0.02811245
9685 0.004016064
7381 0.008032128
14806 0.004016064
20438 0.004016064
20696 0.016064256
21465 0.004016064
217 0.004016064
4314 0.004016064
13532 0.004016064
6364 0.004016064
14300 0.008032128
6623 0.004016064
9441 0.004016064
14818 0.004016064
18147 0.004016064
5859 0.008032128
6116 0.004016064
20196 0.004016064
20453 0.012048192
16871 0.004016064
3306 0.004016064
1261 0.004016064
1006 0.012048192
21743 0.004016064
17653 0.004016064
7669 0.008032128
14838 0.004016064
16886 0.008032128
7160 0.012048192
11512 0.044176705
3323 0.008032128
7421 0.004016064
