8194 0.010638298
10244 0.010638298
11141 0.010638298
9989 0.010638298
8837 0.04255319
10512 0.010638298
17553 0.010638298
5269 0.010638298
150 0.010638298
8343 0.031914894
11932 0.010638298
15772 0.010638298
8735 0.010638298
6688 0.010638298
8097 0.010638298
4903 0.010638298
15528 0.010638298
7211 0.010638298
6444 0.010638298
9772 0.021276595
11825 0.010638298
10546 0.010638298
19126 0.010638298
6073 0.010638298
8890 0.010638298
14650 0.021276595
2747 0.010638298
12734 0.010638298
10303 0.010638298
7999 0.010638298
13503 0.010638298
8259 0.04255319
18758 0.010638298
8263 0.021276595
15944 0.13829787
18378 0.010638298
12492 0.010638298
14798 0.010638298
17614 0.010638298
11598 0.010638298
7124 0.010638298
2390 0.010638298
3288 0.010638298
20696 0.010638298
21464 0.010638298
20825 0.010638298
6239 0.010638298
8673 0.010638298
13927 0.010638298
16871 0.010638298
15208 0.021276595
1897 0.010638298
8809 0.010638298
8426 0.010638298
11883 0.07446808
6509 0.04255319
19183 0.010638298
496 0.010638298
11635 0.010638298
20723 0.010638298
4471 0.010638298
