16000 0.021582734
11905 0.007194245
2690 0.021582734
21123 0.007194245
18052 0.007194245
6409 0.007194245
2188 0.01438849
15629 0.007194245
10767 0.01438849
8208 0.007194245
15248 0.007194245
1426 0.007194245
20501 0.007194245
7317 0.021582734
8343 0.021582734
2459 0.007194245
8603 0.007194245
5788 0.021582734
5025 0.007194245
9250 0.01438849
4644 0.007194245
10792 0.007194245
7082 0.19424461
7211 0.007194245
2731 0.021582734
1324 0.021582734
14514 0.01438849
818 0.021582734
1720 0.007194245
14650 0.02877698
59 0.007194245
702 0.007194245
5825 0.021582734
8259 0.01438849
18758 0.007194245
11718 0.007194245
18246 0.01438849
7110 0.01438849
13255 0.007194245
6477 0.01438849
11598 0.007194245
2897 0.01438849
9810 0.007194245
7895 0.007194245
11611 0.007194245
13532 0.01438849
15968 0.007194245
14048 0.007194245
21345 0.01438849
16356 0.01438849
20453 0.007194245
6886 0.01438849
13672 0.02877698
8297 0.007194245
18153 0.007194245
7916 0.007194245
1261 0.007194245
19054 0.007194245
1006 0.007194245
6255 0.007194245
13041 0.007194245
1778 0.007194245
20723 0.007194245
2804 0.007194245
884 0.01438849
2293 0.007194245
19062 0.021582734
1399 0.021582734
14584 0.007194245
15864 0.007194245
11644 0.007194245
