16387 0.009259259
8070 0.009259259
19594 0.009259259
15629 0.009259259
18064 0.009259259
1552 0.009259259
4371 0.018518519
20501 0.009259259
278 0.009259259
150 0.009259259
153 0.009259259
13721 0.009259259
8090 0.009259259
21403 0.009259259
6688 0.009259259
17184 0.009259259
6944 0.009259259
13600 0.018518519
3489 0.009259259
22050 0.009259259
17318 0.009259259
20648 0.009259259
12329 0.009259259
1837 0.009259259
8368 0.074074075
4273 0.009259259
14514 0.009259259
7090 0.009259259
5042 0.009259259
4023 0.009259259
695 0.009259259
5815 0.009259259
11837 0.009259259
12734 0.009259259
18623 0.009259259
2369 0.009259259
1858 0.009259259
14402 0.018518519
8259 0.009259259
3268 0.009259259
8902 0.009259259
16582 0.009259259
4934 0.018518519
8263 0.027777778
15949 0.009259259
18640 0.009259259
9041 0.009259259
17751 0.009259259
20696 0.037037037
217 0.009259259
5083 0.009259259
19806 0.009259259
22111 0.009259259
6495 0.009259259
14048 0.009259259
16481 0.009259259
10467 0.009259259
8035 0.018518519
16356 0.018518519
20453 0.009259259
6886 0.009259259
2662 0.009259259
10728 0.009259259
18153 0.018518519
874 0.009259259
7914 0.009259259
14314 0.009259259
12011 0.018518519
15469 0.009259259
1006 0.018518519
15087 0.009259259
12016 0.009259259
7792 0.009259259
16625 0.009259259
20723 0.009259259
2548 0.009259259
9973 0.009259259
18038 0.009259259
1399 0.009259259
2041 0.009259259
14333 0.009259259
19198 0.055555556
