8194 0.014285714
10243 0.0035714286
8707 0.010714286
5893 0.017857144
10246 0.010714286
10763 0.0035714286
5900 0.0035714286
16396 0.0035714286
15629 0.0035714286
3342 0.0035714286
10767 0.0035714286
1812 0.0035714286
13844 0.0035714286
19736 0.021428572
16409 0.0035714286
4635 0.014285714
12321 0.0035714286
1829 0.0035714286
4903 0.0035714286
6952 0.010714286
10284 0.010714286
13613 0.0035714286
14381 0.0035714286
14382 0.0035714286
11825 0.007142857
11827 0.0035714286
12595 0.007142857
21044 0.007142857
311 0.0035714286
3130 0.0035714286
3645 0.0035714286
15422 0.0035714286
11327 0.0035714286
319 0.007142857
18239 0.017857144
10821 0.007142857
8263 0.0035714286
10065 0.0035714286
2897 0.0035714286
8021 0.007142857
8278 0.010714286
18774 0.017857144
16471 0.0035714286
18263 0.007142857
18775 0.014285714
14173 0.0035714286
6239 0.0035714286
10083 0.007142857
20579 0.017857144
2662 0.0035714286
3430 0.014285714
15209 0.0035714286
8811 0.0035714286
109 0.0035714286
2674 0.03214286
884 0.010714286
19062 0.007142857
15229 0.0035714286
19581 0.021428572
13186 0.0035714286
1411 0.0035714286
16003 0.028571429
11396 0.0035714286
11141 0.0035714286
9862 0.0035714286
11151 0.007142857
18064 0.0035714286
17552 0.0035714286
10896 0.0035714286
9361 0.0035714286
18836 0.007142857
8855 0.021428572
21401 0.0035714286
11932 0.0035714286
4764 0.0035714286
156 0.007142857
927 0.0035714286
13983 0.0035714286
22175 0.0035714286
3745 0.014285714
19886 0.028571429
14514 0.0035714286
1716 0.0035714286
6325 0.007142857
20405 0.017857144
19126 0.0035714286
2231 0.007142857
18872 0.0035714286
16314 0.0035714286
12734 0.0035714286
20415 0.0035714286
4031 0.007142857
15808 0.0035714286
9409 0.0035714286
5825 0.017857144
4290 0.0035714286
16582 0.0035714286
12489 0.0035714286
20941 0.0035714286
10451 0.035714287
20437 0.0035714286
16599 0.0035714286
20696 0.021428572
21465 0.007142857
731 0.0035714286
14300 0.0035714286
15837 0.0035714286
20196 0.0035714286
6116 0.007142857
5349 0.0035714286
8422 0.0035714286
6888 0.0035714286
10728 0.0035714286
7914 0.0035714286
3306 0.010714286
16621 0.0035714286
1006 0.0035714286
21487 0.0035714286
19183 0.0035714286
1776 0.0035714286
12016 0.007142857
17653 0.0035714286
16375 0.0035714286
7160 0.0035714286
11512 0.057142857
15865 0.0035714286
20217 0.0035714286
3323 0.057142857
