16129 0.0076923077
21121 0.06153846
16003 0.0076923077
10244 0.0076923077
12037 0.0076923077
11141 0.015384615
4870 0.0076923077
9100 0.0076923077
21262 0.0076923077
10767 0.015384615
8208 0.0076923077
4371 0.015384615
5396 0.023076924
20501 0.0076923077
150 0.0076923077
8343 0.0076923077
16409 0.0076923077
19865 0.0076923077
17434 0.0076923077
6688 0.0076923077
11298 0.0076923077
9250 0.0076923077
1829 0.0076923077
12710 0.0076923077
15528 0.015384615
1961 0.0076923077
298 0.0076923077
13613 0.0076923077
18222 0.0076923077
19886 0.0076923077
431 0.0076923077
8368 0.0076923077
8371 0.0076923077
8243 0.0076923077
6579 0.0076923077
11701 0.0076923077
21813 0.015384615
8630 0.0076923077
15542 0.0076923077
18872 0.0076923077
16058 0.0076923077
6206 0.0076923077
13503 0.015384615
6336 0.0076923077
14402 0.015384615
8259 0.03076923
14788 0.023076924
14533 0.0076923077
2758 0.015384615
17355 0.0076923077
6091 0.0076923077
1867 0.015384615
5585 0.0076923077
14801 0.023076924
13778 0.0076923077
8021 0.0076923077
12502 0.0076923077
17751 0.0076923077
21464 0.0076923077
20696 0.03076923
21465 0.046153847
3419 0.0076923077
6237 0.0076923077
20065 0.0076923077
7265 0.0076923077
20579 0.0076923077
6116 0.0076923077
8422 0.0076923077
8038 0.0076923077
3950 0.0076923077
1006 0.015384615
16496 0.0076923077
21746 0.0076923077
11635 0.015384615
19062 0.0076923077
9975 0.0076923077
2041 0.046153847
3323 0.046153847
125 0.0076923077
6143 0.0076923077
3839 0.03846154
