11905 0.005988024
1410 0.005988024
21123 0.005988024
4100 0.005988024
6021 0.005988024
4874 0.023952097
4107 0.005988024
2188 0.005988024
16396 0.023952097
17549 0.005988024
19597 0.005988024
6286 0.005988024
19216 0.005988024
18064 0.005988024
17553 0.005988024
10897 0.005988024
4371 0.005988024
19603 0.005988024
13844 0.005988024
5396 0.16766468
22294 0.005988024
8088 0.011976048
21403 0.005988024
5788 0.005988024
17949 0.005988024
11678 0.005988024
15903 0.005988024
6688 0.005988024
3105 0.005988024
22050 0.005988024
802 0.005988024
9123 0.005988024
38 0.005988024
15528 0.005988024
9642 0.005988024
21291 0.005988024
13485 0.005988024
13613 0.005988024
4654 0.005988024
19886 0.011976048
8368 0.005988024
1072 0.005988024
15411 0.005988024
21044 0.005988024
6325 0.011976048
1333 0.017964073
17718 0.005988024
8630 0.005988024
311 0.005988024
17336 0.005988024
3128 0.005988024
14650 0.005988024
9534 0.005988024
4161 0.005988024
5825 0.011976048
14402 0.023952097
4934 0.005988024
16582 0.017964073
2119 0.005988024
12871 0.011976048
968 0.005988024
14801 0.005988024
7252 0.005988024
84 0.005988024
10581 0.005988024
20696 0.035928145
21465 0.023952097
2397 0.005988024
21345 0.005988024
9057 0.017964073
21346 0.005988024
15971 0.005988024
13669 0.005988024
20453 0.011976048
359 0.023952097
1006 0.011976048
18414 0.011976048
15087 0.005988024
21487 0.023952097
21872 0.005988024
12016 0.005988024
13041 0.011976048
5747 0.005988024
11635 0.017964073
17653 0.005988024
21621 0.011976048
19062 0.005988024
1399 0.023952097
2041 0.005988024
3323 0.011976048
17661 0.005988024
8573 0.005988024
12798 0.005988024
3839 0.011976048
