7683 0.016
5892 0.008
16517 0.008
14085 0.016
9352 0.032
13450 0.008
523 0.008
20493 0.008
10254 0.008
10897 0.008
8209 0.008
15380 0.016
11546 0.008
1307 0.008
10651 0.016
11932 0.008
2204 0.008
18077 0.016
798 0.008
15903 0.008
19105 0.008
14625 0.008
9250 0.008
13090 0.008
18340 0.008
21541 0.008
13349 0.008
550 0.008
7337 0.008
2731 0.008
1324 0.008
13613 0.008
4654 0.008
18991 0.008
17327 0.016
22064 0.008
14514 0.008
8371 0.008
9139 0.016
10165 0.008
311 0.008
2744 0.008
4665 0.008
14650 0.008
21947 0.008
22076 0.008
13503 0.008
4161 0.008
14402 0.008
4290 0.008
8259 0.032
3268 0.008
3269 0.008
10821 0.024
16582 0.008
18758 0.024
2119 0.008
12871 0.008
8263 0.008
13128 0.016
7252 0.008
20437 0.008
18134 0.016
18263 0.008
16599 0.008
4440 0.008
20696 0.048
10334 0.008
6239 0.024
18528 0.008
5857 0.008
13410 0.008
10083 0.008
19044 0.008
9956 0.008
20453 0.016
5606 0.008
20710 0.024
874 0.008
1006 0.016
21870 0.024
16495 0.008
19696 0.048
3058 0.008
6515 0.008
11635 0.008
7285 0.008
5631 0.008
