8194 0.013157895
17415 0.013157895
16017 0.013157895
3730 0.013157895
3735 0.013157895
16279 0.013157895
8343 0.02631579
153 0.013157895
8474 0.013157895
10651 0.02631579
11932 0.02631579
12830 0.013157895
16799 0.05263158
6688 0.013157895
19745 0.013157895
16421 0.02631579
20648 0.013157895
2601 0.013157895
19886 0.013157895
2095 0.013157895
8368 0.013157895
19890 0.013157895
4658 0.013157895
14515 0.02631579
18872 0.013157895
20538 0.013157895
14650 0.013157895
16573 0.013157895
3645 0.013157895
8254 0.013157895
5825 0.013157895
15426 0.013157895
14402 0.013157895
8259 0.065789476
18758 0.013157895
4550 0.065789476
2390 0.013157895
18263 0.013157895
4697 0.013157895
16729 0.013157895
8668 0.013157895
6623 0.013157895
8163 0.013157895
5859 0.013157895
2662 0.013157895
5990 0.02631579
12265 0.013157895
11883 0.013157895
12912 0.013157895
20723 0.013157895
884 0.02631579
2293 0.013157895
1399 0.02631579
9975 0.039473683
17661 0.013157895
