7040 0.0074626864
5762 0.0074626864
8578 0.0074626864
8194 0.029850746
21123 0.0074626864
14727 0.0074626864
3339 0.0074626864
11662 0.0074626864
10896 0.014925373
9875 0.0074626864
20883 0.03731343
20501 0.0074626864
7830 0.0074626864
4758 0.0074626864
8343 0.014925373
4120 0.0074626864
153 0.014925373
3739 0.0074626864
10651 0.029850746
5788 0.0074626864
5025 0.014925373
6562 0.0074626864
9250 0.014925373
18340 0.0074626864
20773 0.0074626864
18342 0.0074626864
38 0.014925373
8743 0.0074626864
4903 0.0074626864
298 0.0074626864
2731 0.0074626864
2604 0.0074626864
14515 0.0074626864
21044 0.0074626864
4789 0.0074626864
14650 0.0074626864
11322 0.029850746
4669 0.014925373
8254 0.0074626864
18623 0.014925373
11073 0.0074626864
18369 0.0074626864
5698 0.0074626864
1858 0.0074626864
3522 0.0074626864
14402 0.014925373
21445 0.0074626864
18758 0.014925373
6215 0.0074626864
6599 0.0074626864
8263 0.014925373
4169 0.014925373
20554 0.0074626864
13260 0.0074626864
12109 0.0074626864
16717 0.014925373
3792 0.0074626864
18900 0.0074626864
9813 0.0074626864
11607 0.0074626864
18263 0.014925373
17751 0.052238807
20696 0.014925373
5210 0.0074626864
13532 0.0074626864
12765 0.0074626864
6239 0.0074626864
1376 0.0074626864
18528 0.0074626864
3939 0.0074626864
16356 0.0074626864
2791 0.0074626864
20841 0.0074626864
14314 0.0074626864
7914 0.014925373
11883 0.02238806
3949 0.0074626864
1006 0.014925373
13041 0.0074626864
5105 0.0074626864
884 0.0074626864
2292 0.0074626864
14455 0.0074626864
5623 0.0074626864
1399 0.02238806
8823 0.02238806
16888 0.0074626864
10875 0.0074626864
3579 0.02238806
5631 0.0074626864
