2176 0.00729927
19584 0.00729927
16000 0.02919708
16387 0.01459854
22147 0.02919708
7812 0.00729927
12037 0.00729927
19461 0.01459854
2438 0.00729927
9352 0.00729927
20360 0.00729927
1295 0.01459854
10767 0.01459854
6032 0.01459854
1170 0.00729927
10005 0.00729927
150 0.00729927
14488 0.00729927
153 0.00729927
16283 0.00729927
3745 0.00729927
2721 0.01459854
9250 0.00729927
6308 0.00729927
12324 0.00729927
4903 0.00729927
11049 0.00729927
7082 0.00729927
1066 0.01459854
19626 0.02919708
2606 0.00729927
22064 0.00729927
15154 0.00729927
180 0.00729927
19126 0.02919708
5819 0.00729927
14270 0.00729927
1858 0.00729927
9666 0.01459854
8259 0.01459854
18501 0.00729927
10821 0.00729927
21445 0.01459854
9926 0.01459854
8263 0.00729927
20297 0.00729927
4556 0.01459854
16717 0.00729927
18637 0.02189781
12109 0.02189781
15310 0.00729927
11598 0.01459854
9041 0.00729927
17235 0.00729927
9813 0.00729927
17751 0.00729927
18263 0.04379562
3288 0.00729927
21465 0.00729927
16729 0.00729927
11609 0.00729927
8668 0.00729927
5724 0.00729927
14173 0.00729927
13919 0.00729927
8288 0.00729927
13410 0.00729927
5092 0.00729927
16356 0.02189781
2662 0.00729927
8422 0.00729927
359 0.00729927
15209 0.00729927
3306 0.00729927
7914 0.02919708
10988 0.00729927
8812 0.00729927
19054 0.00729927
21872 0.02919708
11121 0.00729927
11635 0.00729927
9971 0.00729927
884 0.00729927
9973 0.00729927
21621 0.03649635
1399 0.02189781
17661 0.01459854
3327 0.00729927
