13952 0.012345679
13316 0.012345679
3205 0.012345679
20231 0.024691358
9227 0.024691358
16396 0.012345679
20367 0.024691358
6162 0.012345679
8343 0.012345679
4253 0.012345679
2721 0.012345679
12325 0.012345679
38 0.012345679
8232 0.012345679
11049 0.012345679
12843 0.11111111
9772 0.012345679
4654 0.012345679
1072 0.024691358
21813 0.012345679
8890 0.012345679
7227 0.024691358
6336 0.024691358
14402 0.024691358
10691 0.024691358
8259 0.049382716
21444 0.012345679
2119 0.012345679
7752 0.012345679
1224 0.012345679
11598 0.012345679
21841 0.012345679
7124 0.024691358
5077 0.012345679
18263 0.012345679
16729 0.012345679
8922 0.012345679
20315 0.012345679
347 0.012345679
12765 0.012345679
19683 0.012345679
1897 0.012345679
1006 0.012345679
1262 0.012345679
10350 0.061728396
19695 0.012345679
12016 0.012345679
17776 0.024691358
18290 0.012345679
11635 0.012345679
884 0.024691358
1399 0.024691358
17661 0.012345679
5631 0.012345679
