2690 0.015625
8194 0.015625
9352 0.015625
19722 0.015625
3339 0.015625
8844 0.015625
3982 0.015625
1295 0.015625
13714 0.015625
22294 0.015625
21398 0.015625
8343 0.015625
153 0.015625
10780 0.015625
20127 0.015625
929 0.015625
11298 0.03125
16164 0.015625
20263 0.015625
11049 0.03125
10417 0.015625
15154 0.015625
11315 0.015625
20020 0.015625
180 0.015625
14650 0.015625
21312 0.015625
8259 0.046875
21445 0.046875
18758 0.015625
21838 0.015625
18263 0.046875
3288 0.015625
15064 0.015625
18394 0.03125
20315 0.015625
19548 0.015625
14300 0.015625
21345 0.015625
9570 0.015625
1507 0.015625
6886 0.015625
15209 0.015625
20203 0.015625
9710 0.015625
5999 0.015625
14963 0.015625
884 0.015625
1399 0.0625
18168 0.015625
17661 0.015625
7935 0.015625
