2176 0.012987013
5380 0.012987013
18566 0.025974026
17415 0.012987013
20360 0.012987013
4490 0.012987013
21003 0.012987013
5900 0.012987013
17294 0.012987013
17553 0.012987013
9875 0.012987013
8852 0.012987013
20631 0.012987013
7962 0.012987013
11932 0.012987013
3745 0.012987013
9250 0.012987013
18340 0.025974026
20261 0.012987013
12710 0.012987013
7208 0.012987013
13864 0.012987013
3243 0.012987013
9772 0.012987013
4654 0.012987013
3128 0.012987013
15417 0.012987013
14394 0.012987013
13503 0.038961038
4161 0.038961038
14402 0.012987013
4934 0.025974026
4550 0.025974026
8140 0.012987013
19917 0.012987013
1488 0.025974026
10321 0.012987013
18263 0.025974026
21465 0.012987013
1754 0.012987013
19548 0.012987013
12765 0.012987013
14173 0.038961038
4833 0.12987013
20579 0.012987013
6116 0.012987013
358 0.025974026
20839 0.012987013
7914 0.012987013
4205 0.012987013
21487 0.012987013
1391 0.012987013
14966 0.012987013
1399 0.012987013
19199 0.012987013
