1410 0.011235955
11141 0.011235955
13958 0.011235955
13448 0.02247191
4874 0.011235955
5900 0.011235955
6286 0.011235955
18064 0.011235955
6162 0.033707865
150 0.011235955
17559 0.011235955
8343 0.011235955
8728 0.011235955
4761 0.011235955
10780 0.011235955
14239 0.02247191
8097 0.011235955
5025 0.011235955
20516 0.04494382
13097 0.011235955
10409 0.011235955
5801 0.033707865
12205 0.011235955
19886 0.011235955
19250 0.011235955
4402 0.02247191
15414 0.02247191
4161 0.011235955
5825 0.011235955
8259 0.02247191
19652 0.02247191
15429 0.033707865
12614 0.011235955
4168 0.06741573
13898 0.011235955
7755 0.011235955
18385 0.011235955
20434 0.011235955
1875 0.011235955
20437 0.011235955
18134 0.033707865
17751 0.011235955
19671 0.011235955
2391 0.011235955
5849 0.011235955
19034 0.011235955
6491 0.011235955
13532 0.033707865
19806 0.011235955
16097 0.011235955
5224 0.011235955
15209 0.011235955
1772 0.011235955
12398 0.011235955
12016 0.011235955
13041 0.011235955
20598 0.011235955
14330 0.02247191
19067 0.02247191
17661 0.011235955
2685 0.011235955
6654 0.011235955
4095 0.011235955
