1028 0.0147929
14861 0.00295858
1293 0.00295858
6929 0.00295858
17938 0.00295858
6937 0.00295858
21531 0.01183432
2843 0.0147929
796 0.01183432
21024 0.00295858
21792 0.03846154
11809 0.00591716
7202 0.00295858
6948 0.00295858
6950 0.00591716
3879 0.00295858
15402 0.00295858
13866 0.00591716
5933 0.00295858
7469 0.00295858
4142 0.00295858
17454 0.00887574
11569 0.00295858
18994 0.00295858
1842 0.00295858
5939 0.00295858
17208 0.00295858
19258 0.00295858
5434 0.00295858
16444 0.00295858
16189 0.00295858
12093 0.00887574
8511 0.00295858
11840 0.00295858
12609 0.00295858
1601 0.00295858
16705 0.00295858
21313 0.00887574
9794 0.00591716
17222 0.00295858
20294 0.00295858
14409 0.00295858
14410 0.00295858
4426 0.00295858
1099 0.00295858
10827 0.00591716
22093 0.00295858
2382 0.01775148
6736 0.00295858
13649 0.00295858
9811 0.00591716
8789 0.00295858
6485 0.00295858
5974 0.00887574
3159 0.00295858
18263 0.00295858
21847 0.00295858
21337 0.00295858
16730 0.00295858
10842 0.00591716
4956 0.00295858
20829 0.00295858
13406 0.00295858
5217 0.00295858
5221 0.01183432
21350 0.00295858
3175 0.00295858
3431 0.00295858
16743 0.00295858
20583 0.00295858
21097 0.00295858
4203 0.00295858
3947 0.00295858
7534 0.00295858
15985 0.00591716
14454 0.00295858
2422 0.00295858
8056 0.00295858
18808 0.00591716
4217 0.00295858
10362 0.00295858
9340 0.00295858
17536 0.00295858
10368 0.020710059
18561 0.00295858
11138 0.00591716
21635 0.00295858
11651 0.00295858
10122 0.00295858
11146 0.00295858
21386 0.00295858
4493 0.01183432
21902 0.00295858
18831 0.00295858
20883 0.00295858
2196 0.00295858
12948 0.00591716
19094 0.00295858
2720 0.00295858
673 0.01183432
930 0.00295858
4772 0.00295858
10148 0.00295858
7080 0.00295858
14760 0.00591716
4009 0.01183432
12462 0.00295858
17327 0.00295858
2479 0.00295858
13232 0.00295858
20401 0.00295858
17330 0.00295858
15540 0.00591716
7348 0.00591716
6837 0.00295858
4533 0.00295858
15286 0.00591716
8375 0.00295858
21944 0.00295858
12218 0.00295858
12986 0.00295858
19644 0.00295858
6076 0.0147929
700 0.0147929
13757 0.00591716
19394 0.00295858
5828 0.00295858
21701 0.00295858
9928 0.00295858
17865 0.10059172
2762 0.00295858
7116 0.00295858
5324 0.01183432
5837 0.00591716
3792 0.00295858
15824 0.00295858
7889 0.0147929
6867 0.00295858
8148 0.00295858
19158 0.00295858
11224 0.00295858
16601 0.00295858
9690 0.00887574
19418 0.020710059
17630 0.00295858
8416 0.00295858
15841 0.00295858
21986 0.00295858
16611 0.00295858
3301 0.00295858
12261 0.00295858
5607 0.00295858
3561 0.00295858
16877 0.00295858
5360 0.00295858
14322 0.00295858
4339 0.00887574
21749 0.00295858
4597 0.00591716
5365 0.112426035
2806 0.00591716
18423 0.00591716
7161 0.00295858
16380 0.00295858
22269 0.00295858
21245 0.00295858
