13952 0.007575758
21378 0.007575758
8707 0.007575758
16772 0.007575758
19461 0.007575758
14085 0.015151516
8070 0.015151516
19079 0.007575758
14855 0.007575758
20231 0.015151516
3080 0.007575758
12552 0.007575758
7433 0.007575758
21514 0.007575758
2188 0.007575758
3982 0.007575758
16656 0.007575758
18577 0.007575758
17553 0.007575758
9361 0.007575758
6162 0.007575758
20883 0.007575758
5396 0.030303031
22294 0.015151516
2070 0.030303031
2721 0.007575758
8097 0.015151516
3105 0.007575758
20645 0.007575758
1961 0.007575758
1066 0.007575758
19886 0.007575758
15150 0.007575758
4654 0.007575758
6575 0.007575758
180 0.015151516
6325 0.015151516
22198 0.007575758
18871 0.007575758
17720 0.007575758
5434 0.007575758
20538 0.007575758
14650 0.007575758
6716 0.007575758
5308 0.007575758
4286 0.007575758
19647 0.007575758
9023 0.007575758
5056 0.007575758
10691 0.007575758
21445 0.007575758
16841 0.007575758
20425 0.007575758
6091 0.007575758
13260 0.015151516
17231 0.007575758
10831 0.007575758
1488 0.015151516
5329 0.007575758
9041 0.007575758
11604 0.007575758
8022 0.007575758
18263 0.022727273
2519 0.022727273
20696 0.007575758
4440 0.007575758
7642 0.007575758
2781 0.007575758
14173 0.007575758
16736 0.015151516
20065 0.007575758
8035 0.007575758
20579 0.007575758
5859 0.015151516
6116 0.007575758
6886 0.015151516
15209 0.007575758
7916 0.007575758
2284 0.015151516
4845 0.007575758
18414 0.022727273
19696 0.007575758
884 0.015151516
9975 0.007575758
887 0.022727273
1399 0.03787879
5753 0.007575758
10618 0.007575758
3323 0.015151516
8572 0.007575758
8444 0.007575758
14333 0.007575758
20989 0.007575758
9853 0.007575758
14077 0.007575758
3839 0.015151516
18431 0.015151516
