7680 0.00862069
13186 0.00862069
14085 0.01724138
14982 0.00862069
9352 0.00862069
21385 0.00862069
9227 0.00862069
14860 0.00862069
17166 0.00862069
18064 0.00862069
18193 0.00862069
4371 0.02586207
8342 0.00862069
17559 0.00862069
8343 0.00862069
8472 0.00862069
7193 0.00862069
153 0.01724138
5659 0.00862069
14620 0.00862069
15900 0.00862069
3364 0.00862069
17318 0.00862069
11049 0.01724138
18731 0.00862069
10412 0.00862069
13101 0.00862069
17327 0.00862069
21679 0.01724138
18991 0.06896552
22064 0.01724138
15154 0.00862069
8371 0.00862069
15415 0.00862069
14650 0.00862069
5819 0.00862069
17724 0.00862069
16064 0.00862069
4161 0.01724138
20163 0.00862069
3268 0.00862069
10821 0.00862069
16582 0.00862069
2758 0.00862069
12871 0.02586207
2632 0.00862069
716 0.01724138
15181 0.00862069
16717 0.02586207
3792 0.00862069
7252 0.00862069
9813 0.01724138
20566 0.00862069
19286 0.00862069
18263 0.04310345
21464 0.00862069
20696 0.00862069
3419 0.00862069
16605 0.00862069
21213 0.00862069
16481 0.01724138
16356 0.02586207
20453 0.00862069
5990 0.00862069
2791 0.00862069
16871 0.00862069
1006 0.03448276
19697 0.00862069
20723 0.00862069
11635 0.00862069
21236 0.00862069
15222 0.00862069
1399 0.03448276
3323 0.00862069
15484 0.00862069
20989 0.01724138
22270 0.00862069
18046 0.00862069
7295 0.00862069
6143 0.01724138
