769 0.004385965
8709 0.004385965
5893 0.048245613
15629 0.004385965
2320 0.004385965
5396 0.07017544
16149 0.004385965
22294 0.00877193
19736 0.013157895
16409 0.004385965
20507 0.004385965
4635 0.02631579
15902 0.004385965
9250 0.00877193
7460 0.004385965
19236 0.004385965
4649 0.004385965
18731 0.004385965
10284 0.004385965
12595 0.004385965
8243 0.00877193
55 0.004385965
14650 0.004385965
4923 0.004385965
15422 0.004385965
11327 0.021929825
18239 0.02631579
1858 0.004385965
10821 0.00877193
15173 0.00877193
4934 0.004385965
6215 0.004385965
14153 0.004385965
11598 0.004385965
10065 0.004385965
20310 0.004385965
17751 0.013157895
8282 0.004385965
13659 0.004385965
14173 0.004385965
10589 0.004385965
22114 0.004385965
10083 0.004385965
3430 0.004385965
4714 0.00877193
14188 0.004385965
10605 0.004385965
6509 0.004385965
15469 0.00877193
12398 0.004385965
21872 0.004385965
2674 0.00877193
11635 0.01754386
884 0.013157895
21621 0.013157895
19581 0.013157895
3199 0.004385965
13186 0.004385965
16002 0.00877193
16772 0.004385965
13958 0.004385965
9862 0.00877193
5511 0.004385965
10896 0.004385965
17553 0.00877193
10897 0.00877193
9361 0.021929825
1427 0.013157895
8343 0.004385965
13465 0.004385965
10651 0.00877193
2204 0.004385965
11932 0.004385965
13983 0.004385965
16032 0.004385965
13485 0.004385965
10417 0.00877193
20405 0.01754386
12987 0.004385965
6588 0.004385965
8384 0.004385965
10691 0.00877193
7110 0.004385965
3530 0.004385965
1482 0.013157895
1488 0.00877193
18385 0.004385965
10451 0.048245613
20696 0.02631579
21465 0.00877193
4314 0.013157895
13532 0.02631579
6116 0.013157895
6886 0.03508772
2791 0.004385965
20968 0.004385965
7914 0.004385965
1006 0.00877193
2292 0.004385965
11512 0.02631579
20217 0.004385965
3323 0.01754386
22270 0.004385965
5631 0.004385965
6143 0.004385965
3839 0.013157895
