21378 0.00877193
12037 0.00877193
11141 0.00877193
8070 0.00877193
20231 0.19298245
10896 0.00877193
6162 0.00877193
4371 0.00877193
2837 0.00877193
2070 0.10526316
8343 0.00877193
17559 0.00877193
153 0.00877193
11932 0.00877193
31 0.00877193
9250 0.01754386
8355 0.00877193
18340 0.00877193
12710 0.01754386
15528 0.00877193
20648 0.00877193
13610 0.00877193
298 0.00877193
4654 0.00877193
8366 0.00877193
15150 0.01754386
19250 0.00877193
19126 0.00877193
8630 0.00877193
1720 0.01754386
14650 0.01754386
12220 0.00877193
7999 0.00877193
4161 0.00877193
14402 0.00877193
14788 0.00877193
2372 0.00877193
8645 0.00877193
8135 0.00877193
13260 0.01754386
6865 0.00877193
209 0.00877193
16599 0.00877193
18263 0.00877193
20696 0.00877193
7131 0.00877193
13532 0.00877193
21213 0.00877193
2781 0.00877193
16736 0.00877193
6368 0.00877193
13155 0.00877193
2275 0.00877193
16356 0.00877193
15845 0.00877193
6886 0.00877193
3944 0.00877193
11883 0.00877193
21356 0.00877193
1006 0.00877193
19696 0.00877193
12016 0.01754386
3440 0.01754386
884 0.00877193
1399 0.03508772
6777 0.01754386
8573 0.00877193
19199 0.02631579
