7680 0.00295858
8194 0.00295858
19970 0.00591716
16387 0.00295858
6661 0.00295858
14085 0.00591716
11270 0.00295858
17415 0.00295858
19463 0.00295858
11527 0.00591716
20231 0.09467456
3848 0.00295858
6153 0.00591716
7690 0.00295858
10763 0.0147929
5900 0.00295858
16396 0.00295858
15629 0.00295858
10767 0.00591716
8208 0.00887574
22035 0.00887574
20501 0.00295858
12316 0.00295858
17949 0.00295858
3105 0.00295858
9250 0.00591716
6435 0.00295858
4903 0.00295858
8743 0.00295858
10025 0.00295858
11049 0.00591716
18731 0.00295858
14891 0.00295858
6444 0.00295858
18732 0.00295858
9772 0.00295858
10541 0.00295858
13613 0.00591716
4654 0.01183432
12335 0.00295858
13615 0.00295858
15154 0.00591716
8243 0.00295858
17460 0.00295858
21813 0.00591716
1081 0.00295858
14650 0.00887574
7486 0.00591716
575 0.00295858
7999 0.00591716
14402 0.00295858
8259 0.020710059
2372 0.00887574
13637 0.00295858
10821 0.020710059
18758 0.00295858
6474 0.00295858
4426 0.00295858
12365 0.00295858
16717 0.00887574
6222 0.00295858
11598 0.00295858
9041 0.00591716
18003 0.00295858
18263 0.00295858
21592 0.00295858
14684 0.00295858
15196 0.01775148
8797 0.00887574
16481 0.00295858
20065 0.00295858
13155 0.00295858
10083 0.00887574
20579 0.0147929
5990 0.00887574
359 0.00295858
874 0.00591716
11883 0.01775148
15980 0.00295858
21872 0.00295858
8561 0.00295858
1908 0.00295858
21621 0.02366864
19062 0.00591716
1399 0.01183432
17272 0.00295858
2426 0.00295858
8573 0.00295858
5502 0.00295858
1150 0.00295858
13441 0.00591716
2690 0.00591716
1922 0.00591716
7815 0.00295858
18569 0.00295858
4490 0.00295858
9100 0.00591716
13709 0.00591716
3213 0.00591716
14223 0.00295858
14224 0.00295858
6032 0.00295858
10897 0.00591716
13458 0.00295858
20883 0.00295858
16021 0.00295858
8343 0.00295858
153 0.00295858
19865 0.00295858
13210 0.00295858
11932 0.00295858
11682 0.00295858
12710 0.00295858
17318 0.00295858
20648 0.01775148
2731 0.00295858
19886 0.0147929
13491 0.00295858
3251 0.00295858
20150 0.00295858
19127 0.00295858
21432 0.00591716
4025 0.00295858
3001 0.00295858
17338 0.00295858
18107 0.00591716
6336 0.00295858
16064 0.00591716
5825 0.00591716
4547 0.00295858
10691 0.00295858
9412 0.00295858
9926 0.00295858
2758 0.00591716
13255 0.00295858
12745 0.00295858
17865 0.00295858
21706 0.00295858
18378 0.00295858
716 0.00295858
13260 0.041420117
6097 0.00887574
209 0.00887574
16599 0.00295858
21465 0.00295858
8665 0.00295858
4314 0.00295858
5083 0.00295858
14300 0.00295858
2781 0.00295858
1507 0.00295858
7395 0.00295858
19683 0.00295858
7141 0.00295858
15078 0.00591716
2791 0.00295858
17895 0.00295858
16871 0.00295858
3561 0.00295858
233 0.00591716
16618 0.00295858
18410 0.01183432
20203 0.00295858
5868 0.00295858
7916 0.00887574
1006 0.00591716
18414 0.00887574
18159 0.00887574
496 0.00295858
14832 0.00887574
3057 0.00295858
8433 0.00295858
241 0.00591716
20723 0.00295858
2293 0.00295858
2041 0.00295858
9468 0.00295858
17916 0.00295858
19198 0.00295858
5631 0.00295858
