5825 0.013888889
13377 0.013888889
21570 0.013888889
10821 0.041666668
9352 0.013888889
5194 0.013888889
395 0.013888889
9100 0.013888889
3982 0.055555556
20624 0.013888889
15121 0.013888889
9041 0.013888889
4371 0.013888889
5843 0.013888889
14099 0.013888889
22294 0.027777778
17559 0.013888889
3735 0.013888889
17751 0.013888889
18263 0.027777778
16409 0.013888889
21465 0.055555556
14490 0.013888889
7642 0.027777778
17882 0.027777778
8797 0.013888889
15903 0.013888889
16097 0.013888889
9250 0.041666668
11298 0.055555556
8035 0.027777778
16356 0.041666668
3749 0.013888889
6886 0.027777778
11624 0.013888889
15528 0.013888889
8368 0.06944445
13041 0.013888889
8561 0.027777778
9975 0.013888889
19385 0.027777778
13819 0.013888889
12734 0.013888889
2879 0.013888889
12095 0.013888889
