3842 0.0056818184
18435 0.0056818184
7685 0.0056818184
12037 0.0056818184
6666 0.0056818184
4874 0.011363637
5900 0.017045455
14607 0.0056818184
10767 0.0056818184
13841 0.0056818184
6162 0.0056818184
11795 0.0056818184
22035 0.0056818184
10005 0.0056818184
7965 0.0056818184
11806 0.0056818184
13855 0.0056818184
3360 0.011363637
16161 0.017045455
14626 0.0056818184
9250 0.022727273
4387 0.0056818184
38 0.0056818184
21291 0.0056818184
46 0.0056818184
10546 0.011363637
19250 0.011363637
14650 0.022727273
578 0.0056818184
1858 0.0056818184
8259 0.022727273
10821 0.0056818184
18501 0.011363637
8263 0.011363637
2632 0.0056818184
11598 0.0056818184
1105 0.0056818184
17490 0.0056818184
7254 0.0056818184
17751 0.0056818184
17495 0.022727273
16729 0.0056818184
11611 0.0056818184
19548 0.0056818184
19806 0.0056818184
16736 0.0056818184
7520 0.0056818184
21345 0.0056818184
20579 0.0056818184
10605 0.0056818184
14960 0.0056818184
18289 0.017045455
21875 0.0056818184
20598 0.0056818184
19062 0.0056818184
1399 0.011363637
2690 0.0056818184
21123 0.0056818184
22147 0.0056818184
11655 0.011363637
9352 0.028409092
14223 0.0056818184
18834 0.0056818184
7830 0.06818182
153 0.0056818184
5788 0.0056818184
4510 0.0056818184
11679 0.0056818184
2721 0.0056818184
15528 0.011363637
13480 0.045454547
2731 0.0056818184
17327 0.028409092
19634 0.0056818184
8371 0.0056818184
8630 0.0056818184
17336 0.0056818184
10691 0.0056818184
4547 0.0056818184
11718 0.0056818184
4556 0.045454547
7377 0.0056818184
725 0.0056818184
20438 0.045454547
731 0.0056818184
14300 0.0056818184
6623 0.0056818184
10211 0.0056818184
6116 0.0056818184
3300 0.0056818184
5092 0.011363637
20453 0.0056818184
8422 0.017045455
16871 0.011363637
9706 0.0056818184
1006 0.017045455
241 0.0056818184
13041 0.017045455
12020 0.0056818184
1013 0.0056818184
13819 0.0056818184
