21123 0.010752688
8070 0.021505376
14089 0.010752688
10767 0.021505376
15120 0.06451613
13458 0.010752688
6162 0.010752688
3733 0.021505376
8343 0.010752688
13977 0.010752688
11932 0.021505376
4510 0.043010753
3104 0.010752688
5025 0.010752688
8097 0.010752688
9250 0.010752688
18598 0.010752688
2731 0.010752688
9772 0.010752688
6828 0.010752688
22064 0.010752688
14514 0.010752688
10546 0.010752688
15027 0.010752688
14005 0.010752688
4665 0.010752688
9402 0.010752688
14650 0.010752688
13503 0.010752688
11073 0.010752688
1858 0.010752688
3522 0.032258064
8259 0.032258064
2758 0.010752688
18758 0.010752688
18118 0.010752688
10184 0.010752688
9931 0.010752688
2765 0.11827957
6222 0.021505376
16719 0.010752688
20434 0.010752688
20571 0.010752688
19548 0.010752688
3044 0.010752688
6119 0.021505376
16871 0.043010753
3306 0.032258064
7789 0.010752688
1006 0.010752688
9971 0.010752688
20468 0.010752688
20598 0.010752688
16375 0.010752688
6780 0.010752688
17276 0.021505376
6143 0.032258064
