13186 0.014492754
15629 0.014492754
11792 0.014492754
10512 0.014492754
10896 0.028985508
17553 0.014492754
20501 0.014492754
21398 0.014492754
3735 0.014492754
8343 0.028985508
11932 0.014492754
17184 0.014492754
13349 0.014492754
9767 0.014492754
13610 0.014492754
7211 0.014492754
11052 0.014492754
10284 0.028985508
9393 0.014492754
20535 0.014492754
13883 0.014492754
6587 0.014492754
17724 0.014492754
18623 0.028985508
9025 0.014492754
17473 0.014492754
4930 0.014492754
8259 0.028985508
10821 0.014492754
8263 0.028985508
5192 0.014492754
3530 0.014492754
2380 0.014492754
13260 0.014492754
11598 0.028985508
14806 0.014492754
1110 0.014492754
18263 0.028985508
20696 0.028985508
2397 0.014492754
19806 0.014492754
13410 0.014492754
6116 0.014492754
20453 0.014492754
14694 0.014492754
1006 0.014492754
10350 0.028985508
5231 0.014492754
20723 0.014492754
884 0.014492754
2293 0.028985508
18038 0.014492754
9975 0.014492754
1399 0.04347826
6143 0.014492754
3327 0.014492754
