6336 0.012820513
7680 0.012820513
4161 0.012820513
19138 0.012820513
10242 0.012820513
13251 0.012820513
10691 0.012820513
8259 0.051282052
14085 0.012820513
8263 0.025641026
9352 0.012820513
3658 0.012820513
716 0.012820513
19917 0.012820513
14800 0.025641026
12497 0.025641026
4371 0.012820513
7124 0.012820513
8343 0.012820513
1048 0.012820513
21465 0.012820513
10457 0.012820513
20825 0.012820513
21401 0.051282052
11932 0.03846154
4701 0.012820513
6307 0.012820513
5988 0.012820513
20453 0.012820513
12710 0.15384616
4903 0.012820513
2855 0.012820513
4007 0.102564104
15528 0.012820513
6121 0.012820513
14185 0.012820513
7337 0.012820513
2987 0.012820513
12398 0.012820513
21487 0.012820513
3439 0.012820513
7282 0.025641026
21236 0.012820513
17653 0.012820513
7414 0.012820513
1399 0.012820513
2620 0.012820513
12413 0.012820513
