1024 0.015873017
5825 0.015873017
10691 0.015873017
8259 0.031746034
20231 0.015873017
13770 0.015873017
18378 0.015873017
9100 0.015873017
16460 0.015873017
13260 0.031746034
19917 0.015873017
8208 0.06349207
10897 0.015873017
7505 0.015873017
3922 0.015873017
9875 0.015873017
7830 0.015873017
2390 0.031746034
15703 0.015873017
21464 0.015873017
10651 0.015873017
5788 0.015873017
11932 0.031746034
16669 0.015873017
18208 0.015873017
16736 0.031746034
4513 0.031746034
3745 0.04761905
8163 0.015873017
5990 0.015873017
2662 0.015873017
12710 0.015873017
38 0.031746034
6886 0.031746034
20712 0.015873017
3179 0.015873017
7211 0.015873017
1006 0.015873017
19886 0.031746034
5743 0.015873017
10417 0.015873017
13426 0.015873017
8434 0.015873017
12468 0.015873017
14650 0.015873017
3323 0.015873017
3645 0.015873017
8573 0.031746034
