14337 0.009615385
1410 0.009615385
9988 0.03846154
5126 0.009615385
3982 0.009615385
10767 0.009615385
6162 0.07692308
4371 0.01923077
20501 0.009615385
2197 0.028846154
8855 0.009615385
3354 0.03846154
11292 0.009615385
20127 0.009615385
13855 0.009615385
13600 0.01923077
18081 0.009615385
3745 0.01923077
9250 0.009615385
20516 0.009615385
13097 0.009615385
20780 0.009615385
21039 0.009615385
431 0.009615385
21679 0.01923077
17840 0.009615385
8113 0.028846154
6066 0.009615385
9141 0.009615385
19126 0.009615385
21944 0.009615385
4025 0.028846154
8251 0.009615385
3262 0.009615385
13503 0.009615385
15424 0.009615385
11073 0.009615385
14402 0.009615385
1858 0.009615385
4290 0.009615385
8259 0.009615385
5443 0.009615385
2372 0.009615385
10821 0.009615385
2758 0.009615385
12614 0.009615385
16841 0.009615385
716 0.009615385
7245 0.01923077
11598 0.009615385
16719 0.009615385
12624 0.009615385
5329 0.009615385
11734 0.009615385
3288 0.009615385
5850 0.01923077
14300 0.009615385
12765 0.028846154
6368 0.009615385
13155 0.01923077
5861 0.009615385
8422 0.009615385
14696 0.009615385
17513 0.009615385
3306 0.009615385
5996 0.01923077
1006 0.009615385
8175 0.009615385
12016 0.009615385
13041 0.009615385
11635 0.009615385
19062 0.009615385
1399 0.009615385
12922 0.009615385
19199 0.009615385
