14085 0.006451613
4617 0.006451613
18954 0.006451613
8715 0.006451613
9227 0.006451613
16653 0.006451613
14093 0.012903226
2061 0.012903226
10767 0.006451613
1295 0.006451613
271 0.012903226
17168 0.006451613
8208 0.012903226
21023 0.006451613
9250 0.006451613
298 0.006451613
18731 0.012903226
5936 0.006451613
14650 0.012903226
3130 0.019354839
6459 0.012903226
7999 0.012903226
10821 0.025806451
9797 0.07096774
18758 0.006451613
8263 0.006451613
21578 0.006451613
20813 0.019354839
11598 0.006451613
9046 0.006451613
18263 0.006451613
2393 0.006451613
10331 0.006451613
14173 0.006451613
9310 0.006451613
7007 0.006451613
16736 0.025806451
21345 0.006451613
20579 0.006451613
5477 0.006451613
9061 0.006451613
11883 0.012903226
15469 0.006451613
3950 0.032258064
16495 0.006451613
11635 0.012903226
13173 0.006451613
21621 0.032258064
14966 0.006451613
1399 0.025806451
22136 0.006451613
6525 0.006451613
9598 0.006451613
13441 0.006451613
1410 0.006451613
12165 0.006451613
8837 0.012903226
9352 0.019354839
20878 0.006451613
21136 0.006451613
18064 0.006451613
15764 0.006451613
18325 0.006451613
8343 0.006451613
6039 0.006451613
16024 0.006451613
19865 0.006451613
153 0.006451613
10651 0.012903226
5788 0.012903226
9629 0.006451613
928 0.006451613
20386 0.006451613
8355 0.012903226
10916 0.006451613
20648 0.006451613
7082 0.012903226
9393 0.012903226
13235 0.006451613
6070 0.006451613
6838 0.006451613
13503 0.006451613
8898 0.006451613
3268 0.006451613
3269 0.006451613
7110 0.006451613
3528 0.006451613
6359 0.006451613
21464 0.006451613
21465 0.006451613
11482 0.025806451
13538 0.006451613
19683 0.006451613
7909 0.006451613
18159 0.012903226
1008 0.006451613
13041 0.006451613
18674 0.006451613
13044 0.006451613
2041 0.006451613
17661 0.006451613
14333 0.006451613
