13441 0.01
15106 0.03
19461 0.01
14090 0.01
5900 0.01
10767 0.02
20624 0.01
17553 0.01
6162 0.01
20883 0.02
7830 0.04
8343 0.03
5913 0.01
11932 0.01
7208 0.01
10667 0.01
7211 0.01
8237 0.01
8111 0.01
20020 0.01
22196 0.01
19126 0.02
21559 0.1
14650 0.01
15292 0.01
7999 0.04
9024 0.01
4161 0.01
11073 0.04
1858 0.01
14402 0.01
4930 0.01
8259 0.07
3268 0.01
2758 0.02
13255 0.01
12871 0.02
18376 0.01
3532 0.01
16717 0.01
20821 0.01
2390 0.01
3288 0.01
14300 0.02
16605 0.01
12765 0.01
21345 0.01
6116 0.01
11241 0.01
8297 0.01
109 0.01
1006 0.02
2288 0.01
241 0.01
3058 0.03
20723 0.01
17524 0.01
884 0.02
3191 0.01
1399 0.02
8824 0.01
