7680 0.006802721
17925 0.006802721
21514 0.006802721
3850 0.013605442
10763 0.013605442
18706 0.006802721
12819 0.006802721
4371 0.020408163
20501 0.006802721
278 0.006802721
22294 0.006802721
17431 0.006802721
10780 0.006802721
17949 0.006802721
13855 0.006802721
6688 0.013605442
9250 0.006802721
10025 0.006802721
4649 0.006802721
1066 0.013605442
22064 0.006802721
14900 0.006802721
17724 0.006802721
10817 0.006802721
13377 0.013605442
14402 0.006802721
1858 0.006802721
13891 0.006802721
10821 0.020408163
8263 0.006802721
4169 0.006802721
11598 0.006802721
9041 0.020408163
9300 0.006802721
17751 0.027210884
10333 0.006802721
19808 0.006802721
13410 0.034013607
20579 0.006802721
16228 0.006802721
359 0.006802721
15209 0.006802721
10095 0.006802721
11635 0.020408163
15222 0.006802721
9852 0.006802721
8573 0.006802721
18046 0.006802721
130 0.006802721
21123 0.006802721
8592 0.006802721
150 0.006802721
17559 0.006802721
153 0.020408163
2459 0.006802721
17308 0.006802721
17564 0.006802721
3229 0.006802721
9630 0.006802721
4512 0.013605442
3745 0.013605442
9634 0.013605442
7847 0.006802721
15528 0.006802721
5801 0.013605442
956 0.006802721
16835 0.006802721
16582 0.006802721
2758 0.013605442
13260 0.006802721
20175 0.006802721
15567 0.006802721
20437 0.006802721
11734 0.027210884
20696 0.034013607
21465 0.006802721
7642 0.006802721
5083 0.006802721
481 0.006802721
5859 0.006802721
16356 0.020408163
20453 0.020408163
5862 0.006802721
8422 0.013605442
231 0.006802721
7914 0.006802721
21485 0.006802721
16621 0.013605442
1006 0.034013607
21487 0.006802721
18159 0.006802721
8177 0.006802721
241 0.020408163
15354 0.006802721
3579 0.027210884
5631 0.006802721
5375 0.006802721
19199 0.006802721
