18305 0.02
16003 0.01
11396 0.01
3210 0.01
15374 0.02
17553 0.01
8343 0.03
153 0.01
6554 0.01
2459 0.01
2204 0.01
11932 0.02
4253 0.01
20381 0.01
3229 0.01
18336 0.02
9250 0.01
21541 0.01
38 0.01
298 0.01
7211 0.01
14514 0.02
7090 0.02
8243 0.01
6199 0.01
15160 0.01
14650 0.01
16314 0.01
14394 0.01
4669 0.01
14525 0.01
10176 0.01
8384 0.01
13249 0.01
3522 0.01
14402 0.03
8259 0.02
19268 0.01
10821 0.02
20425 0.01
716 0.01
19917 0.01
9041 0.01
16339 0.01
16724 0.01
18263 0.02
10331 0.01
347 0.01
14300 0.01
13405 0.01
4701 0.01
6237 0.02
21345 0.02
7265 0.03
20579 0.01
10467 0.01
16356 0.01
3044 0.01
18788 0.01
20453 0.01
6886 0.02
16871 0.01
233 0.01
7914 0.01
5105 0.01
241 0.01
13041 0.03
11634 0.01
18290 0.05
11635 0.01
756 0.01
19062 0.01
1399 0.01
3579 0.01
15484 0.01
17661 0.01
