16387 0.009615385
519 0.0048076925
20231 0.009615385
1295 0.0048076925
10767 0.014423077
8208 0.0048076925
10256 0.009615385
20755 0.0048076925
21779 0.0048076925
5396 0.028846154
22294 0.0048076925
5913 0.0048076925
7197 0.0048076925
17949 0.009615385
1312 0.0048076925
9250 0.0048076925
19748 0.0048076925
13093 0.0048076925
5926 0.0048076925
20263 0.0048076925
4649 0.0048076925
10025 0.0048076925
21545 0.0048076925
8237 0.0048076925
4654 0.009615385
13871 0.0048076925
22064 0.009615385
10546 0.0048076925
21813 0.009615385
18998 0.0048076925
13880 0.0048076925
4665 0.0048076925
11322 0.0048076925
14650 0.014423077
12095 0.0048076925
11073 0.009615385
8259 0.028846154
7748 0.0048076925
18501 0.0048076925
18246 0.0048076925
12365 0.009615385
7502 0.0048076925
9041 0.009615385
2390 0.0048076925
8790 0.0048076925
9046 0.0048076925
18263 0.0048076925
16474 0.0048076925
13410 0.009615385
10083 0.014423077
20579 0.01923077
359 0.0048076925
13672 0.0048076925
15209 0.0048076925
8556 0.0048076925
15469 0.009615385
14704 0.009615385
11635 0.0048076925
884 0.014423077
21621 0.01923077
8823 0.009615385
1399 0.01923077
5499 0.0048076925
16000 0.01923077
16002 0.0048076925
1410 0.0048076925
8834 0.0048076925
11141 0.0048076925
20360 0.0048076925
8843 0.0048076925
9361 0.009615385
19346 0.0048076925
18834 0.0048076925
13458 0.0048076925
19603 0.0048076925
20883 0.0048076925
7317 0.009615385
15003 0.0048076925
10651 0.009615385
11932 0.0048076925
11422 0.0048076925
15518 0.0048076925
3491 0.009615385
12710 0.01923077
7082 0.009615385
1963 0.0048076925
13485 0.014423077
19886 0.009615385
17327 0.009615385
9392 0.014423077
14515 0.0048076925
180 0.009615385
8630 0.0048076925
2231 0.0048076925
21432 0.0048076925
4025 0.0048076925
13760 0.0048076925
9408 0.009615385
13249 0.0048076925
9413 0.0048076925
9157 0.0048076925
16582 0.0048076925
2758 0.0048076925
15560 0.0048076925
21706 0.0048076925
1482 0.009615385
18891 0.014423077
13260 0.009615385
15567 0.0048076925
6359 0.0048076925
20696 0.0048076925
21465 0.0048076925
8668 0.0048076925
13532 0.009615385
3039 0.0048076925
20959 0.0048076925
11235 0.0048076925
6116 0.01923077
6886 0.0048076925
16871 0.0048076925
233 0.0048076925
7914 0.0048076925
10989 0.0048076925
18414 0.009615385
21487 0.0048076925
20723 0.0048076925
1524 0.009615385
9973 0.0048076925
2293 0.0048076925
14838 0.0048076925
9208 0.0048076925
15096 0.0048076925
3323 0.009615385
10492 0.0048076925
253 0.014423077
