1410 0.00862069
2690 0.01724138
11396 0.00862069
11141 0.00862069
8837 0.01724138
20998 0.00862069
6664 0.00862069
9100 0.00862069
6032 0.01724138
20497 0.00862069
10897 0.00862069
13458 0.03448276
7317 0.00862069
150 0.00862069
8343 0.02586207
5788 0.00862069
11932 0.00862069
1692 0.04310345
6688 0.00862069
11296 0.00862069
20263 0.00862069
13610 0.00862069
7211 0.00862069
1451 0.00862069
16940 0.00862069
8497 0.00862069
16563 0.00862069
17588 0.00862069
8630 0.00862069
12601 0.00862069
14650 0.01724138
6459 0.00862069
18492 0.00862069
13503 0.00862069
11073 0.00862069
8259 0.04310345
9412 0.00862069
9413 0.00862069
9671 0.00862069
9544 0.00862069
1224 0.00862069
13003 0.00862069
2765 0.00862069
16717 0.01724138
9041 0.00862069
20434 0.01724138
6612 0.02586207
6357 0.00862069
7637 0.00862069
3288 0.00862069
11611 0.01724138
15196 0.01724138
11614 0.00862069
2528 0.01724138
10083 0.00862069
20579 0.00862069
5988 0.00862069
6116 0.01724138
16871 0.00862069
20456 0.00862069
20712 0.00862069
18410 0.02586207
3306 0.02586207
11883 0.01724138
1006 0.02586207
19183 0.00862069
14704 0.03448276
13041 0.00862069
3057 0.00862069
8433 0.01724138
9073 0.02586207
8434 0.00862069
22134 0.00862069
4471 0.00862069
2041 0.00862069
12537 0.00862069
12669 0.00862069
19199 0.00862069
