14402 0.020408163
1858 0.020408163
21123 0.020408163
8259 0.06122449
4228 0.020408163
12869 0.020408163
18501 0.020408163
18758 0.040816326
8263 0.020408163
16072 0.020408163
13640 0.040816326
19917 0.020408163
1488 0.020408163
12502 0.020408163
19799 0.020408163
20696 0.020408163
153 0.040816326
5788 0.020408163
11932 0.020408163
3044 0.020408163
6437 0.020408163
12710 0.020408163
5926 0.06122449
16871 0.020408163
7914 0.020408163
15662 0.020408163
19886 0.040816326
13041 0.020408163
20723 0.020408163
12020 0.020408163
13621 0.020408163
6454 0.020408163
1399 0.020408163
8633 0.020408163
14650 0.020408163
5885 0.040816326
17854 0.020408163
7103 0.020408163
319 0.040816326
