7680 0.004032258
16387 0.004032258
12291 0.008064516
9988 0.004032258
12037 0.004032258
8709 0.008064516
14601 0.004032258
10763 0.004032258
4107 0.004032258
4620 0.004032258
20493 0.008064516
14350 0.004032258
17935 0.004032258
10767 0.008064516
4371 0.016129032
13844 0.012096774
10525 0.004032258
16159 0.004032258
12321 0.004032258
3105 0.004032258
22050 0.008064516
11298 0.012096774
9250 0.012096774
22052 0.004032258
7972 0.004032258
20516 0.012096774
20263 0.008064516
2856 0.004032258
10025 0.004032258
18217 0.004032258
7211 0.004032258
1067 0.004032258
21291 0.004032258
18732 0.004032258
13613 0.004032258
11825 0.004032258
10546 0.004032258
8754 0.004032258
15154 0.008064516
5939 0.004032258
3130 0.004032258
14650 0.008064516
17724 0.004032258
63 0.004032258
9023 0.004032258
13631 0.008064516
4161 0.004032258
14402 0.004032258
4419 0.004032258
8259 0.016129032
17476 0.004032258
12614 0.004032258
18758 0.008064516
8263 0.004032258
9544 0.004032258
15177 0.004032258
16717 0.004032258
334 0.004032258
11598 0.004032258
9041 0.004032258
18263 0.004032258
16729 0.004032258
7770 0.004032258
10331 0.004032258
6491 0.004032258
15196 0.004032258
9053 0.004032258
6237 0.004032258
11616 0.004032258
16736 0.004032258
7264 0.004032258
1376 0.008064516
353 0.004032258
21345 0.008064516
13155 0.004032258
10083 0.004032258
18275 0.008064516
20579 0.016129032
20326 0.004032258
359 0.004032258
13927 0.004032258
2409 0.004032258
15209 0.02016129
20331 0.004032258
15980 0.004032258
6509 0.004032258
3950 0.004032258
20849 0.004032258
11635 0.02016129
20598 0.004032258
22134 0.04032258
1399 0.012096774
2937 0.004032258
12413 0.004032258
15744 0.004032258
13441 0.004032258
1410 0.004032258
21123 0.004032258
15238 0.004032258
8070 0.004032258
9352 0.004032258
19336 0.004032258
3210 0.004032258
6541 0.004032258
6032 0.004032258
13458 0.004032258
19603 0.004032258
18323 0.008064516
8342 0.004032258
21398 0.02016129
20119 0.004032258
8343 0.012096774
3739 0.032258064
11932 0.004032258
10140 0.004032258
4253 0.004032258
4510 0.004032258
13983 0.004032258
2721 0.004032258
11682 0.004032258
7333 0.004032258
7593 0.004032258
3498 0.004032258
19886 0.004032258
17327 0.016129032
9393 0.004032258
6579 0.004032258
8371 0.004032258
17075 0.004032258
15800 0.004032258
6586 0.004032258
3263 0.004032258
22211 0.004032258
14788 0.004032258
3268 0.004032258
9157 0.008064516
1221 0.012096774
14022 0.004032258
13766 0.004032258
12746 0.004032258
21706 0.004032258
18378 0.004032258
13260 0.004032258
17100 0.004032258
11215 0.004032258
13779 0.004032258
3288 0.004032258
5080 0.004032258
20696 0.008064516
731 0.004032258
12765 0.004032258
4573 0.004032258
6368 0.004032258
20453 0.004032258
2791 0.012096774
7916 0.004032258
4078 0.004032258
1006 0.012096774
11504 0.004032258
9713 0.004032258
14833 0.004032258
13041 0.008064516
18162 0.004032258
6643 0.004032258
15349 0.004032258
1527 0.004032258
10488 0.004032258
3323 0.004032258
16379 0.004032258
3579 0.004032258
6143 0.004032258
5631 0.004032258
3839 0.004032258
