7680 0.011494253
256 0.03448276
8837 0.03448276
9227 0.011494253
5645 0.011494253
10767 0.011494253
10897 0.011494253
8343 0.022988506
11932 0.011494253
15903 0.011494253
18208 0.011494253
9250 0.011494253
38 0.011494253
19886 0.03448276
10546 0.011494253
20020 0.03448276
21813 0.08045977
6330 0.011494253
7227 0.011494253
3645 0.011494253
2494 0.022988506
7999 0.011494253
8259 0.011494253
10691 0.011494253
14788 0.011494253
2372 0.03448276
10821 0.03448276
3015 0.011494253
21706 0.011494253
13260 0.057471264
19917 0.011494253
462 0.022988506
1488 0.011494253
9041 0.011494253
2390 0.011494253
18263 0.011494253
5080 0.011494253
2393 0.011494253
15196 0.011494253
6623 0.011494253
4841 0.011494253
11883 0.08045977
7916 0.022988506
18159 0.011494253
14704 0.022988506
13041 0.011494253
9716 0.011494253
884 0.011494253
21621 0.011494253
19062 0.011494253
1399 0.011494253
16892 0.011494253
16508 0.022988506
