2176 0.0397351
16387 0.0066225166
16772 0.013245033
19333 0.0066225166
19461 0.013245033
8582 0.013245033
20360 0.013245033
7433 0.0066225166
9227 0.03311258
16396 0.0066225166
1165 0.0066225166
3982 0.0066225166
10767 0.0066225166
8592 0.013245033
17553 0.0066225166
15509 0.0066225166
8343 0.013245033
2071 0.013245033
21401 0.0066225166
11545 0.0066225166
5019 0.0066225166
6688 0.0066225166
18340 0.0066225166
3243 0.013245033
7211 0.026490066
1966 0.0066225166
8111 0.0066225166
17327 0.0066225166
8368 0.026490066
10546 0.0066225166
20020 0.0066225166
8630 0.0066225166
9143 0.0066225166
19385 0.0066225166
19131 0.0066225166
19133 0.01986755
12734 0.0066225166
13377 0.0066225166
14402 0.0397351
8259 0.0066225166
3268 0.0066225166
15429 0.0066225166
8263 0.0066225166
5961 0.0066225166
4169 0.0066225166
11721 0.0397351
20175 0.0066225166
1488 0.013245033
3922 0.0066225166
979 0.0066225166
1619 0.0066225166
723 0.0066225166
21076 0.013245033
20437 0.0066225166
14425 0.0066225166
21465 0.059602648
14682 0.0066225166
4314 0.013245033
12765 0.0066225166
2785 0.0066225166
8545 0.0066225166
16481 0.013245033
21345 0.013245033
13410 0.013245033
6116 0.013245033
20453 0.0066225166
5606 0.0066225166
2662 0.0066225166
6886 0.013245033
4585 0.0066225166
17641 0.0066225166
15209 0.0066225166
7914 0.013245033
14699 0.0066225166
109 0.0066225166
1261 0.013245033
4845 0.01986755
18414 0.0066225166
20336 0.0066225166
12785 0.0066225166
13041 0.0066225166
13426 0.0066225166
9973 0.0066225166
2293 0.01986755
19062 0.0066225166
1399 0.0066225166
2041 0.0066225166
3327 0.013245033
18431 0.03311258
