15744 0.0091743115
13441 0.036697246
8194 0.0091743115
14085 0.027522936
20999 0.0091743115
10248 0.0091743115
1295 0.0091743115
6032 0.0091743115
9616 0.0091743115
20624 0.0091743115
13073 0.0091743115
22035 0.0091743115
12179 0.0091743115
8342 0.0091743115
8343 0.0091743115
8855 0.018348623
7193 0.0091743115
4762 0.0091743115
13722 0.018348623
9370 0.018348623
11932 0.0091743115
4253 0.0091743115
13983 0.0091743115
3491 0.0091743115
163 0.0091743115
12070 0.0091743115
13610 0.018348623
2731 0.0091743115
20523 0.0091743115
6444 0.0091743115
13613 0.0091743115
17327 0.0091743115
14001 0.0091743115
21558 0.0091743115
4025 0.0091743115
18234 0.0091743115
17724 0.0091743115
7485 0.0091743115
21566 0.0091743115
12734 0.018348623
4161 0.0091743115
8259 0.0091743115
8260 0.018348623
7748 0.08256881
21445 0.0091743115
4934 0.0091743115
16582 0.0091743115
18758 0.0091743115
8263 0.0091743115
16841 0.0091743115
10442 0.0091743115
11598 0.0091743115
20437 0.018348623
18134 0.0091743115
18263 0.10091743
15196 0.0091743115
17244 0.0091743115
13661 0.0091743115
7647 0.0091743115
16481 0.0091743115
13410 0.0091743115
10083 0.0091743115
20196 0.0091743115
20453 0.0091743115
3560 0.0091743115
15087 0.018348623
13041 0.0091743115
882 0.0091743115
11635 0.018348623
884 0.0091743115
3956 0.0091743115
1399 0.0091743115
22263 0.0091743115
15352 0.0091743115
2041 0.0091743115
5114 0.0091743115
3582 0.0091743115
