1536 0.008547009
8194 0.008547009
519 0.025641026
20109 0.008547009
10512 0.008547009
7317 0.025641026
150 0.008547009
8603 0.008547009
14620 0.008547009
11932 0.034188036
9630 0.008547009
11294 0.008547009
801 0.008547009
3234 0.008547009
38 0.008547009
10025 0.008547009
11049 0.008547009
20777 0.008547009
7211 0.017094018
6444 0.008547009
10284 0.07692308
17327 0.008547009
8368 0.008547009
1072 0.008547009
8371 0.008547009
14515 0.017094018
21813 0.008547009
14650 0.008547009
3515 0.017094018
3645 0.034188036
4798 0.008547009
13503 0.008547009
16064 0.025641026
13249 0.008547009
5825 0.017094018
14402 0.025641026
8259 0.042735044
19268 0.008547009
10821 0.008547009
10567 0.008547009
1737 0.034188036
16719 0.008547009
1488 0.008547009
5840 0.008547009
16209 0.008547009
3540 0.008547009
7124 0.034188036
18263 0.008547009
347 0.008547009
15196 0.025641026
9951 0.008547009
21345 0.017094018
5861 0.008547009
11882 0.008547009
15342 0.008547009
1006 0.008547009
18414 0.008547009
2293 0.008547009
20598 0.017094018
4471 0.008547009
9975 0.042735044
9468 0.008547009
20860 0.008547009
8573 0.008547009
3455 0.008547009
6143 0.017094018
3839 0.051282052
