19585 0.010204081
5892 0.020408163
11141 0.010204081
17029 0.040816326
8070 0.010204081
14855 0.020408163
6153 0.040816326
4874 0.010204081
9100 0.010204081
13709 0.020408163
10767 0.040816326
6032 0.010204081
10897 0.010204081
18834 0.010204081
22035 0.010204081
20501 0.010204081
8343 0.010204081
5788 0.010204081
11932 0.020408163
13855 0.010204081
3745 0.010204081
7457 0.010204081
8097 0.010204081
5025 0.010204081
9505 0.010204081
2721 0.040816326
20391 0.010204081
4903 0.010204081
11049 0.020408163
2731 0.010204081
15662 0.010204081
8630 0.010204081
3128 0.010204081
14650 0.010204081
4544 0.010204081
18882 0.010204081
8259 0.020408163
18758 0.010204081
2758 0.020408163
6599 0.020408163
11598 0.010204081
7504 0.010204081
9041 0.020408163
9810 0.020408163
2390 0.010204081
731 0.010204081
15196 0.030612245
9053 0.010204081
6623 0.010204081
9183 0.010204081
8545 0.010204081
5859 0.010204081
2791 0.010204081
11241 0.010204081
7914 0.010204081
7916 0.020408163
8556 0.020408163
1006 0.020408163
14704 0.010204081
5105 0.010204081
13041 0.020408163
884 0.010204081
13301 0.010204081
22134 0.010204081
17272 0.010204081
22266 0.010204081
15484 0.010204081
13439 0.010204081
3327 0.020408163
