8194 0.003984064
515 0.003984064
4100 0.003984064
5892 0.003984064
8709 0.003984064
5893 0.011952192
16390 0.003984064
3846 0.003984064
10246 0.003984064
17415 0.015936255
17160 0.003984064
14345 0.003984064
5900 0.003984064
15629 0.007968128
3089 0.003984064
22294 0.007968128
19736 0.023904383
4635 0.007968128
4896 0.003984064
11298 0.003984064
9250 0.007968128
2601 0.003984064
298 0.007968128
18734 0.003984064
4911 0.003984064
10546 0.007968128
12595 0.003984064
19251 0.003984064
7223 0.003984064
7479 0.003984064
14650 0.007968128
22076 0.003984064
4669 0.003984064
18239 0.011952192
11327 0.011952192
20544 0.003984064
21057 0.003984064
17221 0.003984064
4934 0.003984064
8263 0.003984064
6215 0.01992032
16717 0.003984064
10331 0.003984064
13659 0.007968128
9565 0.003984064
15966 0.003984064
6239 0.003984064
16736 0.011952192
11617 0.007968128
5219 0.003984064
20579 0.003984064
15971 0.011952192
17252 0.003984064
2662 0.003984064
3430 0.011952192
19051 0.003984064
13426 0.007968128
2674 0.01992032
11635 0.015936255
884 0.003984064
12916 0.003984064
19062 0.003984064
19581 0.027888447
20097 0.003984064
13186 0.003984064
18306 0.003984064
9603 0.003984064
15491 0.003984064
22147 0.003984064
8324 0.003984064
9862 0.003984064
12937 0.003984064
19594 0.003984064
18314 0.003984064
10125 0.003984064
10896 0.003984064
6032 0.003984064
21392 0.007968128
9361 0.003984064
8851 0.003984064
7830 0.003984064
8343 0.01992032
11672 0.003984064
22168 0.003984064
5025 0.003984064
9892 0.003984064
17318 0.003984064
1704 0.003984064
15528 0.007968128
11433 0.003984064
13485 0.003984064
176 0.003984064
14514 0.003984064
9394 0.007968128
3252 0.003984064
6325 0.003984064
20405 0.05179283
19126 0.003984064
17338 0.003984064
4027 0.003984064
18877 0.003984064
192 0.003984064
7362 0.007968128
10691 0.007968128
3268 0.003984064
16582 0.003984064
10183 0.003984064
1224 0.003984064
12745 0.003984064
1482 0.003984064
19917 0.003984064
9421 0.003984064
1488 0.011952192
10451 0.01992032
10965 0.003984064
22229 0.003984064
14806 0.011952192
20696 0.035856575
4314 0.003984064
731 0.003984064
4319 0.003984064
6368 0.003984064
4834 0.003984064
8163 0.003984064
19683 0.003984064
5861 0.003984064
16101 0.003984064
20453 0.003984064
6886 0.003984064
8422 0.003984064
16871 0.003984064
5096 0.003984064
3306 0.003984064
16365 0.003984064
15854 0.003984064
18414 0.007968128
1006 0.007968128
20723 0.003984064
12020 0.003984064
17653 0.003984064
14838 0.003984064
11512 0.07569721
20217 0.003984064
6143 0.015936255
