14722 0.0078125
16003 0.0078125
16004 0.0078125
12426 0.0078125
10763 0.0078125
4107 0.0078125
14860 0.0078125
13709 0.0078125
14349 0.015625
10767 0.0078125
400 0.0078125
14865 0.0078125
1427 0.0078125
20501 0.015625
15383 0.0078125
153 0.015625
14490 0.0078125
11932 0.0078125
15903 0.0078125
5025 0.0078125
11298 0.0078125
6946 0.0078125
6435 0.0078125
15011 0.0078125
38 0.0078125
4007 0.0078125
13353 0.015625
13613 0.0078125
19886 0.0078125
6446 0.046875
21295 0.0078125
17840 0.0078125
1072 0.0078125
19760 0.015625
11825 0.0625
8371 0.0078125
6325 0.0078125
12470 0.0078125
16185 0.0078125
14650 0.0078125
13883 0.0078125
956 0.015625
5825 0.03125
14402 0.0078125
16707 0.0078125
8259 0.03125
2758 0.0078125
4555 0.0546875
16717 0.0078125
3534 0.0078125
22222 0.0078125
16719 0.0078125
21202 0.0078125
9685 0.0078125
11353 0.015625
13532 0.0078125
14300 0.0078125
20061 0.0078125
21343 0.0078125
4576 0.0078125
20065 0.0078125
8162 0.0078125
3044 0.015625
20453 0.0078125
16871 0.0078125
359 0.0078125
20712 0.015625
16621 0.0078125
1006 0.0078125
8561 0.0078125
13041 0.0234375
11635 0.0078125
13301 0.0078125
2293 0.0078125
1399 0.0078125
20217 0.0078125
3323 0.0078125
5246 0.0078125
6526 0.109375
3839 0.0078125
