3203 0.007633588
5892 0.007633588
11141 0.007633588
9352 0.007633588
5900 0.007633588
1295 0.007633588
14607 0.015267176
10767 0.022900764
18064 0.007633588
6032 0.007633588
20883 0.007633588
12180 0.007633588
13844 0.007633588
7317 0.007633588
8343 0.015267176
153 0.007633588
11932 0.007633588
10525 0.007633588
16415 0.007633588
5025 0.007633588
3745 0.015267176
9250 0.007633588
8355 0.007633588
18598 0.007633588
20648 0.007633588
5801 0.007633588
7082 0.007633588
2731 0.007633588
12206 0.007633588
17327 0.007633588
8630 0.007633588
11447 0.007633588
17336 0.015267176
4665 0.007633588
14650 0.015267176
22076 0.007633588
22077 0.007633588
13503 0.007633588
10691 0.007633588
8259 0.022900764
16324 0.015267176
21445 0.015267176
8263 0.007633588
10184 0.007633588
18505 0.007633588
4169 0.007633588
16971 0.007633588
9931 0.007633588
4172 0.007633588
4556 0.022900764
1488 0.007633588
9041 0.007633588
1105 0.007633588
3922 0.007633588
7254 0.022900764
20438 0.053435113
16729 0.007633588
731 0.007633588
5083 0.007633588
5212 0.007633588
3295 0.053435113
20579 0.007633588
5092 0.03816794
20453 0.007633588
9061 0.015267176
2410 0.007633588
3306 0.08396947
6509 0.015267176
7917 0.030534351
12398 0.007633588
1006 0.015267176
11635 0.007633588
9971 0.030534351
16244 0.007633588
1399 0.030534351
14585 0.007633588
16508 0.007633588
12413 0.007633588
