20992 0.0076923077
8194 0.015384615
16387 0.0076923077
21123 0.0076923077
8836 0.0076923077
21254 0.0076923077
9100 0.0076923077
15629 0.0076923077
3982 0.0076923077
18958 0.0076923077
10767 0.0076923077
10897 0.0076923077
18194 0.0076923077
13334 0.0076923077
11030 0.0076923077
150 0.015384615
8343 0.0076923077
15772 0.0076923077
11932 0.015384615
4510 0.0076923077
16032 0.0076923077
8097 0.015384615
20516 0.046153847
14374 0.0076923077
4903 0.015384615
8743 0.015384615
11049 0.0076923077
7082 0.015384615
18603 0.0076923077
14763 0.0076923077
19886 0.0076923077
8368 0.0076923077
22064 0.023076924
8497 0.0076923077
22067 0.015384615
14515 0.03846154
180 0.0076923077
12468 0.015384615
21813 0.015384615
20150 0.0076923077
16823 0.0076923077
17336 0.015384615
16058 0.0076923077
8000 0.0076923077
3520 0.0076923077
8259 0.023076924
10821 0.0076923077
17350 0.0076923077
2758 0.03076923
13260 0.0076923077
5196 0.0076923077
7629 0.03846154
10963 0.03846154
214 0.0076923077
18263 0.0076923077
5212 0.0076923077
6237 0.0076923077
6239 0.0076923077
14560 0.0076923077
21345 0.0076923077
10083 0.0076923077
3044 0.0076923077
6116 0.015384615
5861 0.0076923077
2662 0.0076923077
8422 0.0076923077
16871 0.0076923077
2791 0.0076923077
20712 0.0076923077
872 0.0076923077
5736 0.0076923077
14314 0.0076923077
5740 0.0076923077
108 0.0076923077
1006 0.015384615
12016 0.023076924
13041 0.0076923077
884 0.015384615
9975 0.08461539
22009 0.0076923077
