6147 0.004950495
19463 0.0024752475
16394 0.0024752475
13323 0.0024752475
8205 0.0024752475
2063 0.0024752475
8208 0.0024752475
13844 0.004950495
6681 0.0024752475
4635 0.022277229
20511 0.0024752475
13855 0.004950495
13345 0.004950495
16930 0.0024752475
9250 0.0074257427
11298 0.014851485
20516 0.0074257427
21541 0.0024752475
8743 0.0024752475
6187 0.0024752475
10284 0.0024752475
8237 0.01980198
21038 0.0024752475
7220 0.0024752475
4665 0.0024752475
1596 0.0024752475
3132 0.0024752475
11327 0.004950495
10821 0.004950495
8263 0.0024752475
2119 0.0024752475
6215 0.0024752475
12871 0.0024752475
12365 0.0024752475
19025 0.0024752475
21588 0.022277229
16981 0.0024752475
3161 0.0024752475
19034 0.0024752475
8797 0.004950495
6239 0.004950495
7265 0.004950495
20579 0.004950495
2662 0.0024752475
8811 0.0024752475
9836 0.0024752475
5236 0.0024752475
19062 0.004950495
2168 0.0024752475
7292 0.0024752475
15484 0.0074257427
19581 0.012376238
16003 0.00990099
8836 0.0024752475
9862 0.014851485
8843 0.004950495
10896 0.0024752475
9360 0.0024752475
19088 0.0024752475
17553 0.0024752475
10897 0.012376238
8342 0.004950495
7830 0.01980198
8343 0.0074257427
18587 0.0024752475
16028 0.0024752475
11932 0.00990099
2204 0.017326733
157 0.0024752475
16032 0.0024752475
3745 0.004950495
8355 0.0024752475
1192 0.0024752475
15528 0.0024752475
3240 0.0024752475
10409 0.0024752475
9387 0.0024752475
2731 0.0024752475
16556 0.0024752475
8368 0.01980198
9393 0.0024752475
8371 0.0024752475
2231 0.004950495
12477 0.0024752475
3774 0.0024752475
5825 0.0024752475
3268 0.004950495
16582 0.004950495
1224 0.0024752475
4809 0.0024752475
10442 0.0024752475
2766 0.0024752475
10451 0.024752475
6359 0.0024752475
20696 0.0024752475
2778 0.0024752475
13019 0.0024752475
731 0.004950495
13532 0.0024752475
7388 0.0024752475
2269 0.0024752475
4319 0.014851485
2785 0.0024752475
13538 0.0024752475
5861 0.0024752475
8422 0.0024752475
15078 0.004950495
20712 0.0024752475
6888 0.0024752475
3306 0.0024752475
18159 0.0024752475
11504 0.0024752475
12016 0.0024752475
8433 0.0024752475
20723 0.0024752475
21752 0.0024752475
11512 0.03217822
8444 0.0024752475
19711 0.004950495
13573 0.0024752475
5893 0.027227722
6409 0.0024752475
3859 0.0024752475
2836 0.0024752475
6424 0.0024752475
19736 0.017326733
6952 0.017326733
298 0.0024752475
13610 0.0074257427
18731 0.0024752475
13613 0.004950495
15662 0.0024752475
12595 0.0024752475
21813 0.0024752475
13621 0.0024752475
14650 0.024752475
18239 0.0074257427
11073 0.0024752475
8011 0.0024752475
16717 0.0024752475
8017 0.0024752475
3922 0.0024752475
8021 0.022277229
18263 0.0074257427
20315 0.0024752475
13662 0.0024752475
9061 0.0074257427
3430 0.004950495
15208 0.004950495
11635 0.0024752475
884 0.00990099
8573 0.0024752475
3456 0.004950495
8079 0.0024752475
11151 0.0024752475
1425 0.0024752475
21401 0.0074257427
5025 0.0024752475
18340 0.017326733
2473 0.0024752475
12205 0.017326733
19886 0.0024752475
8111 0.0024752475
9139 0.0024752475
20405 0.00990099
13239 0.0024752475
15808 0.0024752475
14273 0.0024752475
20418 0.0024752475
10691 0.0024752475
13255 0.0024752475
3530 0.0024752475
1483 0.0024752475
4556 0.0074257427
13260 0.012376238
5077 0.0024752475
11734 0.0024752475
17366 0.0024752475
20438 0.0024752475
7642 0.0024752475
6623 0.00990099
11745 0.0024752475
6116 0.0074257427
16871 0.004950495
17896 0.0024752475
18410 0.0024752475
14314 0.004950495
1006 0.0024752475
18414 0.0074257427
8175 0.0024752475
18935 0.0024752475
5623 0.0024752475
16888 0.004950495
2041 0.0024752475
14330 0.0024752475
20988 0.0024752475
