4100 0.011111111
5892 0.011111111
8709 0.011111111
8837 0.011111111
9352 0.022222223
15116 0.011111111
17549 0.011111111
2061 0.044444446
8975 0.011111111
1812 0.011111111
20501 0.011111111
8342 0.022222223
8343 0.011111111
21657 0.011111111
14490 0.011111111
7966 0.011111111
2721 0.011111111
5281 0.011111111
3745 0.011111111
11298 0.011111111
3364 0.011111111
14757 0.011111111
38 0.022222223
935 0.011111111
13613 0.011111111
19249 0.011111111
9010 0.011111111
19250 0.011111111
20020 0.011111111
11701 0.011111111
10677 0.033333335
12470 0.011111111
14903 0.011111111
20163 0.011111111
16579 0.011111111
8259 0.055555556
11844 0.011111111
10821 0.011111111
21445 0.011111111
10565 0.011111111
18758 0.011111111
5319 0.011111111
8263 0.011111111
7752 0.011111111
13260 0.011111111
19408 0.011111111
3792 0.022222223
18263 0.033333335
3288 0.011111111
13532 0.011111111
20959 0.022222223
18656 0.011111111
16481 0.011111111
13410 0.011111111
5859 0.033333335
616 0.011111111
15209 0.011111111
14442 0.011111111
9710 0.011111111
1006 0.033333335
6643 0.011111111
21236 0.011111111
18038 0.011111111
19062 0.011111111
6646 0.011111111
1399 0.033333335
10365 0.011111111
6143 0.011111111
