5892 0.0034722222
5893 0.0069444445
10761 0.0034722222
10763 0.0034722222
3851 0.0034722222
10767 0.0034722222
8208 0.0034722222
5396 0.0034722222
2836 0.0034722222
22294 0.010416667
12055 0.048611112
19736 0.013888889
14361 0.0034722222
4635 0.010416667
14365 0.0034722222
13343 0.0034722222
6688 0.0034722222
18464 0.0069444445
9250 0.0034722222
11298 0.0069444445
38 0.010416667
6952 0.0034722222
18731 0.0034722222
13613 0.010416667
22064 0.0069444445
5170 0.0034722222
21044 0.0034722222
21556 0.0034722222
20020 0.0069444445
18239 0.020833334
18758 0.0034722222
14662 0.0034722222
4934 0.0069444445
8263 0.0034722222
2632 0.0034722222
14153 0.0034722222
3922 0.0034722222
17751 0.0034722222
3419 0.0034722222
11611 0.0034722222
19805 0.0034722222
21345 0.0034722222
20579 0.0034722222
9573 0.0034722222
2662 0.0034722222
3430 0.017361112
17513 0.0034722222
4714 0.0069444445
6509 0.0034722222
3950 0.0034722222
13426 0.0069444445
19581 0.045138888
11141 0.0034722222
20360 0.0034722222
18064 0.0034722222
20624 0.0034722222
17553 0.0034722222
1682 0.013888889
8083 0.0034722222
8855 0.0034722222
7323 0.0034722222
21403 0.0034722222
10651 0.0069444445
11932 0.0034722222
5025 0.0034722222
3745 0.0069444445
4007 0.0034722222
9387 0.0069444445
19886 0.048611112
8368 0.0034722222
17840 0.0034722222
10417 0.024305556
5042 0.0034722222
14515 0.010416667
9141 0.0034722222
20405 0.041666668
10424 0.0034722222
16058 0.0034722222
8890 0.0034722222
14011 0.0069444445
1982 0.0034722222
5825 0.010416667
21698 0.0034722222
963 0.0034722222
3268 0.0034722222
16582 0.0034722222
2758 0.0034722222
7110 0.0034722222
9160 0.0034722222
1482 0.020833334
716 0.0034722222
19408 0.0034722222
1488 0.017361112
10451 0.024305556
10200 0.0034722222
20696 0.090277776
21465 0.013888889
13532 0.010416667
12253 0.0069444445
4319 0.0034722222
20453 0.0034722222
6886 0.0034722222
1006 0.013888889
21487 0.0034722222
12016 0.0034722222
6897 0.0034722222
14584 0.0034722222
11512 0.059027776
3323 0.013888889
19199 0.0034722222
3839 0.055555556
