14402 0.014925373
16387 0.014925373
14982 0.014925373
6215 0.014925373
15688 0.014925373
9352 0.029850746
12427 0.029850746
16717 0.014925373
20493 0.014925373
13774 0.014925373
3982 0.029850746
8975 0.07462686
3792 0.05970149
12497 0.014925373
10065 0.014925373
150 0.014925373
2071 0.014925373
17559 0.014925373
18263 0.029850746
11607 0.04477612
20696 0.014925373
3227 0.014925373
22235 0.014925373
11932 0.05970149
14173 0.029850746
20641 0.014925373
21345 0.029850746
9250 0.014925373
20579 0.014925373
8035 0.014925373
6116 0.014925373
18340 0.029850746
3749 0.014925373
3243 0.014925373
8368 0.014925373
13041 0.014925373
10546 0.014925373
18290 0.029850746
9975 0.014925373
2041 0.014925373
19385 0.014925373
14650 0.029850746
20603 0.014925373
6908 0.014925373
12734 0.029850746
