5892 0.018518519
6661 0.009259259
9352 0.009259259
3850 0.009259259
20493 0.018518519
6541 0.018518519
15629 0.027777778
3982 0.037037037
10767 0.009259259
18959 0.018518519
17935 0.018518519
4371 0.009259259
9875 0.018518519
13844 0.009259259
278 0.018518519
8343 0.009259259
7193 0.009259259
4633 0.009259259
20890 0.009259259
19870 0.009259259
5025 0.009259259
14625 0.009259259
11298 0.018518519
3491 0.009259259
7720 0.009259259
11049 0.037037037
18222 0.009259259
11054 0.009259259
20020 0.009259259
1716 0.018518519
19126 0.009259259
11447 0.009259259
8890 0.009259259
14650 0.009259259
5181 0.009259259
4286 0.009259259
20031 0.009259259
13503 0.009259259
5825 0.009259259
13249 0.009259259
14402 0.009259259
22210 0.009259259
9157 0.018518519
4550 0.009259259
7752 0.009259259
2506 0.009259259
14028 0.009259259
2509 0.009259259
4430 0.009259259
11734 0.009259259
17751 0.009259259
18263 0.037037037
21336 0.009259259
7897 0.018518519
1754 0.009259259
7642 0.009259259
14300 0.009259259
16605 0.009259259
5342 0.009259259
19806 0.009259259
9439 0.009259259
18655 0.009259259
18657 0.009259259
17633 0.018518519
17378 0.009259259
20579 0.009259259
8163 0.009259259
2154 0.009259259
9836 0.009259259
18668 0.009259259
13933 0.009259259
1006 0.009259259
16495 0.009259259
8561 0.009259259
13809 0.009259259
16625 0.009259259
11635 0.009259259
15606 0.009259259
2041 0.009259259
15484 0.009259259
7805 0.009259259
17661 0.018518519
1535 0.009259259
3327 0.009259259
