22147 0.010638298
10767 0.021276595
3856 0.010638298
20624 0.010638298
4371 0.031914894
150 0.010638298
8343 0.010638298
10651 0.021276595
5788 0.010638298
17949 0.010638298
3745 0.04255319
6952 0.021276595
13613 0.010638298
17327 0.04255319
19250 0.010638298
21044 0.010638298
20020 0.031914894
17589 0.010638298
311 0.010638298
828 0.010638298
7486 0.010638298
14402 0.010638298
16835 0.010638298
10821 0.04255319
8263 0.010638298
2119 0.021276595
9544 0.010638298
1488 0.010638298
8021 0.010638298
18263 0.010638298
21465 0.04255319
13532 0.021276595
6364 0.021276595
16481 0.010638298
20579 0.010638298
2662 0.010638298
8422 0.021276595
616 0.010638298
3306 0.010638298
1006 0.031914894
21487 0.010638298
21872 0.010638298
18290 0.010638298
11635 0.06382979
884 0.010638298
7669 0.010638298
4342 0.08510638
9975 0.010638298
1399 0.021276595
12664 0.010638298
15352 0.010638298
3323 0.010638298
5502 0.010638298
20223 0.031914894
