9352 0.030303031
7433 0.015151516
3339 0.015151516
7948 0.030303031
20878 0.015151516
8592 0.015151516
278 0.015151516
15900 0.015151516
16669 0.015151516
12321 0.015151516
9250 0.015151516
22050 0.015151516
22182 0.015151516
16683 0.015151516
16684 0.015151516
19249 0.015151516
10546 0.015151516
14520 0.015151516
14650 0.015151516
15934 0.015151516
13249 0.015151516
13377 0.015151516
10562 0.015151516
14533 0.015151516
4550 0.015151516
18758 0.030303031
2119 0.015151516
12871 0.015151516
1224 0.015151516
16717 0.015151516
18385 0.015151516
20437 0.015151516
11734 0.030303031
18263 0.015151516
17751 0.015151516
3288 0.015151516
13149 0.015151516
19165 0.030303031
6623 0.015151516
17633 0.015151516
8163 0.015151516
16356 0.060606062
11240 0.015151516
616 0.030303031
10988 0.015151516
1006 0.045454547
21621 0.030303031
6646 0.015151516
1399 0.030303031
8191 0.030303031
6143 0.030303031
