7680 0.0037593986
8194 0.0037593986
18437 0.0037593986
14854 0.0037593986
15629 0.0037593986
17935 0.0037593986
4371 0.015037594
1812 0.0037593986
20501 0.011278195
6936 0.0037593986
31 0.0037593986
12321 0.0037593986
11298 0.0037593986
9250 0.0037593986
4387 0.0037593986
20516 0.0037593986
13349 0.007518797
38 0.007518797
6952 0.08646616
4906 0.0037593986
298 0.015037594
13613 0.0037593986
8237 0.0037593986
21294 0.007518797
13615 0.007518797
14650 0.0037593986
15679 0.0037593986
831 0.0037593986
4161 0.0037593986
14402 0.0037593986
10306 0.0037593986
8259 0.02631579
10821 0.007518797
18758 0.0037593986
8263 0.011278195
6728 0.0037593986
21069 0.0037593986
16717 0.007518797
11598 0.007518797
3922 0.0037593986
8021 0.0037593986
19542 0.0037593986
19034 0.0037593986
13919 0.0037593986
21345 0.0037593986
7265 0.10902256
10083 0.0037593986
11363 0.0037593986
2662 0.0037593986
1640 0.0037593986
4714 0.02255639
9836 0.0037593986
19569 0.007518797
884 0.0037593986
11636 0.0037593986
19062 0.0037593986
1399 0.015037594
21628 0.0037593986
12413 0.0037593986
5502 0.0037593986
13441 0.0037593986
16003 0.02255639
9352 0.0037593986
14474 0.0037593986
9611 0.0037593986
9100 0.0037593986
8847 0.007518797
18064 0.0037593986
15760 0.0037593986
17553 0.0037593986
7315 0.015037594
1685 0.0037593986
11925 0.04887218
20886 0.0037593986
150 0.007518797
153 0.0037593986
8857 0.0037593986
11932 0.0037593986
11422 0.0037593986
2207 0.030075189
3745 0.0037593986
8097 0.0037593986
13485 0.0037593986
9393 0.0037593986
14514 0.0037593986
2994 0.0037593986
8371 0.02631579
180 0.007518797
19126 0.018796992
2231 0.0037593986
14520 0.0037593986
17336 0.007518797
6336 0.0037593986
19137 0.0037593986
14273 0.007518797
2758 0.007518797
10184 0.0037593986
1224 0.02631579
20425 0.0037593986
5321 0.007518797
3530 0.0037593986
21464 0.0037593986
20696 0.007518797
11482 0.0037593986
3547 0.0037593986
18651 0.0037593986
9183 0.0037593986
2785 0.0037593986
12001 0.0037593986
6116 0.0037593986
16356 0.0037593986
6886 0.02255639
18414 0.0037593986
1006 0.011278195
12016 0.0037593986
13041 0.007518797
20723 0.015037594
9975 0.0037593986
3323 0.007518797
3581 0.0037593986
19199 0.0037593986
