8193 0.0042643924
15874 0.0021321962
8194 0.008528785
13316 0.11513859
6153 0.0021321962
6666 0.014925373
16396 0.0063965884
15374 0.0021321962
4111 0.0021321962
20495 0.0021321962
10767 0.0063965884
10256 0.0021321962
6162 0.0042643924
2580 0.0021321962
20501 0.0021321962
1561 0.0021321962
15900 0.0021321962
15903 0.0021321962
31 0.0021321962
6688 0.0021321962
3105 0.0021321962
9250 0.0021321962
7211 0.0021321962
14381 0.0021321962
4654 0.0021321962
22064 0.0021321962
21044 0.0042643924
3130 0.0021321962
3645 0.0021321962
22077 0.0021321962
8259 0.01705757
10821 0.008528785
11848 0.0021321962
22089 0.0021321962
3148 0.0063965884
12365 0.0021321962
17486 0.0021321962
15952 0.0021321962
21588 0.0021321962
15960 0.012793177
20571 0.0021321962
8797 0.0042643924
12894 0.0021321962
20579 0.0063965884
11883 0.0042643924
2674 0.0021321962
19062 0.0042643924
19579 0.0021321962
15484 0.0021321962
12413 0.0021321962
13441 0.0042643924
10882 0.0021321962
2690 0.0021321962
5253 0.0021321962
10897 0.0042643924
13458 0.0063965884
8851 0.0021321962
8342 0.0021321962
5782 0.0021321962
150 0.0021321962
8343 0.01705757
16024 0.0021321962
153 0.0021321962
3739 0.0021321962
5788 0.0042643924
13983 0.0063965884
3745 0.0063965884
8355 0.078891255
3751 0.01705757
20648 0.0021321962
9896 0.0021321962
15528 0.0042643924
2731 0.0021321962
16555 0.0021321962
13485 0.0021321962
18608 0.0021321962
14514 0.0021321962
16563 0.0063965884
1716 0.0021321962
20150 0.0021321962
14009 0.0021321962
13503 0.0021321962
16064 0.0021321962
3268 0.0021321962
9413 0.0021321962
2758 0.0042643924
4809 0.0021321962
21706 0.0021321962
2765 0.01705757
6862 0.0021321962
16599 0.0042643924
16600 0.0021321962
731 0.0042643924
13532 0.0021321962
16605 0.0021321962
9954 0.0021321962
20712 0.0042643924
3306 0.051172707
19696 0.0021321962
12016 0.0042643924
241 0.0021321962
8433 0.0021321962
13041 0.0021321962
8434 0.0021321962
9971 0.0021321962
20725 0.0021321962
17661 0.0021321962
6397 0.0021321962
253 0.0021321962
19199 0.0021321962
14085 0.012793177
6409 0.0021321962
4874 0.0021321962
5900 0.0021321962
15629 0.0021321962
7950 0.0063965884
15631 0.0021321962
3859 0.0042643924
2837 0.0021321962
790 0.0021321962
8474 0.0021321962
17694 0.0021321962
3360 0.0021321962
6434 0.010660981
4903 0.0021321962
13610 0.0021321962
18731 0.0042643924
1324 0.0042643924
15662 0.0021321962
21813 0.0063965884
14650 0.029850746
4923 0.0021321962
6459 0.0063965884
3902 0.0021321962
7999 0.0063965884
10562 0.0021321962
2372 0.010660981
16717 0.0042643924
11598 0.0042643924
2897 0.0021321962
21841 0.0021321962
14682 0.0021321962
11611 0.0021321962
15196 0.008528785
21345 0.0042643924
2914 0.0021321962
3429 0.0021321962
6509 0.008528785
20336 0.0021321962
18290 0.0021321962
6515 0.0021321962
884 0.0063965884
19830 0.0021321962
4471 0.0021321962
1399 0.03411514
6011 0.0021321962
1410 0.0021321962
11141 0.0021321962
8070 0.0042643924
18311 0.0021321962
6032 0.008528785
20883 0.0042643924
20886 0.0021321962
9114 0.0021321962
10651 0.0021321962
2973 0.0021321962
4510 0.0021321962
9121 0.0021321962
16292 0.0021321962
14757 0.0021321962
19886 0.0021321962
14254 0.0021321962
17327 0.0042643924
13235 0.0021321962
8630 0.0021321962
12727 0.0021321962
17336 0.0042643924
6588 0.0063965884
17341 0.0021321962
15302 0.0021321962
1483 0.0021321962
971 0.0042643924
19917 0.0021321962
20942 0.0021321962
1488 0.0021321962
6097 0.0021321962
20437 0.0021321962
14809 0.0063965884
5083 0.0042643924
13789 0.0021321962
6623 0.0063965884
5092 0.0021321962
16871 0.0021321962
20456 0.0021321962
3561 0.0021321962
18410 0.0021321962
15342 0.0021321962
18414 0.0021321962
1006 0.0042643924
1527 0.0021321962
16375 0.0021321962
22013 0.0021321962
