13952 0.009259259
4100 0.009259259
9988 0.009259259
17285 0.027777778
13830 0.009259259
12423 0.09259259
4874 0.009259259
7051 0.009259259
20750 0.009259259
20496 0.018518519
150 0.009259259
2071 0.009259259
535 0.009259259
8343 0.018518519
669 0.009259259
3105 0.009259259
3745 0.009259259
2721 0.018518519
9250 0.009259259
12325 0.009259259
9639 0.009259259
2602 0.009259259
4654 0.009259259
17327 0.009259259
20402 0.009259259
12722 0.009259259
19126 0.009259259
311 0.009259259
3128 0.009259259
4923 0.009259259
6206 0.009259259
15422 0.009259259
15295 0.009259259
13377 0.009259259
4550 0.009259259
15688 0.009259259
715 0.009259259
16717 0.009259259
1615 0.009259259
1488 0.018518519
12497 0.018518519
3922 0.009259259
7124 0.018518519
20821 0.009259259
14294 0.009259259
18263 0.046296295
21465 0.046296295
3039 0.009259259
13410 0.018518519
8035 0.009259259
6116 0.009259259
16356 0.018518519
20712 0.009259259
7022 0.009259259
22254 0.009259259
19183 0.009259259
12016 0.009259259
16625 0.009259259
13041 0.018518519
13426 0.009259259
18290 0.009259259
3699 0.009259259
12020 0.009259259
2293 0.009259259
14838 0.009259259
14966 0.009259259
1399 0.046296295
11514 0.027777778
7548 0.009259259
15484 0.009259259
5502 0.009259259
19199 0.009259259
5631 0.018518519
