13952 0.011363637
2690 0.011363637
8194 0.022727273
4100 0.011363637
8709 0.011363637
14085 0.011363637
4743 0.011363637
3210 0.011363637
9230 0.011363637
10767 0.011363637
4371 0.011363637
16149 0.011363637
16925 0.011363637
20639 0.011363637
13983 0.022727273
6435 0.011363637
16551 0.011363637
11432 0.011363637
5033 0.022727273
3498 0.011363637
7211 0.011363637
2731 0.011363637
9772 0.022727273
14650 0.03409091
12606 0.011363637
22210 0.011363637
8259 0.022727273
21828 0.011363637
17476 0.022727273
3269 0.011363637
10821 0.03409091
13260 0.011363637
16717 0.022727273
21070 0.011363637
6862 0.011363637
1488 0.022727273
9041 0.011363637
11734 0.011363637
20696 0.056818184
4314 0.011363637
13405 0.011363637
22111 0.056818184
16736 0.03409091
10209 0.022727273
11236 0.011363637
1254 0.011363637
11241 0.011363637
3306 0.011363637
5615 0.011363637
241 0.011363637
499 0.022727273
884 0.011363637
15988 0.022727273
1399 0.011363637
2041 0.011363637
8314 0.011363637
17661 0.011363637
7037 0.056818184
19198 0.011363637
