8194 0.0030864198
5892 0.0061728396
19461 0.0030864198
5893 0.015432099
5126 0.0030864198
10246 0.0030864198
16390 0.012345679
9480 0.0030864198
9227 0.0030864198
16396 0.0061728396
2573 0.0030864198
15629 0.0061728396
2061 0.012345679
21262 0.0030864198
15889 0.0030864198
13844 0.0061728396
5396 0.2037037
19736 0.0061728396
4635 0.0061728396
31 0.0030864198
9250 0.0061728396
11298 0.012345679
7208 0.0030864198
4392 0.0030864198
6952 0.021604938
10284 0.0061728396
13613 0.0030864198
4141 0.012345679
10546 0.0030864198
3890 0.0030864198
8243 0.0030864198
11827 0.0030864198
21813 0.0061728396
311 0.0030864198
1594 0.0030864198
14650 0.0061728396
8508 0.0030864198
319 0.0030864198
18239 0.0030864198
11327 0.009259259
12608 0.0030864198
21828 0.0030864198
10821 0.0030864198
18501 0.0030864198
12357 0.0061728396
4934 0.009259259
9036 0.0030864198
10320 0.0030864198
18258 0.0030864198
20818 0.0030864198
9810 0.0030864198
11350 0.0030864198
17751 0.0030864198
21082 0.0030864198
11611 0.0030864198
15196 0.0061728396
9310 0.012345679
6239 0.0030864198
7265 0.0030864198
21345 0.0030864198
10083 0.0030864198
19557 0.0030864198
2662 0.0061728396
3430 0.018518519
15209 0.0030864198
7785 0.0030864198
8811 0.0061728396
109 0.0030864198
3950 0.0061728396
14960 0.0030864198
7793 0.0030864198
10868 0.0030864198
884 0.009259259
20086 0.0030864198
19062 0.0030864198
20349 0.0061728396
19581 0.012345679
3199 0.0030864198
11905 0.0030864198
6018 0.0030864198
16003 0.0030864198
11141 0.0030864198
9862 0.0030864198
10888 0.0061728396
13709 0.0030864198
6032 0.0030864198
18064 0.0030864198
19603 0.0030864198
150 0.009259259
8088 0.0030864198
13210 0.0030864198
14746 0.0030864198
7580 0.0030864198
11932 0.018518519
9374 0.0030864198
15528 0.0030864198
5036 0.0030864198
13485 0.0030864198
19886 0.0061728396
17840 0.0030864198
19892 0.0030864198
10677 0.0030864198
6325 0.009259259
20405 0.018518519
20150 0.0030864198
9915 0.0030864198
2235 0.0030864198
22205 0.0030864198
5825 0.009259259
3522 0.0030864198
10691 0.0061728396
3268 0.0030864198
14533 0.0030864198
14022 0.0030864198
2758 0.0061728396
1482 0.0030864198
19408 0.0030864198
10451 0.027777778
20696 0.015432099
5083 0.0030864198
14300 0.0030864198
3809 0.0030864198
14818 0.0030864198
5859 0.0030864198
18148 0.0030864198
20196 0.0030864198
6116 0.009259259
20453 0.0030864198
5349 0.009259259
15078 0.0030864198
742 0.0030864198
6886 0.0061728396
20712 0.0061728396
490 0.0030864198
7914 0.0061728396
1006 0.0061728396
8175 0.0030864198
12016 0.0030864198
1780 0.0030864198
12020 0.0030864198
21493 0.0030864198
15606 0.0030864198
11512 0.040123455
3323 0.0061728396
2812 0.0030864198
3839 0.018518519
