13186 0.006849315
9988 0.006849315
5892 0.006849315
8837 0.006849315
18950 0.006849315
10248 0.006849315
7176 0.006849315
10763 0.006849315
9100 0.006849315
14860 0.006849315
6541 0.006849315
8592 0.006849315
14225 0.006849315
1426 0.006849315
16530 0.006849315
4371 0.006849315
9875 0.006849315
8468 0.006849315
8342 0.01369863
8855 0.02739726
2968 0.006849315
153 0.006849315
20890 0.006849315
13210 0.01369863
10651 0.006849315
5788 0.006849315
13855 0.006849315
3105 0.006849315
20385 0.034246575
9250 0.006849315
22050 0.006849315
11298 0.01369863
14757 0.006849315
1829 0.006849315
22182 0.006849315
13224 0.01369863
17450 0.006849315
13610 0.01369863
18731 0.01369863
17196 0.006849315
2476 0.006849315
13615 0.006849315
17327 0.020547945
12464 0.006849315
10546 0.006849315
307 0.006849315
8371 0.01369863
3128 0.006849315
7485 0.006849315
14402 0.006849315
3522 0.034246575
14533 0.006849315
10821 0.006849315
18758 0.006849315
2758 0.006849315
4934 0.006849315
11718 0.006849315
13255 0.006849315
8263 0.006849315
1224 0.006849315
1225 0.006849315
18378 0.006849315
21194 0.006849315
13260 0.020547945
16717 0.006849315
5329 0.006849315
12497 0.006849315
9041 0.01369863
19286 0.006849315
17751 0.006849315
14679 0.006849315
18263 0.05479452
9560 0.006849315
731 0.006849315
12765 0.006849315
10719 0.006849315
11360 0.006849315
16481 0.006849315
5859 0.006849315
8547 0.006849315
16356 0.01369863
20453 0.01369863
16871 0.01369863
2027 0.006849315
16107 0.006849315
1006 0.006849315
21872 0.020547945
20723 0.006849315
11635 0.006849315
13044 0.006849315
2293 0.006849315
21621 0.06849315
6646 0.006849315
1399 0.034246575
20860 0.006849315
15484 0.01369863
16126 0.006849315
