10244 0.0065789474
2055 0.0065789474
14090 0.0065789474
8208 0.0065789474
4371 0.0065789474
12823 0.0065789474
14619 0.0065789474
7964 0.0065789474
13855 0.0065789474
3104 0.0065789474
1312 0.019736841
12321 0.0065789474
3105 0.013157895
298 0.0065789474
22064 0.0065789474
20020 0.019736841
14650 0.013157895
6459 0.065789476
14140 0.0065789474
7747 0.0065789474
7748 0.02631579
18501 0.0065789474
8263 0.0065789474
20810 0.0065789474
11598 0.0065789474
6222 0.0065789474
4687 0.0065789474
9041 0.0065789474
16736 0.0065789474
13410 0.0065789474
10083 0.0065789474
359 0.02631579
17513 0.0065789474
12141 0.0065789474
16749 0.0065789474
3950 0.0065789474
20336 0.0065789474
22134 0.0065789474
4471 0.0065789474
1399 0.013157895
10873 0.0065789474
8573 0.0065789474
11902 0.019736841
15744 0.0065789474
6530 0.0065789474
1922 0.0065789474
2690 0.0065789474
5507 0.0065789474
6787 0.0065789474
2188 0.0065789474
9615 0.0065789474
6032 0.02631579
13458 0.0065789474
20883 0.0065789474
8851 0.0065789474
17811 0.0065789474
15509 0.0065789474
8343 0.0065789474
17559 0.0065789474
18073 0.0065789474
3739 0.0065789474
10651 0.0065789474
11932 0.0065789474
11421 0.0065789474
13985 0.0065789474
2721 0.039473683
3751 0.0065789474
13735 0.0065789474
20648 0.0065789474
7082 0.0065789474
17840 0.0065789474
12208 0.013157895
8368 0.019736841
13235 0.0065789474
1716 0.0065789474
2231 0.0065789474
2747 0.0065789474
3515 0.08552632
3262 0.013157895
2758 0.0065789474
8135 0.0065789474
20940 0.0065789474
5580 0.013157895
11215 0.013157895
20434 0.0065789474
20438 0.0065789474
20696 0.0065789474
4314 0.013157895
14048 0.0065789474
16356 0.013157895
20712 0.013157895
11241 0.0065789474
10988 0.0065789474
14061 0.0065789474
18414 0.0065789474
8433 0.0065789474
2293 0.013157895
6143 0.0065789474
