16387 0.0030674846
9988 0.009202454
12037 0.009202454
4874 0.0030674846
7434 0.0030674846
4107 0.006134969
2061 0.0030674846
5390 0.0030674846
9230 0.0030674846
4371 0.009202454
22036 0.0030674846
8980 0.0030674846
13844 0.0030674846
5396 0.0030674846
22294 0.0030674846
14102 0.0030674846
7193 0.0030674846
17949 0.0030674846
17184 0.0030674846
6688 0.0030674846
3105 0.0030674846
16161 0.006134969
9250 0.0030674846
12325 0.0030674846
38 0.006134969
6952 0.012269938
10794 0.0030674846
298 0.006134969
11819 0.0030674846
18731 0.0030674846
13613 0.0030674846
4654 0.006134969
1584 0.0030674846
14129 0.0030674846
8753 0.012269938
19250 0.0030674846
15154 0.0030674846
1847 0.0030674846
311 0.0030674846
6969 0.0030674846
4923 0.0030674846
9025 0.0030674846
10817 0.0030674846
4161 0.058282208
14402 0.0030674846
8259 0.03374233
18758 0.0030674846
4934 0.0030674846
8263 0.0030674846
12871 0.006134969
4169 0.006134969
17738 0.0030674846
9036 0.0030674846
15949 0.006134969
11598 0.0030674846
2128 0.0030674846
19025 0.0030674846
851 0.0030674846
20821 0.0030674846
8021 0.0030674846
20566 0.0030674846
9046 0.006134969
2390 0.006134969
18263 0.024539877
12120 0.0030674846
2905 0.0030674846
16729 0.0030674846
14173 0.0030674846
12894 0.0030674846
21854 0.0030674846
19806 0.024539877
6239 0.0030674846
13920 0.0030674846
6240 0.0030674846
1376 0.0030674846
7521 0.0030674846
7265 0.0030674846
21345 0.0030674846
15971 0.0030674846
13155 0.0030674846
20579 0.0030674846
8292 0.0030674846
5990 0.006134969
15209 0.0030674846
9836 0.006134969
4205 0.0030674846
6509 0.0030674846
3950 0.0030674846
18290 0.0030674846
11635 0.0030674846
884 0.0030674846
19062 0.0030674846
15999 0.0030674846
13441 0.009202454
18053 0.0030674846
18566 0.0030674846
12935 0.006134969
9352 0.0030674846
11151 0.0030674846
8592 0.0030674846
20624 0.012269938
10897 0.0030674846
17553 0.006134969
14227 0.0030674846
18323 0.0030674846
10388 0.006134969
7830 0.0030674846
8342 0.0030674846
8343 0.012269938
21401 0.0030674846
20377 0.0030674846
153 0.006134969
5019 0.0030674846
11932 0.006134969
9630 0.0030674846
20127 0.0030674846
9119 0.006134969
19616 0.0030674846
3745 0.0030674846
14757 0.0030674846
9387 0.0030674846
7599 0.0030674846
8368 0.0030674846
9393 0.0030674846
14514 0.0030674846
4787 0.0030674846
3773 0.0030674846
13503 0.009202454
3522 0.0030674846
17602 0.0030674846
4290 0.006134969
10691 0.018404908
9157 0.0030674846
3269 0.0030674846
14022 0.0030674846
4550 0.0030674846
16582 0.009202454
18891 0.03374233
19917 0.006134969
17357 0.107361965
19150 0.0030674846
20943 0.0030674846
1488 0.006134969
14550 0.006134969
21464 0.006134969
3288 0.009202454
20696 0.018404908
7897 0.0030674846
22235 0.006134969
20700 0.0030674846
22237 0.0030674846
17885 0.0030674846
20193 0.0030674846
16356 0.0030674846
6116 0.0030674846
11236 0.0030674846
11748 0.0030674846
8422 0.012269938
233 0.0030674846
7914 0.0030674846
20203 0.0030674846
1771 0.0030674846
10988 0.0030674846
14061 0.0030674846
16621 0.0030674846
1006 0.006134969
13041 0.0030674846
20723 0.0030674846
1524 0.0030674846
14838 0.006134969
5111 0.0030674846
2041 0.0030674846
17661 0.006134969
6143 0.0030674846
