5760 0.006993007
256 0.062937066
17025 0.04195804
1410 0.006993007
2690 0.013986014
10757 0.006993007
18053 0.006993007
15629 0.006993007
10767 0.006993007
20495 0.013986014
13458 0.013986014
3859 0.006993007
15509 0.006993007
20501 0.006993007
8343 0.02097902
19865 0.006993007
4121 0.006993007
5913 0.027972028
5788 0.006993007
11038 0.006993007
12830 0.006993007
18974 0.013986014
5025 0.006993007
3105 0.006993007
9250 0.006993007
21541 0.006993007
14757 0.006993007
4903 0.006993007
5159 0.006993007
8743 0.006993007
15528 0.006993007
18731 0.013986014
6444 0.006993007
14381 0.006993007
4654 0.013986014
17840 0.006993007
10546 0.006993007
16563 0.006993007
21813 0.006993007
8630 0.006993007
5815 0.013986014
1081 0.006993007
21565 0.02097902
7999 0.013986014
16064 0.006993007
4161 0.006993007
14402 0.006993007
8259 0.013986014
21445 0.006993007
10821 0.006993007
1224 0.006993007
6987 0.006993007
13260 0.013986014
20813 0.006993007
3154 0.006993007
22230 0.006993007
11607 0.006993007
18263 0.006993007
20696 0.006993007
3288 0.02097902
14300 0.006993007
13532 0.006993007
17244 0.006993007
10719 0.006993007
6623 0.013986014
5861 0.013986014
2791 0.006993007
3306 0.02097902
11883 0.13286713
6509 0.006993007
1006 0.006993007
8175 0.006993007
12016 0.006993007
19696 0.006993007
14704 0.006993007
13041 0.006993007
241 0.013986014
18290 0.006993007
884 0.013986014
14453 0.006993007
19062 0.006993007
1399 0.013986014
8569 0.006993007
11644 0.006993007
253 0.006993007
17661 0.006993007
