11008 0.003003003
5377 0.003003003
8194 0.003003003
5892 0.003003003
17924 0.003003003
8709 0.003003003
14085 0.021021022
4617 0.003003003
10763 0.003003003
21262 0.003003003
13327 0.003003003
15120 0.003003003
15376 0.003003003
8208 0.003003003
3859 0.003003003
4371 0.006006006
18452 0.003003003
13844 0.003003003
5396 0.021021022
20501 0.006006006
6934 0.003003003
278 0.003003003
10780 0.003003003
15900 0.003003003
18460 0.003003003
15903 0.003003003
9250 0.006006006
38 0.003003003
20263 0.003003003
17447 0.003003003
6952 0.003003003
10025 0.003003003
4649 0.003003003
298 0.003003003
2602 0.003003003
7211 0.003003003
1837 0.003003003
13613 0.009009009
15662 0.003003003
5939 0.006006006
12090 0.003003003
14650 0.006006006
60 0.003003003
12862 0.003003003
8254 0.003003003
11073 0.003003003
4161 0.015015015
9538 0.003003003
1858 0.006006006
14402 0.018018018
8259 0.021021022
5188 0.003003003
10821 0.018018018
18758 0.009009009
2119 0.006006006
8263 0.006006006
12871 0.012012012
9544 0.006006006
18250 0.006006006
11598 0.012012012
9041 0.003003003
20821 0.003003003
2390 0.015015015
18263 0.015015015
20825 0.003003003
20571 0.006006006
12894 0.003003003
6239 0.003003003
21345 0.003003003
20579 0.003003003
5988 0.003003003
3177 0.012012012
874 0.003003003
6509 0.003003003
109 0.003003003
19054 0.003003003
9839 0.003003003
18290 0.006006006
11123 0.003003003
11635 0.009009009
884 0.009009009
19062 0.003003003
20598 0.003003003
1399 0.006006006
13441 0.003003003
2690 0.003003003
21379 0.003003003
17031 0.003003003
9863 0.003003003
3982 0.003003003
6286 0.003003003
6032 0.003003003
20624 0.006006006
10897 0.006006006
19603 0.003003003
150 0.006006006
8343 0.033033032
153 0.009009009
8090 0.003003003
10651 0.003003003
5019 0.021021022
11932 0.009009009
2973 0.003003003
13983 0.009009009
3745 0.006006006
2721 0.006006006
18340 0.006006006
14757 0.003003003
18342 0.003003003
2473 0.015015015
13485 0.003003003
19119 0.003003003
17327 0.012012012
8115 0.003003003
22196 0.003003003
180 0.006006006
19126 0.003003003
2231 0.009009009
1720 0.006006006
8890 0.006006006
4285 0.003003003
13503 0.003003003
16064 0.003003003
5825 0.003003003
7106 0.003003003
21698 0.003003003
11714 0.003003003
10691 0.012012012
3268 0.003003003
3269 0.006006006
2758 0.006006006
16841 0.006006006
11467 0.003003003
18891 0.006006006
13260 0.006006006
6092 0.012012012
17357 0.009009009
718 0.003003003
12495 0.003003003
14550 0.003003003
3288 0.003003003
20696 0.066066064
7641 0.003003003
21465 0.003003003
7897 0.006006006
1241 0.009009009
4314 0.003003003
16605 0.003003003
4573 0.003003003
6623 0.003003003
4576 0.006006006
3300 0.003003003
3044 0.009009009
5861 0.003003003
2791 0.003003003
489 0.003003003
233 0.003003003
7914 0.003003003
17388 0.003003003
1261 0.006006006
9710 0.003003003
1006 0.015015015
4335 0.003003003
11504 0.003003003
241 0.003003003
13041 0.003003003
2292 0.003003003
17653 0.006006006
15606 0.003003003
2041 0.003003003
3579 0.003003003
3323 0.006006006
10492 0.003003003
5631 0.003003003
6143 0.003003003
3839 0.003003003
