8834 0.014492754
10244 0.014492754
5892 0.014492754
22283 0.014492754
9100 0.014492754
3471 0.014492754
2703 0.014492754
9361 0.028985508
19603 0.014492754
10005 0.014492754
10646 0.014492754
22294 0.04347826
8343 0.014492754
5788 0.014492754
2204 0.014492754
1820 0.014492754
11932 0.028985508
17949 0.014492754
15903 0.014492754
11048 0.014492754
11049 0.014492754
18858 0.014492754
9772 0.014492754
17840 0.014492754
180 0.014492754
1716 0.014492754
12470 0.014492754
5430 0.014492754
15414 0.014492754
7095 0.014492754
2231 0.014492754
4669 0.014492754
2624 0.014492754
2498 0.014492754
14402 0.028985508
8259 0.028985508
3525 0.014492754
2758 0.014492754
6215 0.014492754
1488 0.014492754
9041 0.014492754
20696 0.014492754
10331 0.014492754
20571 0.014492754
15196 0.014492754
13532 0.014492754
13919 0.014492754
12899 0.014492754
20453 0.014492754
8422 0.014492754
2662 0.014492754
15209 0.014492754
9836 0.014492754
2284 0.057971016
19695 0.014492754
18290 0.028985508
21621 0.014492754
22268 0.014492754
4095 0.014492754
