19461 0.004830918
5893 0.024154589
8070 0.004830918
3464 0.004830918
17676 0.019323671
6286 0.009661836
17167 0.009661836
18064 0.004830918
9361 0.009661836
3220 0.004830918
5396 0.009661836
150 0.004830918
22294 0.004830918
7830 0.004830918
8343 0.014492754
19736 0.028985508
19865 0.014492754
22042 0.004830918
21403 0.004830918
10651 0.004830918
4635 0.014492754
11932 0.009661836
15902 0.004830918
9250 0.004830918
18338 0.004830918
6565 0.004830918
2727 0.009661836
2088 0.004830918
21545 0.004830918
10025 0.019323671
9387 0.004830918
9901 0.004830918
15662 0.004830918
19886 0.048309177
22064 0.004830918
9012 0.004830918
8628 0.004830918
20405 0.053140096
11318 0.004830918
17338 0.009661836
12734 0.004830918
8254 0.004830918
11327 0.009661836
18239 0.014492754
12608 0.004830918
1858 0.004830918
451 0.004830918
10821 0.009661836
4934 0.009661836
8263 0.004830918
2119 0.004830918
21703 0.004830918
2380 0.004830918
19917 0.004830918
22222 0.004830918
1488 0.009661836
10321 0.004830918
3154 0.004830918
10451 0.04347826
20437 0.004830918
20696 0.057971016
21465 0.014492754
11611 0.004830918
731 0.004830918
13659 0.009661836
13532 0.004830918
7389 0.004830918
21855 0.004830918
6239 0.004830918
10465 0.004830918
10083 0.004830918
5349 0.004830918
19557 0.004830918
20453 0.004830918
8422 0.004830918
17513 0.004830918
3306 0.014492754
8811 0.004830918
12398 0.004830918
1006 0.019323671
19696 0.004830918
12016 0.009661836
241 0.004830918
20723 0.004830918
11635 0.014492754
12020 0.004830918
21621 0.004830918
11512 0.09178744
3323 0.014492754
16892 0.004830918
10492 0.004830918
11645 0.009661836
19581 0.04347826
3839 0.004830918
6143 0.004830918
