8259 0.015873017
12100 0.031746034
12037 0.015873017
11589 0.015873017
6153 0.06349207
20554 0.015873017
16717 0.015873017
6862 0.015873017
4111 0.031746034
1488 0.015873017
10256 0.07936508
13458 0.015873017
20883 0.015873017
22102 0.015873017
8342 0.015873017
8343 0.015873017
18263 0.031746034
15703 0.06349207
3288 0.015873017
7642 0.015873017
10651 0.015873017
3739 0.015873017
11932 0.015873017
15196 0.015873017
31 0.015873017
11682 0.015873017
13410 0.015873017
20579 0.015873017
5861 0.015873017
1511 0.015873017
7082 0.031746034
18731 0.015873017
11883 0.04761905
13613 0.015873017
109 0.015873017
1006 0.015873017
12016 0.015873017
19250 0.015873017
14515 0.031746034
9141 0.015873017
19062 0.015873017
8630 0.015873017
8823 0.015873017
1399 0.015873017
14650 0.015873017
13503 0.015873017
