8709 0.0025575447
12294 0.0025575447
19463 0.0051150895
4106 0.0025575447
15374 0.0025575447
9230 0.0025575447
6162 0.0051150895
7193 0.0025575447
8218 0.0025575447
13853 0.0025575447
17949 0.0025575447
22050 0.0025575447
11298 0.0076726344
9250 0.0076726344
11813 0.0025575447
10284 0.0025575447
4654 0.0025575447
11825 0.0025575447
21044 0.0025575447
20020 0.0076726344
18996 0.0076726344
19511 0.0025575447
3128 0.0025575447
20538 0.0025575447
14402 0.0051150895
13891 0.0025575447
8259 0.010230179
10821 0.0051150895
6215 0.0051150895
8263 0.010230179
1097 0.0025575447
4169 0.0025575447
20554 0.0025575447
74 0.0025575447
8274 0.0025575447
15966 0.0025575447
6239 0.0025575447
15971 0.0051150895
6758 0.0076726344
14953 0.0025575447
17513 0.0025575447
4205 0.0025575447
15469 0.010230179
13426 0.0025575447
21621 0.0051150895
19062 0.0051150895
4216 0.0025575447
17017 0.0025575447
20090 0.023017902
16509 0.017902814
13441 0.015345269
2690 0.0051150895
18573 0.0051150895
6286 0.0025575447
10896 0.0025575447
18064 0.0025575447
17553 0.010230179
19603 0.0051150895
150 0.0025575447
3735 0.0025575447
8855 0.010230179
8343 0.010230179
153 0.012787724
2204 0.0025575447
11932 0.0051150895
11422 0.0025575447
13983 0.0051150895
20127 0.0051150895
9892 0.0025575447
9388 0.0025575447
14512 0.0025575447
10417 0.0025575447
14514 0.0025575447
8371 0.0025575447
1716 0.0025575447
6325 0.0076726344
20150 0.0025575447
2231 0.0025575447
4286 0.0025575447
18624 0.0025575447
4290 0.0025575447
5314 0.0025575447
3268 0.0025575447
3269 0.0025575447
2758 0.0025575447
14022 0.0025575447
16582 0.0076726344
715 0.0025575447
10963 0.0025575447
20696 0.051150896
7897 0.0025575447
1241 0.0025575447
1754 0.0025575447
4314 0.0025575447
16605 0.0025575447
10462 0.0025575447
5859 0.0025575447
6886 0.025575448
4327 0.0025575447
16104 0.0025575447
19183 0.0025575447
241 0.0025575447
13041 0.010230179
8434 0.0025575447
17138 0.0025575447
4342 0.0025575447
14584 0.0025575447
20217 0.0025575447
3323 0.017902814
17661 0.0051150895
22270 0.0025575447
13566 0.0025575447
3839 0.0076726344
5892 0.0025575447
9989 0.0025575447
14085 0.0076726344
6409 0.0025575447
4874 0.0051150895
20750 0.0025575447
1295 0.0025575447
4371 0.0025575447
3859 0.0025575447
5396 0.017902814
12055 0.0051150895
21786 0.0025575447
13594 0.0025575447
5926 0.0051150895
12583 0.0025575447
20263 0.0025575447
18217 0.0025575447
11049 0.010230179
8490 0.0025575447
298 0.0051150895
1837 0.0025575447
13613 0.0025575447
19249 0.0025575447
5428 0.0025575447
14650 0.015345269
12606 0.0025575447
8000 0.0051150895
1858 0.0025575447
10562 0.0025575447
14150 0.0025575447
18758 0.0051150895
4934 0.012787724
20813 0.0051150895
9041 0.0025575447
10065 0.0051150895
10581 0.0051150895
11607 0.0025575447
21345 0.010230179
7522 0.0025575447
8035 0.0025575447
15209 0.0025575447
2413 0.0025575447
10095 0.0025575447
11121 0.0025575447
11635 0.010230179
884 0.0051150895
1399 0.012787724
11644 0.0025575447
5500 0.0051150895
21378 0.010230179
2435 0.0025575447
3982 0.0025575447
8592 0.0025575447
18324 0.0025575447
21398 0.0025575447
3481 0.0025575447
20890 0.0076726344
1948 0.0025575447
12702 0.0025575447
18340 0.0025575447
11172 0.0025575447
18342 0.0025575447
10668 0.0025575447
5550 0.0025575447
19886 0.0051150895
17327 0.0025575447
5552 0.0025575447
12208 0.0025575447
16305 0.0025575447
6588 0.0025575447
10691 0.012787724
1482 0.012787724
12235 0.0025575447
6092 0.0025575447
19917 0.0051150895
20942 0.0025575447
1488 0.012787724
7121 0.0076726344
13778 0.0025575447
16853 0.0025575447
21464 0.0025575447
21465 0.0025575447
15837 0.0025575447
7135 0.0025575447
4576 0.0025575447
11233 0.0025575447
16356 0.0025575447
4580 0.0025575447
20453 0.0025575447
4071 0.0025575447
14312 0.0025575447
16362 0.020460358
10221 0.0025575447
18414 0.0025575447
1006 0.0051150895
21487 0.0025575447
3579 0.0025575447
6143 0.0051150895
