16064 0.015625
1858 0.015625
12355 0.015625
16003 0.015625
8259 0.09375
8966 0.015625
16582 0.015625
19463 0.015625
5646 0.015625
10767 0.015625
10895 0.015625
14992 0.015625
20624 0.015625
9360 0.015625
18064 0.046875
9041 0.015625
4371 0.015625
18323 0.015625
19540 0.015625
21398 0.015625
16664 0.03125
20696 0.078125
731 0.015625
3745 0.015625
7265 0.078125
5859 0.015625
20453 0.015625
16677 0.015625
6886 0.046875
6952 0.03125
7659 0.03125
7211 0.03125
109 0.015625
13485 0.03125
18414 0.046875
884 0.015625
15606 0.015625
2041 0.015625
3323 0.015625
3262 0.015625
