8194 0.009345794
21123 0.009345794
14727 0.009345794
9480 0.009345794
19976 0.009345794
7433 0.009345794
4874 0.009345794
3850 0.009345794
3084 0.009345794
3982 0.009345794
11151 0.009345794
9875 0.028037382
14612 0.009345794
17559 0.009345794
153 0.009345794
20890 0.009345794
19870 0.018691588
13855 0.018691588
20385 0.018691588
22050 0.018691588
15011 0.009345794
7460 0.009345794
7847 0.009345794
11049 0.009345794
12457 0.009345794
13610 0.009345794
7211 0.009345794
18731 0.009345794
2476 0.009345794
4529 0.009345794
12595 0.009345794
21558 0.028037382
4025 0.009345794
7993 0.009345794
14650 0.009345794
9918 0.009345794
15934 0.028037382
13503 0.009345794
6722 0.009345794
2500 0.009345794
10821 0.009345794
14533 0.046728972
2758 0.009345794
18758 0.028037382
10951 0.009345794
7752 0.009345794
19912 0.009345794
4169 0.009345794
18891 0.028037382
13260 0.009345794
719 0.009345794
14799 0.009345794
16724 0.009345794
18263 0.10280374
18136 0.009345794
6239 0.009345794
11360 0.009345794
4832 0.009345794
17633 0.018691588
19170 0.009345794
17378 0.009345794
17252 0.009345794
20453 0.009345794
7914 0.009345794
2284 0.009345794
1006 0.009345794
3439 0.009345794
21872 0.009345794
20851 0.009345794
11635 0.009345794
5748 0.009345794
9973 0.009345794
21621 0.009345794
6646 0.009345794
1399 0.028037382
17661 0.009345794
