8194 0.0091743115
11141 0.0091743115
8070 0.0091743115
21514 0.0091743115
10763 0.0091743115
4107 0.0091743115
15629 0.0091743115
10767 0.0091743115
20496 0.0091743115
8208 0.0091743115
10897 0.018348623
8852 0.0091743115
8342 0.0091743115
21398 0.0091743115
8343 0.018348623
15003 0.0091743115
14365 0.0091743115
15902 0.0091743115
12830 0.027522936
3745 0.0091743115
3105 0.0091743115
11298 0.0091743115
38 0.0091743115
12710 0.036697246
11049 0.0091743115
10025 0.0091743115
1066 0.0091743115
2731 0.0091743115
9772 0.0091743115
12205 0.0091743115
14254 0.0091743115
7090 0.0091743115
20020 0.0091743115
16693 0.0091743115
19126 0.018348623
6201 0.0091743115
1851 0.0091743115
13246 0.0091743115
4286 0.0091743115
4161 0.0091743115
8259 0.04587156
14533 0.0091743115
10821 0.0091743115
12614 0.0091743115
4550 0.0091743115
16582 0.018348623
8263 0.0091743115
9544 0.0091743115
6728 0.0091743115
4169 0.0091743115
716 0.0091743115
13260 0.018348623
11598 0.0091743115
9041 0.0091743115
337 0.0091743115
18003 0.0091743115
21588 0.018348623
2390 0.0091743115
3288 0.08256881
7770 0.0091743115
4574 0.0091743115
97 0.0091743115
14691 0.0091743115
6243 0.0091743115
2662 0.0091743115
16871 0.0091743115
12010 0.0091743115
7914 0.018348623
7916 0.0091743115
20334 0.0091743115
18159 0.0091743115
13041 0.0091743115
5105 0.0091743115
8433 0.0091743115
15859 0.0091743115
20723 0.0091743115
12020 0.0091743115
13556 0.0091743115
1654 0.0091743115
17015 0.018348623
3576 0.0091743115
18425 0.0091743115
20218 0.0091743115
3579 0.0091743115
