3842 0.008403362
13186 0.008403362
16387 0.008403362
4100 0.008403362
14727 0.008403362
15240 0.008403362
20744 0.008403362
14473 0.008403362
13450 0.008403362
3339 0.008403362
9100 0.008403362
2061 0.008403362
17935 0.008403362
10896 0.008403362
8592 0.008403362
1426 0.008403362
278 0.016806724
8343 0.025210084
21401 0.008403362
4636 0.008403362
15900 0.008403362
19870 0.008403362
13983 0.008403362
17184 0.008403362
11298 0.008403362
22050 0.008403362
9250 0.016806724
163 0.008403362
22182 0.008403362
20263 0.008403362
13097 0.008403362
11049 0.016806724
13226 0.008403362
13610 0.008403362
9393 0.008403362
14514 0.016806724
21044 0.016806724
311 0.008403362
14520 0.008403362
12734 0.008403362
15934 0.016806724
10562 0.008403362
14402 0.008403362
6980 0.008403362
14533 0.008403362
16582 0.008403362
18758 0.008403362
2119 0.008403362
8263 0.008403362
6215 0.025210084
1224 0.008403362
20813 0.008403362
16717 0.016806724
19408 0.008403362
5329 0.008403362
3922 0.008403362
3538 0.008403362
18771 0.008403362
7766 0.008403362
11734 0.025210084
18263 0.008403362
14679 0.008403362
20696 0.016806724
21465 0.008403362
4314 0.008403362
1754 0.008403362
12765 0.008403362
19165 0.008403362
14173 0.008403362
861 0.008403362
13410 0.008403362
18276 0.008403362
16356 0.042016808
5861 0.016806724
8933 0.016806724
18539 0.008403362
17388 0.008403362
10988 0.025210084
6509 0.008403362
1006 0.05882353
21872 0.008403362
16625 0.008403362
8434 0.008403362
6646 0.008403362
1399 0.025210084
1912 0.008403362
2041 0.008403362
14330 0.008403362
4477 0.008403362
