11008 0.006329114
8194 0.01898734
11012 0.012658228
21769 0.006329114
3339 0.006329114
16396 0.006329114
6413 0.006329114
20750 0.006329114
10767 0.006329114
10512 0.006329114
6162 0.025316456
4371 0.006329114
22294 0.006329114
16410 0.006329114
16926 0.006329114
1312 0.006329114
16161 0.006329114
14625 0.006329114
38 0.006329114
4903 0.006329114
11049 0.006329114
298 0.006329114
7211 0.006329114
2098 0.006329114
4658 0.006329114
19250 0.01898734
22067 0.006329114
21044 0.006329114
7479 0.012658228
6201 0.006329114
14650 0.012658228
6459 0.006329114
14140 0.006329114
21312 0.006329114
14402 0.006329114
12100 0.006329114
8260 0.01898734
7748 0.03797468
4934 0.006329114
8263 0.006329114
22089 0.006329114
17742 0.006329114
11598 0.012658228
21840 0.006329114
10065 0.006329114
8274 0.006329114
19282 0.006329114
18263 0.03164557
20571 0.006329114
6239 0.006329114
20065 0.006329114
20579 0.006329114
19044 0.006329114
2664 0.006329114
5481 0.012658228
21872 0.012658228
11635 0.01898734
5237 0.006329114
1399 0.012658228
15484 0.006329114
11902 0.006329114
16000 0.006329114
1410 0.006329114
2690 0.006329114
12419 0.006329114
5511 0.006329114
9863 0.006329114
9352 0.006329114
9100 0.006329114
17294 0.006329114
7823 0.006329114
10897 0.006329114
18833 0.006329114
3730 0.012658228
3731 0.006329114
15509 0.006329114
21398 0.006329114
8343 0.025316456
13721 0.006329114
9370 0.012658228
19356 0.006329114
11932 0.025316456
3745 0.012658228
18340 0.006329114
9126 0.006329114
10152 0.006329114
3247 0.006329114
5552 0.006329114
8368 0.006329114
8890 0.006329114
3262 0.006329114
12734 0.006329114
13760 0.006329114
14533 0.006329114
4550 0.006329114
18126 0.006329114
3792 0.006329114
13778 0.006329114
20437 0.006329114
5077 0.006329114
10454 0.006329114
18134 0.006329114
20696 0.006329114
8668 0.006329114
12765 0.006329114
19171 0.006329114
3300 0.006329114
16356 0.012658228
6116 0.012658228
5092 0.01898734
20453 0.006329114
11241 0.006329114
21487 0.006329114
11504 0.006329114
3058 0.006329114
7924 0.006329114
15862 0.006329114
3327 0.006329114
