11905 0.008928572
1410 0.008928572
12034 0.008928572
8194 0.026785715
13316 0.008928572
19461 0.017857144
12037 0.026785715
9478 0.008928572
9735 0.008928572
6153 0.008928572
9100 0.017857144
15629 0.008928572
6413 0.008928572
10256 0.0625
18454 0.017857144
8343 0.008928572
5913 0.035714287
14490 0.008928572
3739 0.008928572
10651 0.05357143
11932 0.008928572
17949 0.008928572
18078 0.008928572
7327 0.008928572
13603 0.008928572
21541 0.008928572
19250 0.008928572
14515 0.008928572
179 0.008928572
8243 0.008928572
20020 0.008928572
21813 0.008928572
14903 0.008928572
17977 0.008928572
14650 0.017857144
11322 0.04464286
4923 0.008928572
6334 0.008928572
7999 0.017857144
833 0.017857144
12100 0.008928572
8135 0.008928572
18250 0.008928572
13003 0.008928572
16717 0.008928572
19917 0.008928572
1488 0.017857144
20437 0.017857144
7382 0.008928572
18263 0.008928572
16222 0.008928572
3039 0.008928572
16736 0.008928572
13664 0.008928572
10209 0.008928572
12001 0.008928572
21345 0.008928572
20579 0.008928572
20453 0.008928572
11240 0.008928572
5226 0.008928572
11883 0.035714287
14704 0.008928572
5105 0.008928572
241 0.008928572
9971 0.008928572
884 0.008928572
12789 0.008928572
5751 0.008928572
1399 0.017857144
8823 0.071428575
