13186 0.010638298
2690 0.010638298
12037 0.010638298
9352 0.010638298
18186 0.010638298
9100 0.021276595
1295 0.010638298
10767 0.031914894
13584 0.010638298
4371 0.021276595
8343 0.010638298
5788 0.010638298
3619 0.010638298
11049 0.010638298
2473 0.010638298
3756 0.010638298
4654 0.010638298
19761 0.010638298
10546 0.010638298
13112 0.010638298
6459 0.010638298
20923 0.031914894
16444 0.010638298
13503 0.010638298
21312 0.010638298
6336 0.010638298
4161 0.08510638
14402 0.010638298
15043 0.010638298
4165 0.010638298
12871 0.021276595
4169 0.010638298
3922 0.010638298
3412 0.07446808
20821 0.010638298
2390 0.04255319
6999 0.010638298
18263 0.04255319
4440 0.010638298
20696 0.04255319
16729 0.010638298
21209 0.010638298
7897 0.010638298
13532 0.010638298
19806 0.010638298
20959 0.010638298
18914 0.010638298
13410 0.010638298
20579 0.021276595
3044 0.010638298
17252 0.010638298
5861 0.010638298
6886 0.010638298
9710 0.010638298
21362 0.010638298
5747 0.010638298
19059 0.010638298
12276 0.010638298
21621 0.010638298
9717 0.010638298
21110 0.010638298
19062 0.010638298
9975 0.010638298
1399 0.010638298
