8194 0.004048583
5893 0.008097166
4101 0.032388665
12294 0.004048583
16390 0.004048583
10248 0.004048583
10763 0.012145749
15629 0.004048583
10767 0.004048583
13844 0.004048583
11544 0.004048583
19736 0.008097166
21274 0.004048583
4635 0.04453441
31 0.004048583
13855 0.004048583
12321 0.004048583
21541 0.012145749
13097 0.004048583
10025 0.012145749
298 0.008097166
13613 0.008097166
1584 0.004048583
8243 0.004048583
14650 0.012145749
15422 0.004048583
8254 0.008097166
18239 0.004048583
12608 0.004048583
8263 0.008097166
6215 0.012145749
1354 0.004048583
7757 0.004048583
20813 0.004048583
2128 0.004048583
10065 0.004048583
17751 0.004048583
19034 0.004048583
8282 0.004048583
3419 0.008097166
19805 0.004048583
8288 0.004048583
10083 0.004048583
15209 0.004048583
17262 0.008097166
5231 0.016194332
11635 0.008097166
884 0.012145749
21621 0.024291499
19581 0.020242915
4224 0.004048583
9862 0.012145749
6286 0.008097166
10896 0.004048583
6032 0.004048583
13714 0.004048583
8343 0.008097166
19865 0.008097166
8090 0.04048583
7323 0.004048583
20127 0.004048583
15528 0.004048583
10409 0.004048583
11692 0.004048583
12205 0.004048583
19886 0.020242915
10417 0.016194332
20402 0.004048583
8371 0.008097166
20405 0.020242915
12470 0.004048583
19127 0.004048583
8890 0.004048583
14011 0.004048583
4031 0.004048583
16064 0.004048583
6336 0.004048583
19137 0.004048583
21698 0.004048583
9666 0.008097166
10691 0.008097166
13255 0.008097166
16072 0.008097166
1482 0.020242915
716 0.004048583
14798 0.004048583
17358 0.008097166
10451 0.032388665
18136 0.004048583
3288 0.008097166
20696 0.08097166
21465 0.012145749
20444 0.004048583
14300 0.004048583
13532 0.008097166
4574 0.004048583
2016 0.008097166
6116 0.008097166
20453 0.008097166
20198 0.004048583
15078 0.004048583
1006 0.004048583
21232 0.004048583
499 0.004048583
20723 0.004048583
15093 0.004048583
7669 0.012145749
11512 0.060728744
2041 0.004048583
3323 0.004048583
6143 0.004048583
19199 0.008097166
