16000 0.009090909
13186 0.009090909
21123 0.018181818
17029 0.009090909
3084 0.009090909
20493 0.009090909
6541 0.018181818
20367 0.009090909
16530 0.009090909
3730 0.009090909
4371 0.018181818
278 0.009090909
20890 0.009090909
5788 0.009090909
2204 0.009090909
13855 0.009090909
3105 0.009090909
20385 0.018181818
163 0.009090909
7211 0.018181818
18731 0.054545455
17196 0.009090909
2476 0.018181818
13485 0.009090909
17327 0.018181818
19249 0.018181818
13235 0.009090909
8371 0.009090909
8243 0.009090909
6459 0.009090909
5181 0.009090909
15934 0.018181818
5825 0.009090909
2372 0.009090909
2500 0.009090909
14533 0.009090909
21445 0.009090909
14022 0.009090909
2758 0.009090909
18758 0.018181818
1224 0.009090909
13260 0.018181818
718 0.009090909
9041 0.018181818
17365 0.009090909
9173 0.009090909
11734 0.027272727
18263 0.08181818
6364 0.009090909
13532 0.009090909
8288 0.009090909
8163 0.009090909
11363 0.009090909
20579 0.009090909
6116 0.009090909
20453 0.018181818
6886 0.027272727
1006 0.009090909
21872 0.027272727
13041 0.009090909
9074 0.009090909
1394 0.009090909
11635 0.009090909
21621 0.06363636
6646 0.009090909
1399 0.036363635
2041 0.009090909
3323 0.018181818
