11905 0.007936508
11393 0.007936508
8834 0.007936508
21123 0.007936508
14725 0.007936508
8837 0.007936508
19461 0.04761905
6409 0.007936508
10380 0.007936508
17676 0.007936508
6413 0.007936508
10896 0.007936508
10256 0.055555556
13458 0.015873017
3730 0.023809524
20883 0.007936508
3735 0.007936508
10651 0.007936508
3739 0.015873017
21278 0.007936508
20648 0.007936508
2731 0.007936508
9772 0.023809524
1837 0.007936508
16302 0.007936508
17327 0.007936508
8243 0.007936508
20020 0.007936508
5814 0.007936508
2231 0.007936508
14650 0.007936508
3515 0.015873017
20284 0.015873017
16064 0.007936508
4161 0.015873017
13249 0.023809524
14402 0.007936508
3522 0.007936508
8259 0.015873017
19525 0.015873017
8263 0.007936508
10184 0.007936508
22089 0.007936508
21706 0.007936508
716 0.007936508
13260 0.015873017
19917 0.007936508
20942 0.007936508
11598 0.023809524
12495 0.007936508
11215 0.007936508
1488 0.007936508
20437 0.007936508
5077 0.007936508
18263 0.015873017
21465 0.023809524
4187 0.007936508
15196 0.007936508
8668 0.007936508
16736 0.007936508
21345 0.007936508
19937 0.007936508
3044 0.007936508
3300 0.007936508
7141 0.007936508
19049 0.015873017
5226 0.007936508
11242 0.015873017
20845 0.007936508
3950 0.007936508
13039 0.007936508
12016 0.007936508
14704 0.007936508
14833 0.007936508
11764 0.007936508
6388 0.007936508
3956 0.007936508
19062 0.007936508
1399 0.071428575
20217 0.007936508
17661 0.007936508
20989 0.03968254
