4100 0.008474576
4107 0.008474576
1803 0.008474576
9100 0.008474576
6029 0.025423728
20110 0.008474576
20624 0.008474576
19603 0.008474576
4371 0.016949153
12180 0.008474576
150 0.008474576
22294 0.008474576
3735 0.008474576
12055 0.084745765
6936 0.008474576
8345 0.008474576
19865 0.008474576
10651 0.008474576
11932 0.025423728
12702 0.008474576
163 0.008474576
15524 0.008474576
38 0.008474576
7211 0.016949153
1324 0.008474576
10284 0.033898305
13485 0.008474576
10417 0.008474576
14515 0.008474576
6836 0.008474576
21813 0.008474576
22199 0.008474576
4161 0.008474576
14402 0.008474576
9666 0.008474576
8259 0.033898305
9925 0.016949153
18118 0.008474576
4424 0.008474576
11849 0.008474576
3530 0.008474576
19021 0.008474576
1488 0.008474576
9041 0.008474576
5460 0.008474576
18263 0.008474576
20696 0.033898305
21465 0.008474576
4188 0.008474576
6237 0.008474576
16863 0.033898305
12001 0.008474576
9441 0.016949153
11620 0.016949153
20453 0.008474576
5990 0.008474576
2662 0.025423728
4714 0.008474576
8811 0.008474576
1006 0.008474576
20719 0.008474576
19183 0.008474576
16496 0.008474576
13041 0.008474576
21621 0.008474576
21368 0.016949153
19322 0.008474576
3579 0.008474576
3323 0.033898305
19199 0.008474576
6143 0.016949153
3839 0.084745765
