7680 0.005988024
11009 0.005988024
7681 0.005988024
11012 0.005988024
12037 0.005988024
14085 0.017964073
10248 0.005988024
13321 0.005988024
8716 0.005988024
15629 0.005988024
6162 0.005988024
278 0.011976048
7193 0.005988024
14619 0.005988024
17184 0.005988024
9250 0.011976048
12324 0.005988024
14886 0.005988024
4903 0.005988024
18731 0.005988024
13359 0.005988024
12848 0.005988024
2098 0.005988024
4915 0.005988024
20020 0.005988024
20538 0.005988024
14650 0.011976048
6459 0.017964073
17724 0.011976048
11837 0.005988024
21570 0.005988024
8259 0.017964073
7748 0.017964073
8263 0.005988024
16713 0.005988024
9290 0.005988024
16717 0.005988024
11598 0.005988024
17233 0.005988024
3922 0.005988024
21076 0.005988024
19540 0.005988024
17236 0.005988024
21845 0.005988024
20821 0.005988024
15703 0.005988024
18263 0.035928145
9570 0.005988024
13410 0.017964073
2662 0.005988024
7273 0.005988024
11883 0.005988024
3439 0.005988024
11635 0.005988024
20598 0.011976048
1399 0.005988024
8570 0.005988024
15484 0.005988024
11902 0.005988024
11905 0.005988024
13441 0.017964073
1411 0.005988024
18566 0.005988024
9352 0.017964073
13709 0.005988024
6286 0.011976048
10896 0.005988024
8851 0.005988024
14740 0.005988024
13205 0.005988024
8343 0.005988024
153 0.005988024
9370 0.005988024
1948 0.005988024
11932 0.029940119
4003 0.005988024
18340 0.005988024
15528 0.005988024
12457 0.005988024
7082 0.005988024
17327 0.017964073
8368 0.04191617
7090 0.011976048
180 0.005988024
10677 0.005988024
5819 0.005988024
9916 0.005988024
12734 0.011976048
16064 0.005988024
5314 0.005988024
14788 0.005988024
21445 0.017964073
4550 0.005988024
21706 0.005988024
8906 0.005988024
2506 0.005988024
715 0.005988024
972 0.005988024
11215 0.005988024
20434 0.005988024
3288 0.005988024
20696 0.011976048
21471 0.011976048
4577 0.005988024
5857 0.005988024
18914 0.005988024
7138 0.005988024
6116 0.005988024
16356 0.011976048
5092 0.011976048
20453 0.011976048
13293 0.005988024
1006 0.005988024
21487 0.005988024
12016 0.005988024
8433 0.005988024
9716 0.005988024
15862 0.005988024
22009 0.005988024
17661 0.005988024
19198 0.005988024
