256 0.008
1410 0.008
8837 0.008
10117 0.008
14085 0.008
9352 0.008
4874 0.008
16396 0.008
14860 0.008
20493 0.024
5903 0.008
10895 0.016
8592 0.008
17553 0.008
13458 0.008
15509 0.016
278 0.008
8342 0.008
8343 0.024
153 0.008
10651 0.008
8348 0.008
2721 0.008
9250 0.008
18342 0.008
17318 0.008
12710 0.008
22054 0.008
12583 0.016
13485 0.008
14125 0.008
18734 0.008
8368 0.008
10546 0.008
22067 0.008
20020 0.016
20022 0.008
3128 0.008
14650 0.024
59 0.008
17724 0.016
13503 0.008
13760 0.008
6336 0.008
19137 0.008
18369 0.008
1858 0.008
8259 0.016
14788 0.008
2372 0.008
7748 0.016
21445 0.008
3269 0.008
12229 0.008
10821 0.024
8263 0.008
17993 0.008
16713 0.04
21706 0.008
6092 0.008
13260 0.032
17485 0.008
11215 0.008
1488 0.008
20434 0.008
16981 0.008
20437 0.016
18263 0.016
15703 0.04
20696 0.016
6364 0.008
12765 0.008
16736 0.008
6116 0.008
8422 0.008
16871 0.008
15209 0.008
7914 0.016
4590 0.008
3439 0.04
12016 0.008
14960 0.008
241 0.008
11635 0.016
12917 0.008
2293 0.008
503 0.008
1399 0.016
19579 0.008
