15744 0.008064516
20993 0.008064516
13441 0.016129032
9986 0.008064516
16387 0.008064516
5892 0.008064516
12165 0.008064516
12037 0.008064516
14085 0.016129032
13446 0.008064516
8843 0.008064516
2188 0.016129032
17167 0.008064516
10896 0.008064516
9361 0.008064516
4371 0.008064516
8468 0.008064516
5396 0.088709675
22294 0.008064516
3735 0.008064516
8343 0.016129032
153 0.008064516
10651 0.008064516
17184 0.008064516
2721 0.008064516
16935 0.008064516
4903 0.008064516
6952 0.016129032
17327 0.008064516
11825 0.008064516
2609 0.008064516
10417 0.008064516
3122 0.008064516
10546 0.008064516
15154 0.008064516
21044 0.008064516
20020 0.008064516
9141 0.008064516
8630 0.008064516
19126 0.008064516
14903 0.008064516
311 0.008064516
1720 0.008064516
14650 0.008064516
7485 0.008064516
9790 0.008064516
5953 0.008064516
3010 0.008064516
3268 0.008064516
16582 0.008064516
7110 0.024193548
8263 0.008064516
11598 0.008064516
21840 0.008064516
11986 0.008064516
20437 0.008064516
20696 0.016129032
21465 0.04032258
14300 0.008064516
15324 0.024193548
6239 0.008064516
11360 0.008064516
16481 0.008064516
21345 0.008064516
13026 0.008064516
10083 0.008064516
13155 0.008064516
6116 0.008064516
2662 0.016129032
359 0.008064516
109 0.008064516
4205 0.008064516
6509 0.008064516
13038 0.008064516
8175 0.008064516
21872 0.016129032
13041 0.016129032
20723 0.008064516
884 0.016129032
22134 0.008064516
4342 0.008064516
1399 0.04032258
15608 0.008064516
7162 0.008064516
3323 0.008064516
13179 0.008064516
6395 0.008064516
13948 0.008064516
3581 0.008064516
13566 0.024193548
