4100 0.0040816325
5892 0.008163265
12037 0.008163265
12294 0.0040816325
6150 0.0040816325
21769 0.008163265
20493 0.0040816325
15629 0.0040816325
21776 0.0040816325
6162 0.0040816325
8468 0.0040816325
20501 0.0040816325
15900 0.0040816325
17184 0.0040816325
9250 0.0040816325
4647 0.0040816325
6440 0.0040816325
11049 0.0040816325
13097 0.01632653
298 0.012244898
19499 0.0040816325
14903 0.0040816325
17464 0.0040816325
14394 0.0040816325
14650 0.012244898
1084 0.0040816325
21824 0.0040816325
13377 0.0040816325
1858 0.008163265
8259 0.0040816325
10821 0.0040816325
18758 0.008163265
12871 0.0040816325
2119 0.0040816325
14919 0.0040816325
6215 0.008163265
8263 0.008163265
21068 0.0040816325
9041 0.0040816325
7505 0.012244898
3922 0.0040816325
19286 0.0040816325
18263 0.008163265
14682 0.0040816325
20315 0.0040816325
12894 0.0040816325
13410 0.0040816325
13155 0.008163265
17252 0.0040816325
2662 0.0040816325
13160 0.0040816325
4969 0.0040816325
8811 0.0040816325
4205 0.0040816325
7279 0.0040816325
10095 0.0040816325
11375 0.0040816325
8561 0.0040816325
11635 0.008163265
20852 0.008163265
884 0.008163265
21621 0.0040816325
19062 0.008163265
4471 0.0040816325
1399 0.028571429
15228 0.0040816325
15484 0.06938776
14717 0.0040816325
14462 0.0040816325
19071 0.0040816325
16000 0.0040816325
11649 0.0040816325
13441 0.012244898
16772 0.0040816325
11396 0.0040816325
18566 0.0040816325
9352 0.01632653
22154 0.0040816325
3210 0.008163265
9100 0.0040816325
17039 0.0040816325
18064 0.0040816325
21137 0.0040816325
20114 0.0040816325
19603 0.0040816325
14230 0.0040816325
8343 0.0040816325
8855 0.008163265
11672 0.0040816325
153 0.008163265
14490 0.0040816325
5788 0.0040816325
11932 0.0040816325
5789 0.0040816325
18077 0.0040816325
13983 0.0040816325
20127 0.0040816325
8095 0.04897959
18340 0.0040816325
14757 0.0040816325
8870 0.008163265
1706 0.0040816325
10924 0.0040816325
429 0.0040816325
1966 0.0040816325
9393 0.012244898
1716 0.0040816325
20150 0.0040816325
13503 0.012244898
19904 0.0040816325
13760 0.008163265
3269 0.0040816325
14533 0.0040816325
14027 0.0040816325
17356 0.0040816325
716 0.0040816325
8140 0.012244898
15310 0.0040816325
718 0.008163265
11215 0.0040816325
15055 0.0040816325
3792 0.04489796
12497 0.0040816325
5585 0.012244898
11734 0.0040816325
20696 0.012244898
21465 0.0040816325
22235 0.0040816325
13532 0.0040816325
16605 0.012244898
5859 0.0040816325
6116 0.0040816325
16356 0.012244898
20453 0.0040816325
18410 0.008163265
2284 0.0040816325
9710 0.0040816325
1006 0.012244898
21487 0.0040816325
12017 0.0040816325
4081 0.0040816325
13041 0.008163265
3058 0.0040816325
9973 0.0040816325
2293 0.008163265
15606 0.0040816325
4603 0.0040816325
10492 0.0040816325
20989 0.0040816325
6143 0.0040816325
