13952 0.006060606
21123 0.006060606
12037 0.006060606
20999 0.006060606
10121 0.006060606
16396 0.006060606
10380 0.006060606
6286 0.006060606
9230 0.006060606
3730 0.006060606
13714 0.006060606
11924 0.006060606
917 0.006060606
150 0.012121212
17559 0.006060606
11672 0.006060606
8090 0.006060606
21786 0.012121212
11932 0.012121212
4253 0.006060606
13855 0.006060606
20127 0.006060606
13857 0.006060606
5025 0.012121212
11298 0.018181818
9250 0.018181818
163 0.121212125
18340 0.006060606
15528 0.006060606
10025 0.012121212
18222 0.006060606
19886 0.006060606
17327 0.006060606
432 0.018181818
14515 0.006060606
18996 0.006060606
4277 0.006060606
6325 0.012121212
20027 0.006060606
11324 0.006060606
6588 0.012121212
4161 0.006060606
13249 0.096969694
21317 0.006060606
10821 0.006060606
4934 0.006060606
14027 0.006060606
19917 0.006060606
18381 0.006060606
1488 0.006060606
1105 0.006060606
10581 0.006060606
14806 0.018181818
18263 0.006060606
11607 0.006060606
20696 0.06666667
345 0.006060606
7897 0.006060606
19034 0.006060606
13532 0.006060606
6237 0.006060606
21346 0.006060606
19299 0.018181818
15971 0.018181818
3044 0.006060606
16356 0.012121212
20453 0.006060606
6886 0.036363635
233 0.006060606
7914 0.006060606
7916 0.006060606
6509 0.006060606
12398 0.006060606
1006 0.036363635
13041 0.006060606
11121 0.006060606
2674 0.006060606
11635 0.006060606
12020 0.006060606
1524 0.006060606
1399 0.024242423
21368 0.006060606
3323 0.006060606
20989 0.024242423
3839 0.006060606
