14402 0.014925373
1410 0.014925373
8259 0.04477612
2119 0.014925373
4490 0.014925373
11020 0.014925373
16396 0.04477612
11598 0.014925373
20303 0.014925373
14671 0.04477612
1488 0.014925373
13844 0.014925373
8343 0.08955224
6237 0.014925373
12830 0.014925373
13857 0.014925373
4387 0.014925373
18596 0.014925373
6116 0.014925373
16871 0.014925373
3240 0.014925373
5226 0.014925373
4650 0.014925373
17196 0.04477612
10989 0.014925373
6509 0.029850746
4654 0.014925373
1006 0.014925373
10350 0.014925373
5615 0.014925373
20336 0.014925373
8368 0.029850746
12016 0.029850746
18290 0.014925373
10546 0.014925373
2674 0.04477612
1716 0.014925373
884 0.04477612
1399 0.014925373
7865 0.014925373
4665 0.029850746
15354 0.014925373
14650 0.029850746
11644 0.014925373
8573 0.014925373
