7680 0.011764706
14848 0.011764706
2690 0.03529412
10248 0.011764706
4874 0.011764706
3982 0.011764706
6162 0.05882353
22035 0.011764706
22294 0.011764706
8343 0.011764706
12311 0.011764706
10263 0.011764706
5788 0.03529412
2721 0.011764706
20516 0.011764706
10276 0.011764706
14757 0.011764706
15914 0.011764706
7082 0.011764706
7211 0.011764706
21291 0.011764706
10796 0.023529412
19886 0.011764706
7088 0.011764706
2356 0.011764706
5428 0.03529412
17336 0.011764706
14650 0.09411765
5691 0.011764706
3522 0.011764706
14402 0.011764706
8259 0.03529412
10821 0.011764706
8263 0.011764706
72 0.011764706
6862 0.011764706
18385 0.011764706
18263 0.011764706
16729 0.011764706
7642 0.011764706
5083 0.011764706
14300 0.011764706
5212 0.03529412
19683 0.011764706
3044 0.011764706
16871 0.011764706
7916 0.03529412
1006 0.03529412
2674 0.011764706
11635 0.03529412
2292 0.023529412
1399 0.023529412
15484 0.011764706
11644 0.011764706
3839 0.011764706
