10499 0.010752688
16003 0.06451613
5892 0.010752688
20360 0.010752688
3080 0.010752688
9100 0.010752688
20750 0.010752688
10896 0.010752688
10512 0.06451613
11538 0.021505376
5789 0.010752688
3105 0.021505376
2721 0.010752688
9250 0.010752688
10275 0.010752688
5927 0.010752688
10536 0.010752688
7082 0.010752688
2602 0.010752688
7211 0.010752688
10284 0.010752688
10412 0.010752688
19886 0.010752688
17840 0.010752688
20020 0.010752688
2356 0.010752688
6325 0.010752688
14650 0.010752688
15419 0.010752688
13883 0.010752688
21698 0.010752688
14402 0.021505376
8259 0.043010753
4934 0.010752688
3398 0.010752688
18760 0.021505376
1482 0.010752688
20554 0.010752688
12106 0.010752688
19020 0.010752688
716 0.010752688
10065 0.010752688
9041 0.010752688
3412 0.010752688
18263 0.010752688
20696 0.05376344
13146 0.010752688
19802 0.010752688
11611 0.010752688
2779 0.010752688
4702 0.086021505
6239 0.010752688
7265 0.010752688
5861 0.010752688
20453 0.010752688
18414 0.010752688
11121 0.010752688
884 0.021505376
2293 0.010752688
1399 0.010752688
7160 0.010752688
3323 0.021505376
19198 0.010752688
