15744 0.011494253
6786 0.011494253
16003 0.011494253
10499 0.011494253
8836 0.022988506
20360 0.011494253
3464 0.022988506
16396 0.03448276
15629 0.011494253
10512 0.011494253
20624 0.022988506
17553 0.011494253
4371 0.011494253
11932 0.011494253
10654 0.011494253
20127 0.011494253
3105 0.011494253
9250 0.011494253
16043 0.011494253
10284 0.011494253
13615 0.011494253
8368 0.03448276
4019 0.011494253
20919 0.022988506
3128 0.011494253
18872 0.011494253
21177 0.011494253
11198 0.011494253
15808 0.011494253
4161 0.022988506
10562 0.011494253
3522 0.011494253
14914 0.011494253
5187 0.011494253
8259 0.011494253
4934 0.011494253
12871 0.011494253
7240 0.011494253
716 0.011494253
16717 0.011494253
11598 0.011494253
1488 0.011494253
16724 0.011494253
3412 0.011494253
18263 0.011494253
15961 0.011494253
7897 0.011494253
8668 0.011494253
4702 0.12643678
7265 0.022988506
8422 0.011494253
5608 0.011494253
20712 0.022988506
7914 0.022988506
21872 0.011494253
11121 0.011494253
13041 0.022988506
7282 0.011494253
884 0.022988506
1399 0.011494253
7160 0.011494253
22010 0.011494253
3839 0.011494253
