3456 0.0057471264
12162 0.0057471264
1410 0.0057471264
16387 0.0057471264
11396 0.0057471264
13958 0.0057471264
20360 0.0057471264
4874 0.011494253
9227 0.028735632
16396 0.0057471264
10896 0.0057471264
3216 0.0057471264
6032 0.011494253
13841 0.01724138
9361 0.022988506
6162 0.0057471264
13844 0.011494253
917 0.0057471264
14870 0.01724138
17690 0.0057471264
10651 0.05172414
15900 0.0057471264
11932 0.05172414
15903 0.011494253
6688 0.0057471264
3745 0.0057471264
3105 0.0057471264
11298 0.0057471264
9250 0.0057471264
163 0.0057471264
12451 0.0057471264
14757 0.0057471264
12325 0.011494253
12710 0.011494253
6952 0.0057471264
15528 0.0057471264
1961 0.0057471264
9772 0.011494253
1837 0.0057471264
8111 0.0057471264
17327 0.011494253
8368 0.040229887
10546 0.0057471264
15026 0.011494253
5939 0.0057471264
12468 0.0057471264
14650 0.0057471264
17724 0.0057471264
21950 0.0057471264
3518 0.0057471264
13503 0.0057471264
4161 0.0057471264
1858 0.0057471264
4804 0.0057471264
14788 0.0057471264
3268 0.011494253
1739 0.0057471264
8268 0.0057471264
15949 0.0057471264
17741 0.0057471264
19917 0.0057471264
1488 0.040229887
5589 0.0057471264
20821 0.0057471264
11350 0.0057471264
2390 0.022988506
18263 0.0057471264
4440 0.0057471264
20696 0.028735632
21465 0.040229887
6364 0.011494253
19806 0.011494253
6239 0.0057471264
20959 0.0057471264
16736 0.0057471264
11360 0.0057471264
21345 0.0057471264
21857 0.0057471264
11363 0.0057471264
6116 0.011494253
2278 0.0057471264
8422 0.011494253
18414 0.0057471264
1006 0.0057471264
14191 0.0057471264
21360 0.0057471264
1399 0.011494253
16503 0.05172414
7544 0.0057471264
2041 0.0057471264
3323 0.011494253
5500 0.0057471264
17661 0.0057471264
13565 0.0057471264
7421 0.0057471264
8573 0.011494253
6143 0.0057471264
