16385 0.003012048
8194 0.003012048
3842 0.003012048
15362 0.009036144
4100 0.006024096
6661 0.003012048
5893 0.021084337
17415 0.003012048
12296 0.003012048
5900 0.003012048
2061 0.003012048
15629 0.006024096
2063 0.003012048
10767 0.003012048
2836 0.003012048
21270 0.003012048
6934 0.006024096
20504 0.003012048
19736 0.006024096
6425 0.003012048
4635 0.006024096
15900 0.003012048
19488 0.003012048
5410 0.003012048
38 0.018072288
4903 0.009036144
6952 0.003012048
10025 0.003012048
2602 0.003012048
10284 0.024096385
13613 0.009036144
11825 0.003012048
4915 0.003012048
8243 0.003012048
16692 0.003012048
9526 0.003012048
14650 0.003012048
13883 0.003012048
4923 0.003012048
8508 0.003012048
3645 0.024096385
8254 0.003012048
11327 0.003012048
18239 0.015060241
10817 0.003012048
1858 0.006024096
4934 0.003012048
8263 0.006024096
14153 0.006024096
7757 0.003012048
11598 0.003012048
9552 0.003012048
8021 0.006024096
18774 0.003012048
11607 0.003012048
21345 0.003012048
6243 0.003012048
3430 0.009036144
874 0.003012048
4714 0.009036144
9836 0.003012048
109 0.003012048
13426 0.003012048
21621 0.009036144
19062 0.003012048
9847 0.003012048
20349 0.006024096
19581 0.012048192
15742 0.003012048
7297 0.003012048
16003 0.03313253
8836 0.006024096
12165 0.003012048
9862 0.006024096
12937 0.003012048
19594 0.003012048
20879 0.003012048
11151 0.003012048
6032 0.003012048
10897 0.003012048
9361 0.003012048
17553 0.006024096
1682 0.003012048
3730 0.003012048
20883 0.003012048
18836 0.009036144
8343 0.003012048
8090 0.003012048
10651 0.006024096
11932 0.006024096
4253 0.006024096
13983 0.003012048
674 0.003012048
12710 0.003012048
20648 0.003012048
426 0.003012048
13995 0.003012048
8363 0.003012048
13485 0.006024096
19886 0.024096385
12208 0.003012048
8368 0.018072288
14515 0.003012048
8371 0.006024096
12468 0.003012048
6325 0.003012048
20405 0.027108435
18871 0.003012048
18872 0.003012048
16058 0.003012048
18623 0.006024096
5825 0.003012048
3268 0.003012048
4293 0.003012048
16582 0.003012048
7110 0.009036144
21703 0.003012048
13255 0.003012048
17355 0.003012048
20941 0.003012048
19917 0.006024096
20942 0.003012048
6862 0.003012048
1488 0.009036144
10451 0.03313253
7381 0.009036144
16088 0.003012048
20696 0.030120483
21465 0.009036144
4314 0.003012048
9951 0.003012048
7135 0.003012048
6623 0.006024096
2016 0.009036144
6116 0.012048192
20453 0.003012048
5349 0.003012048
8422 0.003012048
10728 0.003012048
5096 0.003012048
1006 0.012048192
19183 0.006024096
10480 0.030120483
20723 0.003012048
6389 0.003012048
14584 0.003012048
11512 0.057228915
20217 0.003012048
3323 0.042168673
253 0.003012048
22270 0.003012048
6143 0.012048192
3839 0.012048192
