8194 0.021978023
16387 0.010989011
12037 0.010989011
11527 0.010989011
20231 0.010989011
9352 0.010989011
17676 0.010989011
17553 0.010989011
13458 0.010989011
13842 0.010989011
7830 0.010989011
4375 0.010989011
8343 0.021978023
153 0.010989011
8601 0.010989011
19225 0.010989011
537 0.010989011
11932 0.010989011
4510 0.010989011
13983 0.010989011
18340 0.010989011
12583 0.021978023
168 0.010989011
20648 0.010989011
7082 0.010989011
8491 0.010989011
13485 0.010989011
1837 0.010989011
8368 0.010989011
2864 0.010989011
11825 0.010989011
13235 0.021978023
9012 0.010989011
22196 0.010989011
14522 0.010989011
14650 0.032967035
6459 0.021978023
13883 0.021978023
20284 0.010989011
8254 0.010989011
13503 0.010989011
4160 0.010989011
4161 0.032967035
8259 0.032967035
3268 0.010989011
21706 0.010989011
1488 0.010989011
2390 0.010989011
18263 0.010989011
17751 0.010989011
347 0.010989011
16605 0.010989011
9054 0.010989011
17760 0.010989011
16736 0.032967035
20579 0.010989011
5861 0.010989011
14183 0.010989011
3306 0.010989011
18410 0.010989011
10350 0.032967035
18159 0.010989011
19695 0.010989011
14704 0.054945055
5105 0.010989011
1399 0.021978023
2041 0.010989011
15354 0.010989011
2810 0.010989011
15358 0.010989011
