14722 0.00990099
16003 0.00990099
11141 0.00990099
20360 0.00990099
15496 0.00990099
21514 0.00990099
10763 0.00990099
5900 0.00990099
2061 0.00990099
13327 0.01980198
10897 0.00990099
19603 0.00990099
8851 0.00990099
4758 0.00990099
8343 0.02970297
11932 0.01980198
20638 0.00990099
3745 0.00990099
9250 0.01980198
6435 0.00990099
38 0.00990099
12710 0.00990099
13610 0.00990099
298 0.00990099
18731 0.00990099
4141 0.00990099
12206 0.00990099
12208 0.07920792
14385 0.02970297
21556 0.00990099
21813 0.00990099
18872 0.01980198
6201 0.00990099
3645 0.06930693
13503 0.00990099
21312 0.00990099
5825 0.05940594
3522 0.00990099
2243 0.00990099
8259 0.05940594
8263 0.01980198
11598 0.00990099
14798 0.00990099
5329 0.00990099
18771 0.00990099
15061 0.00990099
17751 0.00990099
16471 0.01980198
2393 0.01980198
7642 0.00990099
8797 0.00990099
20579 0.00990099
6116 0.00990099
1006 0.06930693
8561 0.00990099
11635 0.00990099
4980 0.00990099
17653 0.00990099
1399 0.00990099
21752 0.00990099
17661 0.00990099
