8194 0.012987013
8070 0.077922076
4874 0.012987013
9226 0.012987013
5900 0.025974026
3982 0.012987013
14862 0.012987013
17553 0.012987013
6162 0.012987013
4371 0.038961038
21141 0.012987013
10005 0.012987013
21401 0.012987013
4890 0.025974026
11932 0.025974026
12710 0.051948052
15528 0.025974026
9772 0.025974026
13871 0.012987013
11701 0.012987013
13621 0.025974026
8630 0.012987013
11450 0.012987013
14650 0.012987013
4669 0.012987013
21312 0.012987013
11073 0.012987013
4161 0.025974026
14402 0.012987013
8259 0.051948052
4809 0.012987013
19917 0.012987013
11598 0.012987013
718 0.038961038
3792 0.012987013
337 0.012987013
8021 0.012987013
20566 0.012987013
2390 0.025974026
18263 0.012987013
16729 0.012987013
6237 0.012987013
6239 0.012987013
5606 0.012987013
3048 0.012987013
21487 0.012987013
6255 0.012987013
13041 0.012987013
2548 0.012987013
884 0.012987013
9973 0.012987013
5753 0.012987013
17661 0.012987013
5885 0.012987013
