11008 0.0028089888
7680 0.0028089888
18177 0.0028089888
20226 0.0028089888
8194 0.0056179776
9988 0.0056179776
12037 0.0028089888
5638 0.0028089888
14854 0.0028089888
1032 0.0056179776
15882 0.0028089888
4874 0.0028089888
9227 0.0028089888
4107 0.0056179776
12 0.0028089888
5646 0.0028089888
13327 0.0028089888
22035 0.0056179776
4371 0.0056179776
13844 0.0028089888
22036 0.0028089888
13334 0.0028089888
22294 0.0028089888
12823 0.0028089888
21786 0.0028089888
5150 0.0028089888
6688 0.0028089888
9250 0.0028089888
14884 0.0028089888
8743 0.0028089888
552 0.0028089888
3881 0.0028089888
11049 0.0056179776
10025 0.0056179776
13610 0.0028089888
7211 0.0056179776
18734 0.0028089888
11056 0.0028089888
1072 0.0056179776
9776 0.04775281
11825 0.0028089888
10546 0.0028089888
6706 0.0056179776
2356 0.0028089888
14650 0.0056179776
13883 0.0028089888
7999 0.0028089888
4161 0.0028089888
10817 0.0028089888
14402 0.0056179776
8259 0.011235955
13124 0.0028089888
2372 0.0056179776
18501 0.0028089888
18758 0.008426966
6215 0.0028089888
12871 0.0056179776
4169 0.0028089888
15435 0.0028089888
8523 0.0056179776
5452 0.0028089888
7757 0.0028089888
11598 0.011235955
9810 0.0028089888
21588 0.0028089888
8532 0.0028089888
9046 0.0028089888
15704 0.014044944
6237 0.0028089888
13405 0.0028089888
12894 0.0028089888
8288 0.0028089888
21345 0.0028089888
13410 0.0028089888
20579 0.0028089888
19299 0.0028089888
359 0.0028089888
13160 0.0056179776
5481 0.0028089888
5737 0.0028089888
4714 0.0028089888
11883 0.016853932
108 0.0056179776
19053 0.09550562
10095 0.0028089888
19568 0.0028089888
21872 0.0028089888
18290 0.0028089888
11635 0.0028089888
14452 0.0028089888
20596 0.0028089888
884 0.0056179776
1399 0.0028089888
16251 0.0056179776
18044 0.0028089888
11905 0.0028089888
13441 0.0056179776
1410 0.0028089888
21123 0.0028089888
9604 0.0028089888
13452 0.0028089888
9100 0.0028089888
6286 0.0028089888
10896 0.0028089888
16528 0.0028089888
20624 0.0028089888
9361 0.0028089888
17553 0.0028089888
16017 0.0028089888
10897 0.0056179776
1938 0.0028089888
13458 0.008426966
8343 0.0028089888
2199 0.011235955
10905 0.0028089888
153 0.0056179776
8603 0.0028089888
10651 0.0056179776
11932 0.008426966
4510 0.011235955
3233 0.0028089888
18340 0.0028089888
7077 0.0028089888
14757 0.0028089888
5033 0.0028089888
1965 0.0028089888
685 0.0028089888
17327 0.0028089888
8368 0.0056179776
14514 0.008426966
13235 0.0028089888
10677 0.0028089888
8630 0.0056179776
12470 0.011235955
21432 0.0028089888
13249 0.0028089888
20163 0.0028089888
10691 0.0028089888
13251 0.0028089888
19402 0.0028089888
17355 0.0028089888
6091 0.0028089888
8140 0.0028089888
716 0.0056179776
15310 0.0028089888
7375 0.0028089888
8655 0.0056179776
20434 0.0028089888
8146 0.016853932
7124 0.0056179776
1494 0.0028089888
5336 0.0028089888
20696 0.019662922
3288 0.036516853
7897 0.0028089888
18651 0.0028089888
13532 0.02247191
9951 0.0028089888
7135 0.0028089888
4576 0.0028089888
12771 0.0056179776
6116 0.0028089888
3044 0.0028089888
20453 0.0028089888
8422 0.0028089888
16871 0.008426966
20203 0.0028089888
19947 0.0028089888
7916 0.0056179776
1006 0.011235955
18159 0.0028089888
11504 0.0028089888
13041 0.008426966
14578 0.0028089888
1524 0.0028089888
13044 0.0028089888
2293 0.0028089888
21493 0.033707865
1014 0.0028089888
17910 0.0028089888
14838 0.019662922
3323 0.0028089888
3579 0.0056179776
253 0.0056179776
13822 0.0028089888
3839 0.008426966
