7937 0.0036630037
8194 0.0036630037
8709 0.0036630037
5893 0.01831502
9998 0.0036630037
21006 0.0036630037
1295 0.0036630037
10512 0.0036630037
8468 0.014652015
22294 0.0036630037
19736 0.01831502
17690 0.0036630037
8218 0.0036630037
4635 0.025641026
15900 0.0036630037
11549 0.0036630037
6688 0.0036630037
9250 0.0036630037
11298 0.010989011
11299 0.0036630037
21541 0.0036630037
5417 0.0036630037
9769 0.0036630037
17451 0.0036630037
10284 0.01831502
13613 0.01831502
10546 0.0036630037
19250 0.0036630037
20020 0.0036630037
19252 0.0036630037
7479 0.0036630037
14650 0.0036630037
4923 0.0036630037
18749 0.0036630037
6205 0.0073260074
15422 0.0036630037
11327 0.0036630037
319 0.0036630037
18239 0.025641026
4934 0.0036630037
2119 0.0036630037
6215 0.0073260074
9036 0.0036630037
16717 0.0036630037
20813 0.01831502
3922 0.0036630037
84 0.0036630037
14420 0.0036630037
20821 0.0036630037
12629 0.0036630037
17751 0.0036630037
11607 0.0036630037
18263 0.0073260074
13659 0.0036630037
19548 0.0073260074
6239 0.0036630037
18783 0.0036630037
8545 0.0036630037
7265 0.0036630037
15971 0.0036630037
10083 0.0036630037
2662 0.0036630037
3430 0.0073260074
6509 0.0036630037
6510 0.0036630037
18544 0.010989011
7793 0.0036630037
11121 0.0036630037
11635 0.0073260074
884 0.0073260074
13944 0.010989011
19581 0.01831502
2690 0.0036630037
13186 0.0073260074
9862 0.0073260074
19594 0.0036630037
19852 0.0036630037
18064 0.0036630037
20883 0.0036630037
150 0.0036630037
8855 0.0036630037
8343 0.02930403
14490 0.0036630037
8090 0.0036630037
5275 0.0036630037
21403 0.0073260074
5534 0.0036630037
20127 0.0036630037
5025 0.0036630037
3745 0.0073260074
3491 0.0073260074
6308 0.0036630037
20648 0.0036630037
18858 0.0036630037
14514 0.0036630037
2226 0.0036630037
8371 0.0036630037
20405 0.03663004
5825 0.0073260074
7874 0.0036630037
10691 0.0036630037
12228 0.0073260074
2758 0.03663004
14028 0.0036630037
718 0.0073260074
8143 0.0036630037
10451 0.02930403
3288 0.014652015
20696 0.01831502
21465 0.0036630037
16605 0.0073260074
11487 0.0036630037
6623 0.010989011
14560 0.0036630037
14817 0.0073260074
5859 0.010989011
3300 0.014652015
6886 0.0036630037
16871 0.0036630037
7914 0.0036630037
3306 0.0073260074
18414 0.0036630037
1006 0.0036630037
2292 0.0036630037
12020 0.0073260074
21748 0.07326008
5878 0.0036630037
14838 0.021978023
11512 0.04029304
