7680 0.007352941
13952 0.007352941
15744 0.007352941
2690 0.007352941
1410 0.022058824
21123 0.014705882
14982 0.007352941
6409 0.007352941
18057 0.007352941
9100 0.007352941
15629 0.007352941
2061 0.007352941
11151 0.007352941
10767 0.007352941
8208 0.007352941
10256 0.13235295
3730 0.014705882
13458 0.029411765
13844 0.007352941
8343 0.014705882
19098 0.007352941
10651 0.007352941
11932 0.007352941
13983 0.007352941
14752 0.007352941
6688 0.014705882
3745 0.007352941
11298 0.007352941
930 0.007352941
15143 0.007352941
19881 0.036764707
298 0.007352941
7211 0.007352941
18731 0.007352941
19886 0.007352941
1968 0.007352941
11320 0.007352941
14777 0.007352941
4665 0.007352941
14650 0.022058824
6588 0.007352941
7999 0.014705882
21312 0.007352941
4288 0.007352941
10691 0.007352941
8259 0.022058824
10821 0.014705882
2119 0.007352941
1224 0.007352941
21833 0.007352941
13899 0.007352941
13003 0.007352941
13260 0.007352941
14798 0.007352941
6862 0.007352941
12495 0.007352941
14671 0.007352941
1488 0.029411765
9041 0.007352941
21841 0.007352941
17365 0.007352941
20438 0.014705882
18263 0.007352941
16599 0.007352941
5210 0.007352941
16095 0.007352941
7007 0.007352941
16736 0.007352941
21345 0.007352941
19937 0.007352941
6115 0.007352941
5859 0.007352941
6116 0.007352941
20453 0.007352941
16871 0.007352941
5608 0.007352941
5226 0.007352941
3306 0.014705882
18410 0.022058824
11883 0.007352941
1261 0.007352941
13424 0.007352941
12016 0.014705882
4086 0.007352941
16375 0.007352941
1399 0.022058824
12923 0.007352941
16892 0.007352941
6143 0.007352941
7935 0.007352941
