9344 0.011627907
19712 0.011627907
16387 0.011627907
21123 0.023255814
19719 0.011627907
6541 0.011627907
1295 0.023255814
10767 0.023255814
18064 0.011627907
4371 0.023255814
19603 0.046511628
12055 0.011627907
2204 0.011627907
11808 0.011627907
22050 0.034883723
11049 0.011627907
5290 0.034883723
7211 0.011627907
9772 0.011627907
19886 0.011627907
13615 0.011627907
7087 0.034883723
8368 0.011627907
21296 0.011627907
16818 0.011627907
10546 0.011627907
6325 0.011627907
14389 0.023255814
14656 0.011627907
4161 0.011627907
13249 0.011627907
1858 0.011627907
10821 0.023255814
7245 0.011627907
1997 0.011627907
11215 0.011627907
1488 0.011627907
2897 0.011627907
16722 0.011627907
9046 0.023255814
18263 0.023255814
21464 0.011627907
20696 0.034883723
13146 0.011627907
21210 0.023255814
14300 0.011627907
1247 0.011627907
9183 0.011627907
10083 0.011627907
13155 0.023255814
6758 0.034883723
12777 0.011627907
20203 0.011627907
7916 0.011627907
1006 0.011627907
13041 0.011627907
21621 0.011627907
19062 0.011627907
3323 0.011627907
17661 0.011627907
253 0.011627907
3839 0.023255814
