15744 0.013157895
1410 0.013157895
16003 0.02631579
9101 0.013157895
17553 0.013157895
18834 0.013157895
22035 0.013157895
8851 0.02631579
8468 0.013157895
13844 0.013157895
8342 0.013157895
8343 0.02631579
11932 0.013157895
15902 0.013157895
3105 0.013157895
12710 0.02631579
15528 0.013157895
298 0.013157895
14891 0.013157895
13613 0.013157895
13485 0.013157895
19886 0.013157895
8366 0.013157895
17327 0.013157895
10417 0.013157895
8497 0.013157895
10546 0.013157895
8754 0.039473683
8628 0.013157895
5816 0.013157895
571 0.013157895
8259 0.013157895
10691 0.02631579
3268 0.013157895
8261 0.013157895
71 0.013157895
21706 0.013157895
11598 0.013157895
7505 0.013157895
17361 0.013157895
13778 0.013157895
84 0.013157895
6870 0.013157895
4694 0.013157895
11350 0.02631579
9950 0.013157895
2785 0.013157895
3044 0.013157895
6116 0.013157895
11883 0.02631579
10988 0.013157895
9068 0.013157895
1006 0.013157895
18414 0.013157895
3058 0.065789476
20723 0.013157895
11635 0.013157895
12020 0.013157895
1399 0.013157895
4088 0.013157895
13307 0.013157895
2045 0.013157895
5631 0.013157895
