8194 0.014705882
8709 0.007352941
5893 0.014705882
10246 0.011029412
9227 0.0036764706
10767 0.025735294
8468 0.011029412
5396 0.014705882
22294 0.0036764706
19736 0.018382354
4635 0.022058824
14365 0.0036764706
15902 0.011029412
18208 0.0036764706
13857 0.0036764706
20769 0.0036764706
9250 0.0036764706
4903 0.0036764706
13097 0.0036764706
13613 0.025735294
11825 0.0036764706
14129 0.0036764706
20020 0.0036764706
7479 0.0036764706
311 0.011029412
20792 0.0036764706
14650 0.011029412
15422 0.0036764706
12606 0.0036764706
18239 0.025735294
10821 0.014705882
18758 0.0036764706
6215 0.0036764706
8263 0.0036764706
12871 0.0036764706
6727 0.0036764706
4169 0.007352941
16717 0.0036764706
10321 0.0036764706
3922 0.0036764706
16982 0.0036764706
12375 0.0036764706
13659 0.0036764706
4444 0.0036764706
8288 0.0036764706
16736 0.0036764706
3430 0.018382354
15209 0.0036764706
17518 0.011029412
11121 0.0036764706
11635 0.0036764706
10868 0.0036764706
8573 0.0036764706
19581 0.018382354
11141 0.007352941
9862 0.007352941
13958 0.014705882
8070 0.014705882
10897 0.014705882
12180 0.0036764706
917 0.0036764706
8343 0.0036764706
8855 0.0036764706
19865 0.0036764706
10651 0.0036764706
11932 0.007352941
13983 0.0036764706
3745 0.0036764706
15011 0.0036764706
2731 0.0036764706
19886 0.0036764706
17840 0.0036764706
16305 0.0036764706
20405 0.014705882
6584 0.0036764706
14525 0.0036764706
18623 0.0036764706
960 0.0036764706
11718 0.0036764706
1482 0.007352941
11467 0.0036764706
19917 0.011029412
462 0.007352941
13775 0.0036764706
5585 0.0036764706
10451 0.025735294
3288 0.014705882
20696 0.11029412
21465 0.014705882
7642 0.0036764706
13532 0.011029412
18399 0.0036764706
2016 0.0036764706
6116 0.0036764706
5349 0.007352941
7661 0.0036764706
11504 0.0036764706
12016 0.0036764706
20723 0.0036764706
11512 0.05514706
3323 0.007352941
8444 0.007352941
5631 0.0036764706
3839 0.106617644
