3456 0.010526316
16003 0.07368421
11910 0.010526316
10248 0.010526316
9227 0.021052632
9100 0.010526316
14349 0.031578947
13327 0.010526316
10767 0.010526316
10640 0.010526316
10897 0.010526316
13844 0.010526316
13334 0.010526316
8343 0.021052632
2459 0.010526316
11932 0.031578947
15902 0.010526316
31 0.010526316
3745 0.010526316
9634 0.010526316
5924 0.010526316
5033 0.042105265
18734 0.010526316
16305 0.010526316
4277 0.010526316
14777 0.010526316
13883 0.010526316
3645 0.010526316
8259 0.05263158
10821 0.021052632
2758 0.021052632
2119 0.010526316
13897 0.010526316
12365 0.010526316
17486 0.010526316
8021 0.010526316
9685 0.021052632
2393 0.021052632
731 0.010526316
475 0.010526316
20065 0.010526316
7265 0.010526316
3044 0.010526316
6758 0.010526316
2662 0.042105265
13927 0.010526316
15208 0.010526316
20202 0.010526316
7916 0.010526316
1006 0.010526316
12398 0.021052632
20336 0.010526316
13041 0.021052632
18291 0.010526316
1524 0.010526316
884 0.021052632
2293 0.010526316
13301 0.010526316
9975 0.010526316
1399 0.021052632
3323 0.031578947
20349 0.010526316
6143 0.010526316
