8194 0.010416667
3846 0.010416667
22153 0.010416667
5900 0.010416667
18064 0.010416667
8208 0.020833334
10897 0.03125
4371 0.010416667
13844 0.010416667
20501 0.03125
6934 0.010416667
8343 0.020833334
11932 0.041666668
7453 0.010416667
3745 0.010416667
16161 0.010416667
14884 0.010416667
16548 0.020833334
20516 0.020833334
2601 0.020833334
6442 0.010416667
7211 0.010416667
8237 0.010416667
17327 0.010416667
14515 0.0625
19126 0.010416667
2231 0.010416667
14650 0.010416667
1338 0.010416667
19130 0.03125
7228 0.010416667
1853 0.010416667
3262 0.010416667
9539 0.020833334
10821 0.010416667
2758 0.020833334
4934 0.03125
6215 0.010416667
8263 0.03125
9036 0.020833334
11598 0.010416667
2512 0.010416667
21841 0.010416667
13781 0.010416667
8151 0.010416667
17751 0.010416667
21465 0.010416667
11611 0.010416667
21856 0.0625
20579 0.010416667
6116 0.010416667
8422 0.010416667
6886 0.010416667
10605 0.010416667
1006 0.03125
7283 0.010416667
13301 0.010416667
9975 0.010416667
1399 0.020833334
21752 0.010416667
14330 0.010416667
17661 0.010416667
