17665 0.006849315
12291 0.01369863
8837 0.006849315
12037 0.006849315
20357 0.006849315
19847 0.006849315
10248 0.006849315
9352 0.006849315
15625 0.006849315
9100 0.01369863
6286 0.006849315
3982 0.020547945
17935 0.006849315
6032 0.006849315
13844 0.006849315
20501 0.006849315
278 0.006849315
20631 0.006849315
17432 0.01369863
5788 0.006849315
11932 0.020547945
413 0.006849315
6688 0.006849315
17184 0.01369863
3745 0.006849315
163 0.01369863
7460 0.006849315
18340 0.006849315
3749 0.006849315
2854 0.006849315
38 0.006849315
20263 0.006849315
6952 0.006849315
15528 0.006849315
20648 0.01369863
7209 0.006849315
11049 0.006849315
13097 0.061643835
15662 0.006849315
9393 0.006849315
10417 0.006849315
8371 0.006849315
1720 0.006849315
14650 0.020547945
20923 0.006849315
6588 0.006849315
15934 0.006849315
16064 0.006849315
19648 0.006849315
14402 0.006849315
3522 0.01369863
10691 0.01369863
19268 0.006849315
10821 0.006849315
2758 0.01369863
1993 0.006849315
13260 0.01369863
4430 0.006849315
11215 0.006849315
1488 0.01369863
10065 0.006849315
7124 0.006849315
11220 0.006849315
21077 0.006849315
11734 0.06849315
18263 0.05479452
22235 0.01369863
14173 0.006849315
4702 0.006849315
19936 0.08219178
7265 0.01369863
13410 0.020547945
7914 0.02739726
20203 0.020547945
12398 0.006849315
21872 0.01369863
18290 0.020547945
15605 0.01369863
18934 0.006849315
18168 0.006849315
20349 0.006849315
