17665 0.011363637
5892 0.011363637
9352 0.011363637
10388 0.011363637
278 0.011363637
17815 0.011363637
20631 0.011363637
21401 0.011363637
17949 0.011363637
17184 0.011363637
9250 0.011363637
3749 0.022727273
38 0.022727273
5928 0.011363637
20648 0.022727273
13097 0.056818184
16043 0.011363637
9003 0.011363637
4654 0.011363637
13615 0.011363637
1590 0.011363637
2231 0.011363637
2232 0.011363637
20923 0.011363637
6588 0.011363637
12734 0.011363637
15934 0.022727273
21445 0.011363637
9413 0.011363637
12102 0.011363637
4425 0.011363637
19917 0.011363637
4430 0.011363637
1488 0.011363637
5585 0.011363637
7124 0.011363637
19285 0.011363637
11734 0.06818182
18263 0.06818182
14173 0.011363637
4702 0.011363637
6623 0.011363637
19936 0.11363637
15329 0.011363637
7265 0.022727273
13410 0.022727273
20579 0.011363637
16356 0.011363637
13670 0.011363637
7914 0.011363637
21872 0.011363637
18290 0.03409091
1139 0.011363637
884 0.03409091
5631 0.011363637
