2176 0.008928572
12291 0.008928572
16003 0.017857144
14596 0.008928572
8836 0.035714287
20360 0.035714287
10763 0.017857144
16396 0.026785715
15629 0.008928572
20624 0.017857144
917 0.008928572
150 0.008928572
2071 0.017857144
153 0.008928572
5788 0.008928572
11932 0.026785715
15903 0.008928572
3105 0.017857144
9250 0.008928572
2602 0.008928572
16043 0.008928572
10284 0.008928572
4654 0.008928572
13615 0.008928572
8368 0.017857144
19250 0.008928572
14515 0.008928572
20020 0.008928572
20919 0.008928572
3128 0.008928572
18872 0.008928572
14650 0.008928572
4923 0.008928572
4669 0.008928572
13503 0.008928572
4161 0.026785715
14402 0.008928572
1858 0.008928572
21698 0.008928572
8259 0.008928572
4934 0.008928572
8519 0.008928572
16717 0.008928572
1488 0.008928572
3412 0.017857144
14038 0.008928572
18263 0.04464286
21465 0.008928572
7897 0.008928572
8668 0.008928572
2397 0.008928572
14173 0.008928572
4702 0.08035714
1376 0.008928572
7265 0.017857144
4836 0.008928572
6116 0.008928572
20453 0.008928572
6886 0.008928572
8422 0.008928572
5608 0.008928572
20456 0.017857144
15209 0.008928572
6121 0.008928572
7914 0.008928572
8811 0.008928572
1006 0.017857144
21872 0.008928572
13041 0.008928572
11121 0.035714287
2548 0.008928572
22136 0.008928572
3579 0.008928572
18431 0.017857144
