11008 0.009345794
3456 0.009345794
11905 0.009345794
14085 0.009345794
17029 0.009345794
5 0.009345794
12037 0.009345794
4107 0.009345794
21387 0.009345794
14860 0.009345794
11151 0.009345794
10767 0.009345794
13841 0.018691588
17553 0.018691588
13458 0.037383176
8468 0.009345794
3735 0.009345794
8343 0.009345794
11932 0.009345794
12830 0.009345794
3615 0.009345794
928 0.009345794
16544 0.009345794
2721 0.028037382
9250 0.009345794
8355 0.009345794
14757 0.009345794
12710 0.009345794
4903 0.009345794
10023 0.009345794
20648 0.009345794
20523 0.009345794
19755 0.009345794
18731 0.018691588
7212 0.009345794
14381 0.009345794
13485 0.009345794
19886 0.009345794
17327 0.037383176
7090 0.009345794
15154 0.018691588
10546 0.018691588
5939 0.009345794
8885 0.009345794
311 0.009345794
18880 0.009345794
577 0.009345794
3777 0.009345794
14788 0.009345794
2758 0.018691588
21706 0.009345794
21578 0.009345794
13003 0.009345794
3147 0.009345794
13260 0.009345794
12365 0.009345794
1232 0.009345794
5329 0.009345794
18771 0.009345794
12117 0.009345794
20437 0.028037382
21464 0.009345794
20696 0.009345794
3419 0.009345794
21980 0.037383176
21213 0.009345794
7007 0.009345794
16736 0.018691588
20579 0.009345794
20453 0.018691588
16871 0.009345794
359 0.009345794
7914 0.009345794
20203 0.009345794
4205 0.009345794
9071 0.009345794
15472 0.009345794
496 0.018691588
8433 0.009345794
12020 0.009345794
21621 0.009345794
19062 0.009345794
5366 0.009345794
1399 0.009345794
10488 0.009345794
