9100 0.009090909
15629 0.009090909
3469 0.009090909
17553 0.009090909
3859 0.009090909
8851 0.018181818
4371 0.027272727
8343 0.009090909
153 0.018181818
8090 0.027272727
11932 0.018181818
15902 0.009090909
15903 0.009090909
3745 0.009090909
17445 0.009090909
14757 0.009090909
3365 0.018181818
10025 0.018181818
18731 0.009090909
10284 0.10909091
19886 0.009090909
17327 0.009090909
8368 0.009090909
17840 0.009090909
14515 0.027272727
11574 0.009090909
4278 0.009090909
2231 0.009090909
6073 0.009090909
14650 0.018181818
13503 0.009090909
4161 0.009090909
5825 0.009090909
10817 0.018181818
13249 0.018181818
3394 0.009090909
14402 0.018181818
8259 0.036363635
16582 0.009090909
18758 0.009090909
2758 0.009090909
16717 0.009090909
11598 0.009090909
2390 0.009090909
20696 0.009090909
22107 0.009090909
3419 0.018181818
6237 0.009090909
15966 0.009090909
21218 0.009090909
2146 0.018181818
10083 0.009090909
3430 0.009090909
14311 0.027272727
10728 0.018181818
9449 0.009090909
14185 0.009090909
8811 0.009090909
11883 0.018181818
108 0.027272727
1006 0.018181818
16496 0.009090909
13041 0.009090909
21493 0.036363635
1399 0.018181818
14584 0.009090909
11003 0.009090909
3323 0.009090909
