5892 0.028455285
5893 0.016260162
10763 0.0040650405
9227 0.0040650405
15629 0.0040650405
2061 0.0121951215
5396 0.08943089
22294 0.036585364
22296 0.0040650405
19736 0.016260162
1306 0.0040650405
4635 0.008130081
15902 0.0040650405
13343 0.0040650405
9250 0.0121951215
2602 0.0040650405
13610 0.0040650405
10284 0.0040650405
13613 0.0040650405
9518 0.0040650405
4144 0.008130081
311 0.0040650405
7224 0.0040650405
20538 0.0040650405
14650 0.008130081
11327 0.0121951215
18239 0.0121951215
11073 0.0040650405
18497 0.0040650405
5700 0.0040650405
10821 0.0040650405
18758 0.008130081
8263 0.0040650405
2119 0.0040650405
6215 0.0040650405
10065 0.0040650405
6486 0.0040650405
17751 0.0040650405
16983 0.0040650405
3419 0.0040650405
9310 0.0040650405
1376 0.0040650405
1120 0.0040650405
3430 0.008130081
2662 0.0121951215
6248 0.0040650405
13160 0.0040650405
8810 0.0040650405
14442 0.0040650405
15469 0.008130081
2674 0.020325202
11635 0.0040650405
884 0.0040650405
19062 0.008130081
19581 0.024390243
7295 0.0040650405
11396 0.0040650405
11653 0.008130081
9862 0.0121951215
9614 0.0040650405
11151 0.0040650405
18064 0.0040650405
13972 0.0040650405
150 0.0040650405
13463 0.0040650405
8343 0.008130081
11932 0.008130081
3745 0.0040650405
10671 0.0040650405
14515 0.0040650405
8883 0.0040650405
15284 0.0040650405
20405 0.040650405
14011 0.0040650405
12734 0.0040650405
5825 0.008130081
963 0.0040650405
14275 0.0040650405
5318 0.0040650405
14022 0.0040650405
1482 0.008130081
716 0.0040650405
11215 0.0040650405
10451 0.028455285
20696 0.05284553
21465 0.0040650405
6364 0.0040650405
2269 0.0040650405
5861 0.0040650405
6886 0.020325202
14824 0.0040650405
16363 0.0121951215
18414 0.0040650405
1006 0.008130081
19183 0.0040650405
21487 0.0040650405
12016 0.0040650405
12020 0.0040650405
11512 0.05691057
3323 0.008130081
19199 0.0040650405
3839 0.093495935
