8194 0.0052083335
5892 0.0052083335
19461 0.0052083335
12037 0.010416667
20231 0.03125
3080 0.0052083335
4874 0.0052083335
4107 0.0052083335
779 0.0052083335
10767 0.010416667
13844 0.0052083335
5396 0.010416667
22294 0.0052083335
8218 0.0052083335
21786 0.0052083335
14620 0.0052083335
15902 0.0052083335
13855 0.0052083335
3872 0.010416667
16161 0.010416667
6435 0.0052083335
13093 0.0052083335
38 0.010416667
21545 0.0052083335
11049 0.0052083335
2602 0.0052083335
13613 0.0052083335
4654 0.0052083335
11825 0.0052083335
20792 0.0052083335
6713 0.0052083335
14650 0.020833334
7999 0.0052083335
4161 0.0052083335
15426 0.0052083335
8259 0.036458332
2372 0.0052083335
10821 0.0052083335
1097 0.0052083335
6220 0.0052083335
14671 0.010416667
7505 0.0052083335
9041 0.010416667
7252 0.0052083335
2390 0.0052083335
18263 0.010416667
2393 0.0052083335
14682 0.0052083335
18778 0.0052083335
9310 0.0052083335
16736 0.0052083335
1376 0.0052083335
20579 0.0052083335
10083 0.0052083335
5990 0.0052083335
11883 0.0052083335
4464 0.0052083335
21872 0.010416667
3185 0.0052083335
4466 0.0052083335
13170 0.0052083335
11635 0.015625
14966 0.0052083335
19062 0.0052083335
22134 0.0052083335
1399 0.015625
14720 0.0052083335
13186 0.0052083335
1410 0.020833334
8836 0.0052083335
16772 0.0052083335
11655 0.010416667
20107 0.0052083335
6032 0.0052083335
8592 0.0052083335
10897 0.010416667
19603 0.0052083335
18836 0.0052083335
12180 0.0052083335
8342 0.0052083335
4252 0.0052083335
11932 0.0052083335
21404 0.0052083335
5788 0.010416667
15266 0.0052083335
15522 0.0052083335
18340 0.010416667
12710 0.010416667
15528 0.0052083335
13485 0.0052083335
10415 0.0052083335
17327 0.0052083335
10417 0.010416667
12979 0.0052083335
8371 0.0052083335
19893 0.015625
12734 0.010416667
15808 0.0052083335
13249 0.0052083335
3530 0.0052083335
13260 0.0052083335
4556 0.0052083335
11215 0.0052083335
1488 0.0052083335
12497 0.0052083335
20434 0.0052083335
4307 0.0052083335
7124 0.0052083335
6612 0.0052083335
2005 0.0052083335
20437 0.0052083335
20438 0.0052083335
6359 0.0052083335
20696 0.010416667
11482 0.0052083335
4314 0.0052083335
15323 0.0052083335
14300 0.0052083335
13532 0.010416667
6368 0.0052083335
481 0.0052083335
2277 0.0052083335
2791 0.0052083335
7914 0.010416667
20203 0.0052083335
10989 0.0052083335
18414 0.015625
1006 0.020833334
11504 0.0052083335
13041 0.0052083335
241 0.010416667
14584 0.0052083335
7160 0.0052083335
3323 0.0052083335
16892 0.0052083335
10492 0.010416667
3327 0.0052083335
18431 0.010416667
16895 0.015625
