20999 0.010204081
2313 0.010204081
9100 0.010204081
4108 0.030612245
11151 0.010204081
13841 0.010204081
8468 0.010204081
2837 0.010204081
20501 0.020408163
8343 0.030612245
5913 0.010204081
20891 0.010204081
12830 0.020408163
9247 0.010204081
16032 0.010204081
3105 0.010204081
3745 0.010204081
9250 0.010204081
14884 0.010204081
38 0.010204081
15142 0.010204081
9772 0.010204081
8368 0.030612245
20145 0.010204081
21813 0.010204081
2231 0.010204081
15419 0.010204081
6588 0.030612245
1858 0.010204081
10691 0.010204081
8259 0.071428575
4934 0.010204081
16582 0.010204081
7110 0.010204081
2758 0.010204081
8263 0.010204081
2765 0.010204081
3026 0.010204081
9685 0.010204081
7381 0.010204081
16599 0.020408163
3288 0.010204081
13146 0.010204081
20571 0.010204081
731 0.010204081
15196 0.010204081
6623 0.040816326
8545 0.091836736
3044 0.010204081
5861 0.010204081
2791 0.010204081
15975 0.010204081
20841 0.010204081
15465 0.020408163
4714 0.010204081
1006 0.030612245
11121 0.010204081
17649 0.010204081
10101 0.010204081
18038 0.010204081
19062 0.010204081
2041 0.010204081
18427 0.010204081
19199 0.010204081
3327 0.030612245
