5892 0.011363637
14727 0.011363637
3080 0.011363637
15625 0.011363637
15114 0.011363637
4874 0.011363637
10763 0.011363637
4107 0.011363637
13070 0.011363637
8468 0.011363637
5396 0.06818182
278 0.011363637
22294 0.011363637
150 0.011363637
8343 0.022727273
5019 0.011363637
13855 0.011363637
6687 0.011363637
17184 0.011363637
3105 0.011363637
22050 0.011363637
10275 0.011363637
163 0.22727273
7460 0.011363637
13097 0.011363637
13485 0.011363637
22064 0.011363637
311 0.011363637
2231 0.011363637
4025 0.011363637
15934 0.011363637
11328 0.011363637
14402 0.011363637
4930 0.011363637
2758 0.022727273
6215 0.011363637
3530 0.011363637
202 0.011363637
11598 0.011363637
11215 0.022727273
11734 0.03409091
20696 0.011363637
14173 0.011363637
3039 0.011363637
15208 0.011363637
12011 0.011363637
10092 0.022727273
21997 0.022727273
1006 0.011363637
19062 0.011363637
21368 0.011363637
6137 0.03409091
6525 0.011363637
12286 0.011363637
3839 0.011363637
