7680 0.008264462
21123 0.008264462
12291 0.008264462
11655 0.016528925
9352 0.008264462
9100 0.008264462
910 0.008264462
10896 0.008264462
13458 0.008264462
18323 0.008264462
20883 0.016528925
13844 0.008264462
7317 0.016528925
8343 0.008264462
19865 0.008264462
11679 0.008264462
13855 0.008264462
18598 0.008264462
3240 0.008264462
13480 0.024793388
15528 0.024793388
7082 0.008264462
13485 0.008264462
13613 0.008264462
17327 0.008264462
17840 0.008264462
7474 0.008264462
21687 0.008264462
17336 0.049586777
4665 0.008264462
9913 0.008264462
14650 0.016528925
2747 0.008264462
12734 0.008264462
3262 0.008264462
13503 0.008264462
4161 0.008264462
1858 0.008264462
18882 0.008264462
14402 0.016528925
8259 0.016528925
16324 0.024793388
19781 0.008264462
5957 0.016528925
2119 0.008264462
8263 0.016528925
4809 0.008264462
12746 0.016528925
9931 0.008264462
4172 0.008264462
4556 0.041322313
16717 0.008264462
17741 0.008264462
11598 0.008264462
1488 0.008264462
1105 0.008264462
7254 0.024793388
20438 0.049586777
15703 0.008264462
18263 0.008264462
20696 0.008264462
5083 0.008264462
5212 0.008264462
19806 0.008264462
20579 0.008264462
5859 0.008264462
3300 0.008264462
5092 0.024793388
9061 0.016528925
4967 0.008264462
3561 0.008264462
2409 0.008264462
3306 0.016528925
10220 0.008264462
12016 0.008264462
14960 0.008264462
13170 0.008264462
9971 0.008264462
14838 0.008264462
4471 0.008264462
1399 0.03305785
6139 0.008264462
17661 0.008264462
