16129 0.011111111
1410 0.022222223
4100 0.011111111
10502 0.011111111
5901 0.011111111
17935 0.011111111
10767 0.011111111
17553 0.011111111
4371 0.022222223
13844 0.011111111
1812 0.011111111
22294 0.011111111
8343 0.022222223
153 0.011111111
20505 0.011111111
11932 0.011111111
8735 0.011111111
13855 0.011111111
12321 0.011111111
5025 0.022222223
5033 0.011111111
18217 0.022222223
9387 0.011111111
15019 0.011111111
5036 0.011111111
6444 0.011111111
8243 0.011111111
180 0.011111111
8630 0.011111111
18232 0.011111111
14650 0.011111111
4286 0.011111111
15550 0.011111111
14402 0.011111111
8259 0.044444446
18501 0.011111111
18758 0.011111111
2119 0.011111111
17100 0.011111111
12365 0.011111111
17614 0.011111111
1488 0.011111111
7633 0.011111111
13778 0.011111111
20696 0.06666667
7897 0.011111111
21465 0.022222223
16605 0.011111111
13405 0.033333335
22111 0.022222223
16736 0.011111111
7265 0.011111111
21345 0.011111111
11233 0.011111111
3300 0.011111111
6116 0.011111111
12645 0.011111111
2662 0.011111111
10472 0.011111111
7916 0.011111111
6509 0.011111111
1006 0.011111111
10350 0.022222223
21487 0.011111111
13041 0.011111111
7793 0.011111111
884 0.011111111
1399 0.011111111
2041 0.011111111
8573 0.011111111
5631 0.022222223
