8194 0.007518797
16003 0.02255639
9988 0.007518797
12165 0.007518797
8070 0.007518797
20231 0.21804512
15624 0.007518797
9226 0.007518797
4107 0.007518797
18064 0.007518797
10897 0.007518797
6162 0.007518797
4371 0.015037594
8343 0.02255639
538 0.007518797
5788 0.007518797
11932 0.02255639
5149 0.015037594
12580 0.007518797
12324 0.015037594
12710 0.060150377
17578 0.007518797
9772 0.007518797
13613 0.007518797
13485 0.030075189
4014 0.007518797
15150 0.007518797
4654 0.015037594
11825 0.04511278
14514 0.007518797
12979 0.007518797
313 0.007518797
14650 0.02255639
12987 0.007518797
2747 0.007518797
13249 0.007518797
22210 0.007518797
12871 0.007518797
2119 0.007518797
9544 0.007518797
716 0.007518797
13260 0.02255639
16717 0.007518797
11598 0.007518797
20437 0.007518797
8409 0.007518797
15323 0.007518797
731 0.007518797
14300 0.015037594
13532 0.015037594
223 0.007518797
13410 0.007518797
8163 0.007518797
14694 0.007518797
20456 0.007518797
11883 0.007518797
9836 0.007518797
6509 0.007518797
1006 0.02255639
20336 0.007518797
18544 0.007518797
13041 0.007518797
1399 0.02255639
10492 0.015037594
17788 0.015037594
8573 0.015037594
6143 0.007518797
