11265 0.0070921984
13441 0.0070921984
1410 0.0070921984
16003 0.0070921984
16387 0.021276595
13958 0.0070921984
8070 0.0070921984
20231 0.014184397
9352 0.014184397
9100 0.0070921984
15629 0.0070921984
10767 0.014184397
4371 0.014184397
13844 0.014184397
20886 0.0070921984
153 0.0070921984
13721 0.0070921984
19865 0.014184397
17949 0.0070921984
9630 0.0070921984
19232 0.014184397
3105 0.021276595
163 0.0070921984
15524 0.0070921984
21541 0.0070921984
5159 0.0070921984
4903 0.0070921984
6952 0.028368793
11049 0.0070921984
10025 0.014184397
298 0.0070921984
7211 0.0070921984
4654 0.0070921984
19886 0.0070921984
17327 0.014184397
5552 0.0070921984
8368 0.021276595
14514 0.0070921984
4658 0.0070921984
14650 0.028368793
7486 0.0070921984
13503 0.0070921984
6336 0.0070921984
19137 0.0070921984
5825 0.0070921984
14402 0.014184397
10691 0.0070921984
963 0.0070921984
8259 0.014184397
3268 0.0070921984
2372 0.0070921984
10821 0.0070921984
18758 0.0070921984
16582 0.0070921984
2758 0.014184397
21703 0.0070921984
2119 0.0070921984
1482 0.0070921984
716 0.0070921984
462 0.0070921984
11598 0.0070921984
9041 0.0070921984
210 0.0070921984
21588 0.0070921984
11734 0.0070921984
21464 0.0070921984
20696 0.04964539
20185 0.0070921984
21465 0.04964539
4314 0.0070921984
6364 0.0070921984
13532 0.014184397
11360 0.0070921984
13155 0.0070921984
10083 0.0070921984
18148 0.0070921984
6116 0.021276595
5861 0.0070921984
20453 0.0070921984
2791 0.0070921984
3306 0.0070921984
6509 0.0070921984
3950 0.0070921984
1006 0.021276595
21487 0.0070921984
12016 0.0070921984
8048 0.0070921984
13041 0.0070921984
884 0.0070921984
6004 0.0070921984
16886 0.014184397
9975 0.014184397
16250 0.0070921984
3323 0.021276595
16508 0.0070921984
3839 0.0070921984
