7680 0.0035211267
9217 0.0035211267
8194 0.0035211267
18434 0.01056338
4100 0.0035211267
11012 0.0035211267
12037 0.0035211267
14085 0.0070422534
6153 0.01056338
15629 0.0035211267
14607 0.02112676
6162 0.0035211267
10005 0.0035211267
7447 0.0035211267
7193 0.0035211267
16156 0.0070422534
17949 0.0035211267
10014 0.0035211267
12830 0.0035211267
6688 0.0035211267
17184 0.0035211267
16161 0.0035211267
5410 0.01056338
10275 0.0035211267
38 0.0035211267
10793 0.0035211267
298 0.014084507
20523 0.0035211267
7211 0.0070422534
13613 0.0035211267
8237 0.0035211267
20270 0.0035211267
10546 0.0070422534
15414 0.0035211267
7990 0.0035211267
3638 0.0035211267
20280 0.0070422534
15417 0.0035211267
14650 0.01056338
8254 0.0035211267
7999 0.0035211267
10303 0.0035211267
9025 0.0035211267
4161 0.0070422534
10562 0.0035211267
8259 0.0070422534
18758 0.0035211267
8263 0.0070422534
22089 0.0035211267
17738 0.0035211267
16717 0.0070422534
6477 0.02112676
11598 0.0070422534
16719 0.0035211267
1105 0.01056338
9298 0.0035211267
21076 0.0035211267
20821 0.0035211267
1110 0.0035211267
11607 0.0035211267
18263 0.014084507
4440 0.0035211267
5212 0.0035211267
11360 0.0035211267
21345 0.0035211267
4194 0.0070422534
13410 0.014084507
5219 0.0035211267
12899 0.0035211267
20579 0.014084507
6501 0.0035211267
5990 0.0035211267
359 0.0035211267
20584 0.0035211267
16744 0.0035211267
5481 0.0070422534
15476 0.0035211267
21876 0.0035211267
20598 0.0035211267
4471 0.0070422534
1399 0.01056338
18040 0.0035211267
6525 0.0035211267
12669 0.0035211267
13441 0.014084507
7299 0.0035211267
21638 0.0035211267
20360 0.0035211267
20876 0.0035211267
9100 0.0035211267
20624 0.0035211267
10896 0.0035211267
3730 0.0035211267
18323 0.0035211267
20883 0.01056338
8343 0.038732395
22169 0.0035211267
13722 0.0035211267
19355 0.0035211267
21403 0.0035211267
5788 0.0035211267
16796 0.0035211267
11932 0.0070422534
4510 0.0035211267
3487 0.0035211267
2721 0.0035211267
8355 0.0070422534
18599 0.0070422534
2728 0.0035211267
11181 0.0035211267
17327 0.0070422534
9139 0.0035211267
3764 0.0035211267
10677 0.0035211267
8630 0.0035211267
12470 0.0035211267
11958 0.0035211267
4025 0.0035211267
12476 0.0035211267
8636 0.0035211267
14525 0.0035211267
14270 0.0035211267
13503 0.0035211267
16064 0.0070422534
13760 0.0070422534
18370 0.0035211267
3268 0.0035211267
3524 0.0035211267
14533 0.014084507
1224 0.0035211267
21194 0.0035211267
4556 0.01056338
3792 0.0035211267
1488 0.01056338
5585 0.0035211267
20434 0.0070422534
6612 0.0035211267
20437 0.0035211267
20438 0.01056338
20696 0.024647888
4314 0.0035211267
11482 0.0035211267
12765 0.0070422534
14302 0.0035211267
735 0.0035211267
4576 0.0035211267
4832 0.0035211267
5857 0.0035211267
19683 0.0035211267
5859 0.0070422534
6116 0.0035211267
16356 0.0070422534
5092 0.024647888
20965 0.0035211267
20453 0.0035211267
20198 0.0035211267
6886 0.0035211267
16871 0.0035211267
3306 0.0035211267
7914 0.0070422534
15854 0.0035211267
1006 0.01056338
16367 0.0035211267
8175 0.0035211267
21487 0.01056338
18159 0.01056338
12016 0.0035211267
13041 0.01056338
6643 0.0035211267
21493 0.0035211267
2041 0.0035211267
14585 0.0035211267
20217 0.01056338
14330 0.014084507
7421 0.0035211267
20222 0.0035211267
3327 0.0035211267
