5122 0.006666667
9988 0.006666667
261 0.006666667
21254 0.006666667
21512 0.006666667
10763 0.006666667
9227 0.006666667
7952 0.006666667
6162 0.006666667
4371 0.013333334
13844 0.006666667
5396 0.013333334
22294 0.006666667
3097 0.006666667
21786 0.006666667
10780 0.006666667
4387 0.006666667
12325 0.006666667
21541 0.006666667
11049 0.006666667
18731 0.006666667
8237 0.006666667
13615 0.006666667
2864 0.006666667
11825 0.006666667
19250 0.006666667
10546 0.006666667
21813 0.006666667
6455 0.006666667
1335 0.006666667
14650 0.006666667
5434 0.006666667
8508 0.006666667
3645 0.006666667
15422 0.006666667
14401 0.006666667
8259 0.026666667
10821 0.013333334
4934 0.006666667
18758 0.013333334
21585 0.006666667
9041 0.006666667
11350 0.006666667
16474 0.006666667
11360 0.006666667
20065 0.006666667
7265 0.006666667
13410 0.013333334
8035 0.006666667
20579 0.006666667
10083 0.013333334
2662 0.006666667
359 0.006666667
8297 0.006666667
20588 0.006666667
10605 0.006666667
18032 0.006666667
21872 0.013333334
11635 0.02
18805 0.006666667
21621 0.013333334
1399 0.02
5753 0.006666667
7292 0.006666667
1410 0.006666667
16003 0.02
8837 0.026666667
9352 0.006666667
2188 0.006666667
3982 0.006666667
8592 0.013333334
17553 0.006666667
13714 0.006666667
16530 0.006666667
20883 0.013333334
8343 0.006666667
153 0.006666667
3739 0.013333334
16543 0.006666667
17313 0.006666667
2721 0.006666667
163 0.006666667
12710 0.006666667
12206 0.006666667
9139 0.006666667
14515 0.013333334
10677 0.006666667
6336 0.006666667
3522 0.006666667
16835 0.006666667
21445 0.02
2758 0.02
16841 0.006666667
7116 0.006666667
13773 0.006666667
19917 0.006666667
9685 0.013333334
20696 0.013333334
12765 0.013333334
2785 0.006666667
5859 0.006666667
20453 0.013333334
15078 0.006666667
1006 0.013333334
12016 0.006666667
13041 0.006666667
1524 0.006666667
2293 0.006666667
18677 0.006666667
22010 0.006666667
14330 0.006666667
3323 0.02
13566 0.006666667
18431 0.013333334
