5892 0.010526316
12037 0.010526316
12937 0.021052632
4874 0.010526316
10763 0.010526316
16396 0.010526316
20493 0.010526316
10897 0.010526316
17553 0.010526316
13844 0.010526316
9621 0.010526316
22294 0.010526316
3735 0.021052632
5914 0.021052632
21275 0.010526316
11932 0.021052632
17949 0.021052632
18463 0.031578947
545 0.031578947
5926 0.010526316
4903 0.010526316
21545 0.010526316
10284 0.031578947
19886 0.031578947
431 0.010526316
22064 0.010526316
2864 0.021052632
9139 0.010526316
3252 0.010526316
12980 0.010526316
6325 0.010526316
311 0.010526316
1976 0.010526316
16058 0.010526316
14650 0.010526316
5691 0.010526316
10562 0.010526316
963 0.010526316
8259 0.042105265
10821 0.010526316
18758 0.010526316
11590 0.010526316
8263 0.010526316
12495 0.010526316
18263 0.010526316
9432 0.010526316
20696 0.010526316
15966 0.010526316
6623 0.031578947
10467 0.010526316
2662 0.010526316
233 0.010526316
6509 0.010526316
1006 0.031578947
16496 0.05263158
5105 0.010526316
18290 0.010526316
13301 0.010526316
14198 0.010526316
21110 0.010526316
14838 0.042105265
9975 0.010526316
1399 0.021052632
7160 0.010526316
17017 0.010526316
3323 0.010526316
