5184 0.014492754
11073 0.014492754
3268 0.014492754
19461 0.014492754
18501 0.014492754
16582 0.014492754
8263 0.04347826
3339 0.014492754
7116 0.014492754
10767 0.028985508
6032 0.014492754
3792 0.028985508
9041 0.014492754
8342 0.014492754
150 0.014492754
8855 0.014492754
18263 0.10144927
5722 0.014492754
13210 0.014492754
14625 0.014492754
9570 0.028985508
13410 0.057971016
20579 0.028985508
16356 0.014492754
18340 0.028985508
4075 0.014492754
2476 0.028985508
1006 0.014492754
18414 0.028985508
17327 0.014492754
11568 0.014492754
4337 0.014492754
1073 0.014492754
16818 0.014492754
2293 0.014492754
21621 0.04347826
1399 0.028985508
2231 0.028985508
3128 0.014492754
1400 0.014492754
2041 0.014492754
19385 0.014492754
6201 0.028985508
6588 0.014492754
6143 0.014492754
13503 0.014492754
