14720 0.0125
13186 0.0125
16772 0.0125
12037 0.0125
13190 0.0125
9352 0.0125
9100 0.0125
3982 0.0125
4371 0.0125
8343 0.0125
21401 0.0125
10649 0.0125
153 0.0125
13600 0.0125
15522 0.0125
18340 0.05
2602 0.0125
13613 0.0125
15662 0.0125
8371 0.0125
9139 0.0125
15934 0.0125
13377 0.0125
1473 0.0125
14402 0.025
12869 0.0125
10184 0.025
1488 0.0125
9046 0.0125
18263 0.05
13273 0.0125
21465 0.0125
15065 0.025
14682 0.025
14173 0.0125
737 0.0125
13538 0.0125
13410 0.025
20453 0.0125
2277 0.15
18154 0.0125
7914 0.025
19183 0.0125
13426 0.0125
884 0.0125
1399 0.025
6780 0.0125
16892 0.0125
3327 0.0125
19199 0.0125
18431 0.075
