256 0.009615385
18822 0.009615385
15120 0.009615385
5269 0.009615385
8343 0.009615385
5913 0.009615385
15003 0.009615385
14620 0.009615385
4253 0.009615385
21278 0.009615385
13857 0.009615385
11298 0.009615385
4903 0.009615385
15528 0.009615385
10794 0.009615385
13485 0.009615385
13613 0.009615385
14381 0.009615385
19886 0.009615385
22064 0.028846154
10546 0.009615385
180 0.009615385
14650 0.03846154
6459 0.009615385
6588 0.057692308
7999 0.009615385
8259 0.01923077
2372 0.01923077
9412 0.01923077
9413 0.01923077
2758 0.03846154
21578 0.009615385
5580 0.01923077
19922 0.009615385
14423 0.009615385
21464 0.009615385
20696 0.01923077
16729 0.009615385
20571 0.009615385
6368 0.009615385
6116 0.009615385
5991 0.009615385
18408 0.009615385
19690 0.009615385
3306 0.22115384
11883 0.009615385
1006 0.028846154
13039 0.009615385
9071 0.009615385
9201 0.009615385
13041 0.009615385
2674 0.009615385
22134 0.01923077
20598 0.01923077
1399 0.01923077
2041 0.009615385
11644 0.009615385
20604 0.009615385
