8194 0.010309278
21378 0.05154639
21123 0.010309278
7301 0.010309278
18566 0.010309278
4874 0.010309278
10763 0.010309278
2188 0.010309278
10897 0.020618556
13714 0.010309278
12563 0.010309278
4371 0.010309278
16409 0.030927835
11932 0.020618556
6687 0.010309278
12704 0.030927835
9250 0.010309278
15528 0.010309278
22185 0.020618556
7211 0.030927835
17327 0.010309278
8368 0.010309278
2096 0.010309278
1072 0.020618556
8754 0.010309278
180 0.010309278
13621 0.010309278
12470 0.010309278
17336 0.020618556
8254 0.010309278
18623 0.010309278
5696 0.010309278
21698 0.010309278
10691 0.010309278
8259 0.020618556
12996 0.010309278
10821 0.010309278
16582 0.010309278
13255 0.010309278
8263 0.010309278
19917 0.010309278
3022 0.010309278
16847 0.010309278
12495 0.010309278
7506 0.010309278
3922 0.010309278
7124 0.041237112
8662 0.010309278
20696 0.010309278
1114 0.010309278
9952 0.010309278
1762 0.010309278
10083 0.010309278
5736 0.010309278
15209 0.010309278
15469 0.010309278
1006 0.010309278
1262 0.010309278
3057 0.010309278
18290 0.020618556
756 0.010309278
1399 0.010309278
3705 0.14432989
5631 0.010309278
