7680 0.0029069767
5893 0.014534884
4870 0.0029069767
19463 0.0029069767
519 0.0029069767
5128 0.0029069767
6409 0.0029069767
10763 0.0029069767
15629 0.0029069767
10767 0.0058139535
8208 0.008720931
13844 0.0029069767
2836 0.017441861
22294 0.0029069767
19736 0.0058139535
4635 0.017441861
5660 0.0029069767
21535 0.0029069767
20516 0.011627907
4647 0.0029069767
20520 0.0029069767
8237 0.0029069767
13613 0.008720931
1072 0.0029069767
9265 0.0029069767
4658 0.0029069767
10546 0.0029069767
5429 0.0029069767
14903 0.0029069767
11327 0.0029069767
18239 0.0058139535
319 0.0058139535
4165 0.0029069767
10821 0.011627907
14153 0.0029069767
20554 0.008720931
8270 0.0029069767
11598 0.0029069767
12624 0.014534884
2897 0.0058139535
3154 0.0029069767
18774 0.008720931
14679 0.0029069767
17751 0.0058139535
10331 0.0058139535
9310 0.0029069767
21345 0.0029069767
4963 0.0029069767
15971 0.0029069767
20579 0.0029069767
6243 0.0029069767
3430 0.0029069767
15209 0.0058139535
874 0.0029069767
21872 0.008720931
19062 0.0029069767
11643 0.0029069767
19581 0.029069768
11141 0.0058139535
3719 0.0029069767
13448 0.0029069767
21384 0.008720931
8843 0.0029069767
7565 0.0058139535
6286 0.014534884
11151 0.023255814
400 0.0029069767
20624 0.0029069767
8592 0.0058139535
9361 0.0058139535
8852 0.0029069767
917 0.0058139535
7830 0.0029069767
8343 0.0029069767
11672 0.0029069767
21401 0.0029069767
5019 0.008720931
10651 0.034883723
17820 0.0029069767
11932 0.008720931
20127 0.0029069767
3745 0.0058139535
5025 0.011627907
15011 0.0029069767
11684 0.0029069767
1448 0.0029069767
13485 0.0029069767
19886 0.008720931
8368 0.02616279
14514 0.008720931
8371 0.0029069767
20405 0.017441861
8890 0.0029069767
16572 0.0029069767
21180 0.0029069767
12734 0.0058139535
5056 0.0029069767
1473 0.0029069767
5825 0.0029069767
12738 0.0058139535
6339 0.0029069767
10691 0.011627907
4293 0.0029069767
2758 0.008720931
10184 0.0029069767
21704 0.014534884
3530 0.0029069767
1482 0.0029069767
5585 0.0029069767
10451 0.037790697
20437 0.0029069767
18134 0.04360465
20696 0.06104651
7897 0.0029069767
4314 0.0029069767
6875 0.0029069767
12765 0.0029069767
6623 0.0029069767
19169 0.0029069767
8163 0.0029069767
10467 0.0029069767
6116 0.0058139535
9445 0.0029069767
5349 0.0029069767
20453 0.0058139535
6888 0.0029069767
20203 0.0029069767
16621 0.0029069767
1006 0.011627907
18159 0.0029069767
19183 0.0029069767
2288 0.0029069767
12016 0.011627907
13299 0.0029069767
12020 0.0029069767
13301 0.0029069767
9973 0.0029069767
21752 0.0029069767
11512 0.05232558
2041 0.0029069767
14330 0.0029069767
3323 0.031976745
19199 0.0058139535
6143 0.008720931
