5892 0.007352941
3339 0.007352941
9227 0.007352941
15629 0.007352941
13841 0.007352941
6162 0.007352941
4371 0.014705882
13844 0.007352941
7193 0.007352941
4633 0.014705882
15900 0.007352941
5150 0.007352941
12830 0.007352941
17184 0.007352941
11298 0.007352941
9250 0.007352941
38 0.007352941
13097 0.022058824
4654 0.007352941
5424 0.007352941
20020 0.007352941
14650 0.007352941
15934 0.007352941
9025 0.007352941
4161 0.014705882
8259 0.022058824
18758 0.022058824
8263 0.007352941
12871 0.014705882
2632 0.007352941
7752 0.014705882
11598 0.007352941
7505 0.007352941
19286 0.007352941
18263 0.073529415
6237 0.007352941
14173 0.007352941
12894 0.007352941
6239 0.007352941
5471 0.007352941
16481 0.007352941
13922 0.007352941
13155 0.007352941
5990 0.014705882
5481 0.007352941
4205 0.007352941
11635 0.05147059
19062 0.014705882
1912 0.007352941
20091 0.007352941
12669 0.007352941
3455 0.014705882
15744 0.007352941
11905 0.007352941
18817 0.007352941
13186 0.007352941
14727 0.007352941
1422 0.007352941
3982 0.007352941
9875 0.007352941
15260 0.007352941
3243 0.007352941
19886 0.007352941
12464 0.007352941
180 0.007352941
6836 0.007352941
4286 0.007352941
703 0.007352941
6336 0.007352941
3524 0.014705882
9157 0.007352941
21445 0.014705882
2758 0.007352941
16582 0.007352941
5577 0.007352941
1737 0.007352941
3530 0.007352941
13260 0.007352941
20942 0.007352941
1488 0.007352941
5585 0.007352941
3794 0.007352941
14806 0.014705882
3288 0.007352941
20696 0.014705882
10714 0.007352941
12765 0.007352941
7135 0.007352941
4832 0.007352941
5859 0.014705882
16356 0.007352941
3044 0.014705882
10218 0.007352941
7916 0.007352941
13041 0.007352941
17655 0.007352941
14330 0.014705882
3579 0.007352941
4349 0.007352941
3327 0.007352941
