16064 0.014084507
2176 0.028169014
8194 0.014084507
10691 0.014084507
8259 0.04225352
16582 0.014084507
6215 0.014084507
9227 0.09859155
1105 0.014084507
1746 0.028169014
4371 0.014084507
20821 0.014084507
8343 0.014084507
18263 0.056338027
20696 0.014084507
13210 0.014084507
12250 0.014084507
16481 0.014084507
16356 0.014084507
19877 0.014084507
2662 0.014084507
15528 0.014084507
4969 0.014084507
12585 0.014084507
11049 0.028169014
169 0.07042254
3818 0.014084507
14699 0.04225352
1324 0.014084507
13613 0.056338027
4654 0.014084507
16367 0.014084507
17327 0.028169014
882 0.014084507
7090 0.014084507
9139 0.014084507
11635 0.014084507
14838 0.014084507
12662 0.014084507
9975 0.014084507
1399 0.028169014
14650 0.04225352
4286 0.014084507
15934 0.014084507
