8194 0.0026809652
3080 0.0026809652
6409 0.0026809652
7433 0.0026809652
777 0.021447722
4874 0.0026809652
523 0.0026809652
16396 0.042895444
9742 0.0026809652
10767 0.0026809652
10512 0.0026809652
4371 0.0053619305
13844 0.0026809652
5396 0.06702413
22294 0.0053619305
12055 0.0053619305
13853 0.0026809652
31 0.0026809652
18208 0.0026809652
9250 0.0026809652
7971 0.0026809652
38 0.0026809652
5926 0.008042895
20263 0.0026809652
18217 0.0026809652
298 0.0026809652
7211 0.0026809652
21291 0.0026809652
10284 0.0053619305
1837 0.010723861
18222 0.0026809652
10546 0.0026809652
19250 0.0026809652
8243 0.0026809652
1076 0.0026809652
10038 0.0026809652
311 0.0026809652
14903 0.0026809652
14650 0.013404826
319 0.0053619305
4161 0.0026809652
14402 0.021447722
12611 0.0026809652
12355 0.0026809652
8259 0.024128687
18501 0.0026809652
4934 0.008042895
12871 0.0026809652
2632 0.0026809652
22089 0.0026809652
21840 0.0026809652
9810 0.0026809652
8277 0.0026809652
12885 0.0026809652
18774 0.0026809652
11607 0.0026809652
18263 0.010723861
9565 0.0026809652
7261 0.0053619305
13917 0.029490616
12894 0.0026809652
11360 0.0026809652
13410 0.0053619305
14179 0.0026809652
6243 0.0026809652
6501 0.0026809652
6758 0.0026809652
359 0.0053619305
5481 0.0026809652
17513 0.0026809652
4714 0.008042895
17262 0.0026809652
3950 0.008042895
18800 0.0026809652
8561 0.0026809652
11121 0.0026809652
20598 0.0026809652
17017 0.0026809652
13433 0.0053619305
15484 0.0026809652
6013 0.0026809652
13441 0.010723861
1411 0.0026809652
15239 0.0026809652
20360 0.0026809652
12940 0.0026809652
9100 0.0053619305
1166 0.0026809652
14992 0.0026809652
20624 0.0053619305
17553 0.0026809652
10897 0.0053619305
21398 0.0026809652
17559 0.0026809652
5783 0.0026809652
8855 0.0053619305
3735 0.008042895
8343 0.01608579
10649 0.0026809652
13721 0.0026809652
14490 0.0026809652
18842 0.0053619305
21403 0.0026809652
10651 0.0053619305
156 0.0026809652
11932 0.024128687
19870 0.0026809652
3489 0.0026809652
21666 0.0026809652
9123 0.0026809652
18340 0.008042895
7077 0.0026809652
11944 0.0026809652
13485 0.008042895
19886 0.01608579
18863 0.0026809652
17327 0.008042895
16304 0.0026809652
8368 0.026809651
10417 0.0053619305
8371 0.0026809652
6325 0.008042895
19126 0.0026809652
12728 0.0026809652
18872 0.0026809652
6588 0.0053619305
19646 0.0026809652
13503 0.0026809652
19647 0.010723861
9412 0.0026809652
3268 0.0053619305
16582 0.0026809652
21704 0.0026809652
1482 0.021447722
717 0.0026809652
20942 0.0026809652
21968 0.0026809652
1488 0.010723861
5585 0.010723861
20434 0.0026809652
3288 0.0026809652
20696 0.029490616
9433 0.0026809652
7897 0.0026809652
217 0.0026809652
21465 0.018766755
13532 0.0053619305
10467 0.0053619305
16356 0.0026809652
20453 0.0053619305
6886 0.021447722
2791 0.0026809652
10728 0.0026809652
4841 0.0026809652
7914 0.0026809652
13550 0.0026809652
1006 0.0026809652
21487 0.013404826
17136 0.0026809652
12016 0.008042895
13041 0.0026809652
4082 0.0026809652
21235 0.0026809652
7669 0.0053619305
2293 0.0053619305
17910 0.0026809652
20217 0.0026809652
3323 0.008042895
5631 0.0026809652
3839 0.013404826
