14402 0.016666668
8259 0.05
4100 0.016666668
18116 0.016666668
5061 0.016666668
14085 0.016666668
12871 0.05
9352 0.033333335
3850 0.016666668
17867 0.016666668
6091 0.016666668
10380 0.016666668
6092 0.016666668
11151 0.016666668
12495 0.033333335
2897 0.016666668
4371 0.016666668
21076 0.016666668
6932 0.016666668
21398 0.033333335
18263 0.016666668
9431 0.016666668
20696 0.05
1306 0.016666668
11932 0.016666668
17885 0.016666668
12894 0.016666668
7648 0.016666668
6368 0.033333335
18401 0.016666668
3745 0.016666668
15528 0.016666668
3240 0.05
10412 0.016666668
20079 0.016666668
17136 0.016666668
11440 0.016666668
8497 0.016666668
11825 0.016666668
9139 0.016666668
9716 0.016666668
10357 0.016666668
8246 0.016666668
13689 0.016666668
14650 0.016666668
13883 0.016666668
20989 0.016666668
125 0.016666668
