9988 0.006993007
14085 0.006993007
519 0.013986014
14090 0.006993007
6162 0.006993007
4371 0.013986014
5396 0.02097902
20501 0.006993007
7193 0.006993007
15135 0.006993007
9250 0.006993007
22050 0.006993007
20263 0.006993007
17450 0.006993007
13610 0.006993007
13613 0.006993007
8237 0.04895105
4654 0.013986014
15154 0.02097902
11315 0.006993007
20020 0.006993007
3130 0.013986014
14650 0.013986014
22077 0.006993007
4161 0.006993007
8259 0.034965035
18758 0.006993007
8263 0.006993007
337 0.006993007
18263 0.02097902
15196 0.013986014
13410 0.013986014
10083 0.006993007
13670 0.006993007
14694 0.013986014
10344 0.006993007
5481 0.006993007
2410 0.006993007
11635 0.02097902
1399 0.027972028
13186 0.006993007
2690 0.006993007
1410 0.013986014
20360 0.006993007
20107 0.013986014
6286 0.013986014
20367 0.006993007
21136 0.006993007
13458 0.006993007
403 0.006993007
10389 0.006993007
21398 0.013986014
8343 0.006993007
21401 0.006993007
153 0.006993007
16539 0.006993007
11932 0.006993007
18077 0.006993007
2721 0.02097902
8870 0.006993007
11430 0.027972028
169 0.006993007
13485 0.006993007
17327 0.006993007
12464 0.006993007
10417 0.006993007
2231 0.006993007
4025 0.006993007
1722 0.006993007
13503 0.006993007
16064 0.006993007
6336 0.006993007
9666 0.006993007
10691 0.006993007
14788 0.006993007
18378 0.006993007
13260 0.006993007
716 0.013986014
1997 0.006993007
19917 0.006993007
11986 0.006993007
1746 0.006993007
11222 0.006993007
20696 0.006993007
11482 0.006993007
4832 0.006993007
16097 0.006993007
12002 0.006993007
8422 0.02097902
3306 0.006993007
18155 0.006993007
10988 0.006993007
1006 0.013986014
15087 0.006993007
16625 0.006993007
20213 0.006993007
2550 0.006993007
3323 0.013986014
3068 0.006993007
6143 0.006993007
