9408 0.09677419
5825 0.016129032
14402 0.016129032
1858 0.016129032
8259 0.09677419
4165 0.016129032
8837 0.048387095
13767 0.032258064
4874 0.016129032
4107 0.048387095
10767 0.032258064
9041 0.016129032
14545 0.016129032
977 0.016129032
21137 0.06451613
2390 0.016129032
150 0.016129032
8343 0.016129032
12312 0.016129032
153 0.016129032
17690 0.016129032
10331 0.016129032
11932 0.016129032
10845 0.016129032
4573 0.016129032
5025 0.032258064
21541 0.016129032
12710 0.032258064
10025 0.016129032
11883 0.032258064
4654 0.016129032
11635 0.032258064
20598 0.016129032
15607 0.016129032
20792 0.016129032
17336 0.032258064
14650 0.016129032
3389 0.016129032
