1540 0.0037313432
8709 0.0037313432
5893 0.01119403
17415 0.0074626864
5900 0.0037313432
10767 0.01119403
10259 0.0037313432
13844 0.0074626864
22294 0.0074626864
13334 0.0074626864
19736 0.014925373
8475 0.0037313432
4635 0.026119404
11298 0.0074626864
9250 0.018656716
20516 0.0074626864
21541 0.01119403
18731 0.0037313432
13613 0.01119403
4915 0.0037313432
20020 0.0037313432
21044 0.0037313432
21813 0.0037313432
311 0.0037313432
3128 0.0037313432
14650 0.01119403
4669 0.0074626864
11327 0.0074626864
18239 0.018656716
3648 0.0037313432
18758 0.01119403
2119 0.0037313432
6215 0.0037313432
8263 0.0037313432
16717 0.0037313432
3922 0.0037313432
9810 0.0037313432
20821 0.0037313432
15959 0.0037313432
10331 0.018656716
13919 0.0037313432
6239 0.01119403
15971 0.0037313432
5229 0.0037313432
6509 0.0074626864
11635 0.014925373
10868 0.0074626864
21621 0.0037313432
16505 0.01119403
19581 0.03358209
14468 0.0037313432
9862 0.0037313432
3462 0.0074626864
3982 0.0037313432
6286 0.01119403
18064 0.0037313432
9361 0.02238806
8852 0.0037313432
150 0.0037313432
8855 0.0037313432
8856 0.0037313432
19865 0.0037313432
5019 0.0037313432
10651 0.018656716
11932 0.0037313432
4510 0.0037313432
3745 0.0037313432
8097 0.0037313432
5025 0.0074626864
15011 0.0074626864
14757 0.0037313432
7082 0.0074626864
19886 0.0037313432
8368 0.018656716
14514 0.0037313432
14515 0.0074626864
21428 0.0037313432
20405 0.026119404
2231 0.0037313432
20153 0.0037313432
19130 0.0037313432
15808 0.0037313432
8384 0.01119403
14273 0.0037313432
5825 0.014925373
7363 0.0037313432
16582 0.0074626864
10184 0.0037313432
16846 0.0037313432
14798 0.0037313432
11215 0.0037313432
9935 0.02238806
1488 0.0037313432
10451 0.018656716
20437 0.0037313432
214 0.0037313432
3288 0.0037313432
20696 0.0858209
1241 0.0037313432
21465 0.0074626864
13532 0.0074626864
6623 0.0037313432
5859 0.0037313432
6116 0.0037313432
5349 0.0037313432
8422 0.0037313432
2791 0.0037313432
20203 0.0037313432
1006 0.0037313432
8175 0.0037313432
2292 0.0037313432
1524 0.0037313432
16886 0.0037313432
11512 0.10074627
3323 0.0074626864
5631 0.0037313432
19199 0.0037313432
6143 0.0037313432
