4161 0.07317073
8259 0.048780486
10821 0.024390243
18758 0.024390243
71 0.024390243
8263 0.024390243
4874 0.024390243
9100 0.024390243
16717 0.024390243
1295 0.024390243
1488 0.024390243
5585 0.024390243
18263 0.024390243
17751 0.048780486
20696 0.024390243
153 0.024390243
21401 0.024390243
14300 0.024390243
13532 0.024390243
19548 0.024390243
6116 0.024390243
20453 0.024390243
12710 0.024390243
10025 0.07317073
19757 0.024390243
17840 0.048780486
13041 0.024390243
4658 0.024390243
12595 0.024390243
16755 0.024390243
13621 0.048780486
1399 0.024390243
15484 0.024390243
