7680 0.020833334
5892 0.020833334
8070 0.020833334
4874 0.020833334
8970 0.020833334
10763 0.020833334
9293 0.020833334
19917 0.020833334
11598 0.020833334
8592 0.020833334
1427 0.020833334
4371 0.041666668
7252 0.020833334
18263 0.020833334
21464 0.020833334
153 0.020833334
13532 0.0625
13983 0.020833334
4512 0.104166664
16481 0.020833334
8163 0.020833334
6116 0.020833334
5990 0.041666668
10025 0.041666668
3439 0.020833334
13041 0.020833334
4466 0.020833334
21236 0.020833334
884 0.020833334
15092 0.020833334
21044 0.083333336
8630 0.020833334
19062 0.020833334
1399 0.041666668
10492 0.020833334
