8194 0.028846154
15496 0.01923077
6153 0.009615385
18442 0.009615385
14607 0.009615385
20495 0.009615385
150 0.009615385
20886 0.009615385
5911 0.009615385
8343 0.009615385
16024 0.009615385
2459 0.009615385
10651 0.01923077
9250 0.009615385
15011 0.009615385
15142 0.009615385
11049 0.009615385
22064 0.009615385
13361 0.01923077
14515 0.01923077
13235 0.048076924
19636 0.009615385
21813 0.01923077
8630 0.009615385
3130 0.009615385
3645 0.03846154
5825 0.009615385
10562 0.009615385
5698 0.067307696
8259 0.03846154
9412 0.009615385
14798 0.009615385
20942 0.01923077
6862 0.01923077
17104 0.009615385
1488 0.03846154
4821 0.009615385
9046 0.009615385
2390 0.01923077
11734 0.028846154
17751 0.009615385
3288 0.009615385
8922 0.009615385
18394 0.009615385
11611 0.009615385
2269 0.009615385
1376 0.009615385
21345 0.009615385
13538 0.009615385
6115 0.009615385
20579 0.009615385
18410 0.01923077
1006 0.03846154
16367 0.009615385
12016 0.009615385
19056 0.009615385
11635 0.009615385
18038 0.009615385
1399 0.01923077
8823 0.057692308
8569 0.009615385
17661 0.009615385
18431 0.009615385
