11905 0.012048192
21378 0.04819277
16387 0.012048192
9988 0.012048192
6660 0.012048192
5892 0.012048192
4107 0.012048192
9100 0.012048192
6286 0.012048192
10897 0.012048192
5396 0.09638554
8343 0.012048192
8218 0.024096385
11932 0.024096385
2335 0.012048192
3105 0.036144577
21414 0.012048192
15528 0.012048192
4649 0.012048192
11049 0.012048192
298 0.036144577
1196 0.012048192
19886 0.012048192
17327 0.012048192
16816 0.012048192
18996 0.012048192
3128 0.04819277
14650 0.012048192
19774 0.012048192
16064 0.012048192
14275 0.012048192
8259 0.024096385
3268 0.012048192
4934 0.036144577
2380 0.012048192
16717 0.012048192
9041 0.012048192
10065 0.036144577
2390 0.024096385
20696 0.036144577
13532 0.036144577
21345 0.012048192
13155 0.012048192
12899 0.012048192
20579 0.012048192
4205 0.012048192
21487 0.036144577
13041 0.012048192
11635 0.012048192
20723 0.012048192
6643 0.012048192
12793 0.012048192
