16387 0.0029850747
10244 0.020895522
18693 0.0029850747
4870 0.0029850747
15624 0.026865672
3339 0.0029850747
4107 0.0029850747
5900 0.0059701493
14349 0.011940299
21262 0.0029850747
1295 0.0029850747
17423 0.0059701493
6160 0.0029850747
8208 0.0029850747
6162 0.0029850747
13844 0.0029850747
13334 0.0089552235
5149 0.0089552235
8736 0.0029850747
12321 0.0089552235
11298 0.0029850747
13090 0.0029850747
9250 0.0089552235
38 0.0029850747
11049 0.0029850747
13097 0.011940299
13610 0.0029850747
298 0.0029850747
2602 0.0029850747
7211 0.0059701493
300 0.0029850747
1324 0.0029850747
10284 0.0029850747
13613 0.011940299
4654 0.0029850747
1072 0.014925373
2609 0.0029850747
20273 0.0059701493
8754 0.0029850747
22067 0.0029850747
21299 0.0089552235
21044 0.0059701493
21300 0.0059701493
14650 0.0059701493
6459 0.0029850747
17724 0.0029850747
6206 0.0029850747
4161 0.0029850747
1858 0.0059701493
14402 0.011940299
10819 0.0029850747
8259 0.023880597
18501 0.0029850747
18758 0.0029850747
8263 0.0029850747
2119 0.0089552235
328 0.0029850747
12365 0.0059701493
11598 0.0059701493
4430 0.0029850747
9295 0.0029850747
10576 0.0029850747
9041 0.0029850747
22100 0.0029850747
13143 0.0029850747
18263 0.0059701493
8024 0.0029850747
20825 0.0029850747
16729 0.0059701493
15961 0.011940299
14174 0.0029850747
12894 0.0029850747
5473 0.0029850747
7265 0.0089552235
21346 0.0029850747
10083 0.0029850747
20579 0.0059701493
6758 0.0029850747
10344 0.011940299
15209 0.0029850747
4714 0.0029850747
21101 0.0029850747
109 0.0029850747
8561 0.0029850747
21362 0.0029850747
11635 0.0029850747
884 0.0059701493
21621 0.0059701493
1399 0.011940299
8573 0.0089552235
11391 0.0029850747
13441 0.011940299
21378 0.0029850747
1410 0.0029850747
16003 0.0089552235
2948 0.0029850747
15238 0.0059701493
8843 0.0029850747
19083 0.0029850747
18064 0.0029850747
8592 0.0029850747
10896 0.0029850747
10897 0.0029850747
17553 0.0029850747
5267 0.0029850747
1427 0.011940299
11925 0.0029850747
21141 0.0029850747
13974 0.0029850747
8342 0.0029850747
10646 0.0059701493
8343 0.0029850747
20119 0.014925373
153 0.0029850747
10649 0.0029850747
13721 0.0029850747
9114 0.0029850747
10651 0.0029850747
4253 0.0029850747
13983 0.0029850747
17568 0.0029850747
3745 0.0029850747
11169 0.0059701493
13986 0.0029850747
3491 0.0089552235
420 0.0029850747
12710 0.04477612
168 0.0029850747
15528 0.0089552235
8616 0.014925373
5801 0.0029850747
13484 0.0029850747
13485 0.0029850747
17327 0.0059701493
8371 0.0089552235
6836 0.0029850747
8630 0.0029850747
19126 0.0029850747
1720 0.0029850747
20414 0.0029850747
18623 0.0029850747
6336 0.0029850747
21696 0.0029850747
5825 0.0029850747
10691 0.0059701493
3268 0.0089552235
14788 0.011940299
10949 0.0089552235
2758 0.0089552235
13255 0.0029850747
716 0.0029850747
6092 0.0029850747
7117 0.0059701493
20942 0.0059701493
12495 0.0029850747
13520 0.0029850747
14801 0.014925373
9940 0.0029850747
7124 0.0089552235
5077 0.0059701493
21464 0.0059701493
21465 0.0029850747
7897 0.0029850747
19683 0.0029850747
16356 0.0029850747
6116 0.0089552235
20453 0.014925373
13287 0.0029850747
20456 0.0029850747
18153 0.0029850747
7914 0.0029850747
20203 0.0029850747
17132 0.0029850747
10988 0.0059701493
6126 0.0029850747
1262 0.0059701493
1006 0.0089552235
19183 0.0029850747
12016 0.0029850747
496 0.0029850747
11504 0.0029850747
20723 0.0029850747
12020 0.0029850747
1527 0.0029850747
21752 0.0029850747
4602 0.0029850747
5626 0.0029850747
3323 0.0029850747
