3842 0.012345679
15106 0.012345679
5892 0.012345679
6534 0.012345679
4743 0.049382716
20624 0.012345679
6162 0.037037037
22036 0.012345679
2709 0.012345679
13334 0.086419754
8343 0.012345679
2071 0.012345679
153 0.024691358
6173 0.012345679
6688 0.012345679
12321 0.012345679
6952 0.012345679
13610 0.012345679
5036 0.012345679
8237 0.024691358
21295 0.012345679
17327 0.012345679
8497 0.012345679
19250 0.012345679
10546 0.037037037
16818 0.049382716
5939 0.024691358
16439 0.012345679
4665 0.012345679
14650 0.012345679
15422 0.012345679
9023 0.012345679
3522 0.012345679
8259 0.061728396
11598 0.012345679
8021 0.012345679
18134 0.012345679
20696 0.049382716
12001 0.012345679
21729 0.012345679
12771 0.012345679
8035 0.012345679
5861 0.012345679
6247 0.012345679
8811 0.012345679
18414 0.012345679
1006 0.012345679
18159 0.012345679
17136 0.012345679
5105 0.012345679
14065 0.012345679
18290 0.012345679
10101 0.012345679
14330 0.012345679
22270 0.012345679
