8832 0.022727273
12546 0.011363637
9476 0.011363637
13701 0.011363637
3080 0.011363637
9101 0.011363637
16911 0.011363637
10512 0.011363637
18323 0.011363637
5396 0.011363637
9492 0.011363637
10646 0.011363637
8343 0.011363637
9630 0.011363637
18208 0.011363637
16676 0.011363637
12583 0.045454547
11049 0.022727273
298 0.011363637
14891 0.011363637
21808 0.011363637
20020 0.022727273
18871 0.045454547
13115 0.011363637
3645 0.011363637
14402 0.011363637
10562 0.011363637
1858 0.011363637
3522 0.011363637
10946 0.011363637
8259 0.022727273
9412 0.011363637
10821 0.022727273
14022 0.011363637
8263 0.022727273
13260 0.045454547
11598 0.011363637
20696 0.045454547
21465 0.03409091
13532 0.011363637
15196 0.045454547
2269 0.011363637
1376 0.011363637
11360 0.011363637
6116 0.022727273
1006 0.03409091
11635 0.011363637
2293 0.011363637
21621 0.011363637
22134 0.011363637
14838 0.03409091
1399 0.011363637
12283 0.011363637
3323 0.056818184
15484 0.011363637
10494 0.011363637
