3456 0.00952381
2690 0.03809524
13446 0.00952381
18311 0.00952381
11655 0.00952381
6666 0.028571429
9227 0.00952381
10767 0.00952381
20883 0.00952381
19734 0.00952381
8343 0.00952381
153 0.00952381
5788 0.00952381
14620 0.028571429
21278 0.028571429
3745 0.00952381
9250 0.00952381
1955 0.00952381
8355 0.03809524
19886 0.00952381
14515 0.00952381
8371 0.01904762
180 0.00952381
14650 0.04761905
6459 0.00952381
21565 0.01904762
4161 0.00952381
3522 0.00952381
11330 0.00952381
14402 0.00952381
8259 0.028571429
2372 0.00952381
8263 0.028571429
18250 0.00952381
18891 0.00952381
4556 0.03809524
16717 0.00952381
14798 0.00952381
2897 0.00952381
9041 0.01904762
1105 0.057142857
16723 0.00952381
2390 0.00952381
22102 0.00952381
3288 0.00952381
21465 0.00952381
7130 0.00952381
2140 0.00952381
6237 0.00952381
7518 0.00952381
6239 0.00952381
3552 0.01904762
5092 0.03809524
8422 0.00952381
15208 0.00952381
20712 0.01904762
13929 0.00952381
14704 0.00952381
3057 0.00952381
13170 0.01904762
21621 0.00952381
1399 0.00952381
9975 0.01904762
2041 0.01904762
12413 0.01904762
