21378 0.039473683
16387 0.013157895
12037 0.013157895
14855 0.013157895
7688 0.013157895
4107 0.013157895
9230 0.02631579
10767 0.013157895
21136 0.013157895
19603 0.02631579
8090 0.013157895
10651 0.013157895
6688 0.013157895
5026 0.013157895
7842 0.013157895
7337 0.013157895
6828 0.013157895
14514 0.039473683
19126 0.02631579
22072 0.013157895
3128 0.013157895
20538 0.02631579
14402 0.02631579
8259 0.065789476
18119 0.013157895
8263 0.013157895
19400 0.013157895
716 0.013157895
11598 0.013157895
19151 0.013157895
1488 0.013157895
10963 0.039473683
9813 0.013157895
16729 0.013157895
7001 0.013157895
861 0.013157895
4701 0.013157895
19806 0.013157895
6239 0.013157895
9569 0.013157895
21346 0.013157895
482 0.013157895
13155 0.013157895
8035 0.013157895
22116 0.013157895
17125 0.013157895
16871 0.013157895
9836 0.039473683
7916 0.039473683
20207 0.013157895
12016 0.013157895
8561 0.013157895
18290 0.013157895
1399 0.013157895
9468 0.013157895
5631 0.013157895
4095 0.013157895
