11008 0.0088495575
13441 0.03539823
1410 0.0088495575
8194 0.017699115
9352 0.0088495575
12808 0.0088495575
11658 0.0088495575
13450 0.0088495575
12298 0.0088495575
15117 0.0088495575
17553 0.0088495575
18323 0.0088495575
8851 0.017699115
20501 0.0088495575
15509 0.0088495575
8342 0.0088495575
13334 0.017699115
21401 0.0088495575
20634 0.0088495575
13211 0.0088495575
11932 0.0088495575
1312 0.0088495575
9250 0.0088495575
4003 0.0088495575
18340 0.0088495575
10660 0.0088495575
1957 0.0088495575
2854 0.0088495575
4903 0.0088495575
20263 0.0088495575
18217 0.0088495575
17450 0.0088495575
11563 0.0088495575
429 0.0088495575
2478 0.0088495575
19376 0.0088495575
15152 0.0088495575
7479 0.0088495575
6201 0.0088495575
14650 0.026548672
3262 0.0088495575
8000 0.0088495575
65 0.0088495575
22210 0.0088495575
3268 0.0088495575
21445 0.0088495575
4934 0.0088495575
8263 0.0088495575
6855 0.0088495575
7752 0.0088495575
1224 0.0088495575
16585 0.0088495575
7755 0.0088495575
16717 0.0088495575
4430 0.0088495575
11215 0.0088495575
3792 0.0088495575
11734 0.026548672
18263 0.017699115
20696 0.017699115
6237 0.0088495575
13410 0.026548672
5859 0.0088495575
1507 0.0088495575
18148 0.0088495575
16356 0.0088495575
6116 0.017699115
5861 0.0088495575
20453 0.03539823
6890 0.0088495575
11883 0.044247787
9836 0.0088495575
3948 0.0088495575
10351 0.0088495575
20723 0.0088495575
6643 0.0088495575
11635 0.026548672
7796 0.0088495575
15733 0.0088495575
9717 0.0088495575
2293 0.0088495575
20598 0.0088495575
21628 0.0088495575
5500 0.0088495575
20989 0.0088495575
13566 0.0088495575
8447 0.0088495575
3327 0.017699115
