258 0.005952381
16387 0.005952381
11142 0.005952381
20231 0.005952381
9352 0.011904762
9100 0.011904762
15629 0.005952381
10767 0.011904762
10896 0.011904762
6160 0.011904762
17553 0.005952381
913 0.005952381
19603 0.005952381
8851 0.005952381
4371 0.005952381
5396 0.04761905
3735 0.011904762
153 0.005952381
20123 0.005952381
11932 0.005952381
3104 0.005952381
3745 0.005952381
3105 0.011904762
8485 0.005952381
14757 0.005952381
38 0.005952381
4649 0.005952381
7082 0.005952381
7211 0.005952381
2731 0.005952381
18731 0.011904762
19886 0.035714287
8368 0.011904762
15026 0.029761905
311 0.005952381
14650 0.005952381
7485 0.005952381
13249 0.005952381
19137 0.005952381
963 0.005952381
8259 0.005952381
10821 0.011904762
4550 0.005952381
11718 0.005952381
8263 0.011904762
9674 0.005952381
1482 0.071428575
9292 0.005952381
5580 0.005952381
14156 0.005952381
11598 0.005952381
1488 0.005952381
9041 0.005952381
18130 0.005952381
3538 0.005952381
11986 0.023809524
18263 0.005952381
8407 0.011904762
20696 0.05357143
20185 0.011904762
21465 0.065476194
3931 0.005952381
13532 0.011904762
13919 0.005952381
6116 0.005952381
18148 0.005952381
2662 0.005952381
359 0.005952381
7914 0.005952381
7916 0.005952381
1006 0.011904762
3950 0.029761905
21487 0.005952381
5743 0.005952381
16496 0.005952381
12016 0.023809524
241 0.005952381
13041 0.023809524
13426 0.005952381
11635 0.005952381
18932 0.005952381
21621 0.011904762
9975 0.005952381
1399 0.005952381
21752 0.005952381
20345 0.005952381
3579 0.005952381
3323 0.023809524
16508 0.005952381
20989 0.005952381
3839 0.005952381
