8452 0.012987013
20231 0.064935066
10763 0.012987013
779 0.012987013
5900 0.012987013
20493 0.012987013
9230 0.025974026
16529 0.012987013
4758 0.012987013
8343 0.025974026
153 0.012987013
11932 0.038961038
4510 0.012987013
3872 0.025974026
8355 0.038961038
7211 0.025974026
19886 0.012987013
17327 0.012987013
20020 0.012987013
10037 0.012987013
21558 0.012987013
14650 0.038961038
13884 0.012987013
1085 0.012987013
13249 0.012987013
8259 0.038961038
2758 0.012987013
8263 0.038961038
20942 0.012987013
17875 0.012987013
6612 0.012987013
20438 0.012987013
20696 0.012987013
3288 0.077922076
7131 0.012987013
13789 0.012987013
6240 0.012987013
22240 0.012987013
9441 0.012987013
5861 0.012987013
19942 0.012987013
18410 0.012987013
6765 0.012987013
1006 0.012987013
15215 0.012987013
18932 0.012987013
884 0.012987013
19062 0.012987013
1399 0.051948052
3323 0.012987013
8573 0.012987013
