8194 0.008474576
2690 0.008474576
1410 0.016949153
900 0.008474576
12037 0.008474576
17415 0.008474576
9352 0.025423728
3850 0.008474576
9611 0.008474576
15371 0.008474576
2188 0.008474576
9100 0.008474576
16396 0.016949153
20624 0.008474576
8592 0.008474576
10897 0.008474576
17553 0.016949153
4371 0.016949153
13844 0.008474576
20501 0.008474576
413 0.008474576
669 0.008474576
12830 0.008474576
3745 0.008474576
16161 0.008474576
298 0.033898305
8749 0.008474576
19886 0.008474576
4654 0.008474576
10546 0.008474576
15154 0.008474576
19126 0.025423728
17719 0.008474576
15417 0.008474576
3130 0.008474576
14650 0.016949153
20669 0.008474576
13503 0.016949153
19137 0.008474576
10562 0.008474576
8259 0.016949153
8260 0.008474576
3268 0.008474576
14788 0.025423728
13637 0.008474576
21445 0.008474576
14918 0.008474576
2758 0.016949153
18760 0.008474576
1482 0.008474576
3658 0.008474576
17100 0.008474576
19917 0.008474576
5071 0.008474576
12495 0.016949153
9041 0.008474576
10581 0.008474576
20437 0.016949153
18134 0.008474576
11734 0.008474576
16855 0.008474576
17751 0.008474576
18263 0.033898305
20696 0.016949153
8797 0.008474576
18269 0.008474576
20959 0.008474576
16736 0.008474576
13410 0.008474576
10083 0.008474576
5859 0.016949153
3300 0.008474576
3044 0.016949153
16356 0.025423728
20453 0.008474576
8549 0.008474576
2662 0.008474576
15466 0.008474576
7914 0.008474576
1006 0.008474576
2801 0.008474576
13426 0.008474576
884 0.008474576
1399 0.016949153
6777 0.008474576
6780 0.008474576
1021 0.008474576
253 0.008474576
17661 0.008474576
6143 0.008474576
