15744 0.00877193
11521 0.00877193
8194 0.00877193
10499 0.00877193
12037 0.00877193
4874 0.00877193
3210 0.00877193
5396 0.02631579
22294 0.00877193
5016 0.00877193
21401 0.00877193
15903 0.00877193
3745 0.01754386
12706 0.00877193
9250 0.00877193
11298 0.00877193
22050 0.00877193
5926 0.00877193
298 0.00877193
13613 0.01754386
14127 0.00877193
9139 0.00877193
20020 0.00877193
21558 0.00877193
11958 0.00877193
14650 0.00877193
13883 0.00877193
11837 0.00877193
7485 0.00877193
13503 0.00877193
19647 0.05263158
1344 0.00877193
5825 0.00877193
14402 0.00877193
1858 0.01754386
21570 0.02631579
10691 0.00877193
13637 0.00877193
2758 0.00877193
16582 0.01754386
4934 0.03508772
6215 0.00877193
1482 0.00877193
14027 0.00877193
7755 0.00877193
7245 0.02631579
5585 0.00877193
3922 0.00877193
9810 0.00877193
10581 0.00877193
20437 0.00877193
20696 0.01754386
21595 0.00877193
20571 0.00877193
14300 0.01754386
10717 0.00877193
2397 0.096491225
20959 0.01754386
18657 0.00877193
21345 0.00877193
10083 0.00877193
20453 0.02631579
6886 0.01754386
5481 0.00877193
7914 0.02631579
10989 0.00877193
1006 0.01754386
13041 0.00877193
884 0.00877193
17910 0.00877193
1399 0.00877193
17015 0.00877193
5623 0.01754386
2424 0.00877193
8570 0.00877193
11644 0.00877193
