10243 0.0074626864
16387 0.0074626864
12037 0.014925373
16396 0.0074626864
10767 0.014925373
14096 0.0074626864
3860 0.0074626864
5149 0.02238806
12830 0.0074626864
17184 0.0074626864
22050 0.014925373
38 0.0074626864
4903 0.0074626864
298 0.02238806
7211 0.0074626864
6444 0.02238806
1837 0.0074626864
13613 0.0074626864
8749 0.0074626864
2611 0.0074626864
4665 0.0074626864
21312 0.0074626864
21824 0.0074626864
14402 0.0074626864
8259 0.014925373
10821 0.0074626864
8263 0.0074626864
11598 0.0074626864
9041 0.0074626864
13909 0.0074626864
2390 0.0074626864
18263 0.0074626864
15959 0.0074626864
16729 0.0074626864
20825 0.0074626864
21596 0.0074626864
21345 0.0074626864
13410 0.0074626864
15208 0.0074626864
8811 0.0074626864
11883 0.014925373
10095 0.0074626864
21872 0.0074626864
20336 0.0074626864
7796 0.0074626864
884 0.014925373
1399 0.0074626864
5753 0.0074626864
19322 0.0074626864
15484 0.0074626864
13441 0.0074626864
11396 0.0074626864
8836 0.0074626864
8070 0.0074626864
6286 0.0074626864
20625 0.0074626864
10897 0.02238806
8343 0.014925373
21401 0.0074626864
19870 0.0074626864
2721 0.0074626864
3745 0.0074626864
163 0.0074626864
18340 0.014925373
12710 0.05970149
15528 0.0074626864
15019 0.0074626864
2989 0.0074626864
8366 0.0074626864
9397 0.0074626864
12470 0.0074626864
5816 0.0074626864
12734 0.0074626864
13760 0.02238806
14788 0.0074626864
10181 0.0074626864
9413 0.0074626864
14022 0.0074626864
3527 0.0074626864
18382 0.0074626864
12495 0.014925373
3792 0.014925373
20437 0.0074626864
9943 0.0074626864
20696 0.02238806
21465 0.0074626864
8410 0.0074626864
13532 0.014925373
16097 0.0074626864
20453 0.0074626864
4070 0.0074626864
16871 0.014925373
1006 0.014925373
12016 0.014925373
13041 0.014925373
19188 0.0074626864
14070 0.0074626864
14838 0.0074626864
9975 0.0074626864
6650 0.0074626864
