2176 0.01010101
7299 0.01010101
14855 0.05050505
3464 0.01010101
13576 0.01010101
6153 0.01010101
8843 0.01010101
16396 0.01010101
2188 0.01010101
17039 0.01010101
10767 0.01010101
13458 0.01010101
20883 0.05050505
13844 0.01010101
8343 0.01010101
22172 0.01010101
4510 0.01010101
13855 0.01010101
13983 0.01010101
9250 0.030303031
14884 0.01010101
13093 0.01010101
19622 0.01010101
10922 0.01010101
18348 0.01010101
17840 0.01010101
8630 0.01010101
14650 0.01010101
12347 0.01010101
7869 0.01010101
9157 0.01010101
8135 0.01010101
2119 0.01010101
8263 0.01010101
14027 0.01010101
4556 0.07070707
6477 0.01010101
12109 0.01010101
10062 0.01010101
9041 0.01010101
9810 0.01010101
10963 0.01010101
1363 0.01010101
18263 0.030303031
3288 0.01010101
8922 0.01010101
15196 0.01010101
18910 0.01010101
6239 0.01010101
4832 0.01010101
18656 0.02020202
14308 0.01010101
16356 0.01010101
6116 0.01010101
5092 0.02020202
20712 0.01010101
7914 0.01010101
874 0.01010101
18410 0.01010101
18414 0.01010101
1006 0.04040404
13041 0.01010101
20723 0.02020202
884 0.01010101
2293 0.02020202
22134 0.01010101
20598 0.02020202
1399 0.030303031
10873 0.01010101
18812 0.01010101
3327 0.01010101
