7680 0.0034965035
5892 0.0034965035
5380 0.0034965035
8709 0.0034965035
5893 0.052447554
16390 0.0034965035
10246 0.0034965035
17415 0.0034965035
19463 0.0034965035
17935 0.0034965035
10767 0.0034965035
13071 0.0034965035
1295 0.0034965035
2836 0.006993007
2327 0.0034965035
19736 0.024475524
21786 0.0034965035
8218 0.0034965035
4635 0.031468533
12573 0.01048951
13855 0.0034965035
11298 0.006993007
9250 0.013986014
21541 0.0034965035
38 0.0034965035
6439 0.006993007
2088 0.0034965035
21291 0.0034965035
18731 0.0034965035
13613 0.0034965035
14650 0.024475524
1851 0.0034965035
11327 0.0034965035
18239 0.04895105
11073 0.01048951
1858 0.0034965035
10821 0.006993007
9544 0.0034965035
4169 0.0034965035
12363 0.0034965035
16717 0.006993007
2128 0.0034965035
10321 0.006993007
20306 0.0034965035
19283 0.0034965035
21588 0.0034965035
17751 0.006993007
21595 0.0034965035
13659 0.0034965035
10331 0.0034965035
20571 0.0034965035
13919 0.0034965035
4963 0.0034965035
10083 0.0034965035
2662 0.006993007
6509 0.0034965035
109 0.0034965035
21872 0.01048951
17265 0.006993007
11635 0.006993007
884 0.0034965035
21621 0.01048951
19581 0.03846154
22147 0.0034965035
5253 0.0034965035
8325 0.0034965035
8070 0.006993007
6286 0.0034965035
3982 0.0034965035
11151 0.0034965035
13201 0.0034965035
10897 0.006993007
16531 0.0034965035
8343 0.006993007
5785 0.0034965035
9115 0.0034965035
15003 0.0034965035
9371 0.0034965035
925 0.0034965035
5022 0.006993007
20127 0.0034965035
5025 0.0034965035
4257 0.0034965035
3745 0.013986014
15528 0.0034965035
6828 0.006993007
19886 0.01048951
17840 0.0034965035
14514 0.0034965035
20405 0.04195804
2231 0.0034965035
5567 0.0034965035
10691 0.0034965035
3268 0.0034965035
21444 0.0034965035
16582 0.0034965035
10184 0.0034965035
4809 0.0034965035
716 0.0034965035
19917 0.0034965035
20941 0.0034965035
22222 0.0034965035
718 0.006993007
9935 0.006993007
10451 0.031468533
20437 0.0034965035
8662 0.006993007
3288 0.006993007
20696 0.034965035
21465 0.0034965035
7642 0.0034965035
13275 0.0034965035
13532 0.0034965035
4575 0.0034965035
6623 0.0034965035
2273 0.0034965035
9442 0.0034965035
3300 0.0034965035
6116 0.006993007
5349 0.0034965035
10728 0.0034965035
3306 0.0034965035
18414 0.006993007
1006 0.01048951
21487 0.006993007
12016 0.0034965035
16368 0.0034965035
1008 0.0034965035
241 0.0034965035
20723 0.0034965035
2292 0.0034965035
4342 0.0034965035
7160 0.0034965035
11512 0.062937066
18681 0.01048951
3323 0.02097902
8444 0.0034965035
