16129 0.0048076925
12291 0.0048076925
5892 0.0048076925
4874 0.0048076925
9227 0.009615385
10763 0.01923077
1295 0.0048076925
10767 0.01923077
6162 0.0048076925
4371 0.009615385
13844 0.0048076925
5396 0.048076924
22294 0.0048076925
18968 0.0048076925
14620 0.0048076925
17949 0.009615385
13600 0.0048076925
14625 0.0048076925
22050 0.0048076925
20516 0.0048076925
8485 0.0048076925
13097 0.0048076925
15662 0.0048076925
2609 0.0048076925
19250 0.0048076925
307 0.0048076925
12083 0.0048076925
17461 0.0048076925
311 0.0048076925
3128 0.0048076925
14650 0.0048076925
4923 0.0048076925
5698 0.0048076925
14402 0.014423077
8259 0.014423077
16452 0.0048076925
10821 0.0048076925
4934 0.0048076925
18758 0.0048076925
8263 0.0048076925
6215 0.0048076925
2632 0.0048076925
16717 0.0048076925
6477 0.0048076925
3917 0.0048076925
1105 0.0048076925
10065 0.0048076925
9813 0.009615385
7254 0.0048076925
11607 0.0048076925
18263 0.009615385
16729 0.0048076925
2393 0.009615385
16474 0.0048076925
5212 0.0048076925
18528 0.0048076925
21346 0.0048076925
10083 0.0048076925
2662 0.009615385
14696 0.0048076925
874 0.0048076925
4205 0.0048076925
13170 0.009615385
11635 0.0048076925
884 0.0048076925
21621 0.009615385
8823 0.0048076925
1399 0.014423077
8569 0.0048076925
16000 0.0048076925
16002 0.0048076925
2690 0.0048076925
6032 0.0048076925
20624 0.0048076925
9875 0.0048076925
20883 0.009615385
7317 0.0048076925
15509 0.0048076925
8342 0.0048076925
153 0.0048076925
17563 0.009615385
5021 0.0048076925
20385 0.0048076925
3745 0.009615385
12710 0.014423077
4007 0.0048076925
20648 0.009615385
6827 0.0048076925
3243 0.0048076925
2731 0.009615385
2476 0.0048076925
13485 0.0048076925
19886 0.0048076925
20402 0.0048076925
13235 0.0048076925
17588 0.0048076925
7350 0.0048076925
17336 0.009615385
4025 0.0048076925
9660 0.0048076925
20925 0.009615385
13503 0.0048076925
5825 0.009615385
3522 0.009615385
3268 0.0048076925
14533 0.0048076925
21445 0.0048076925
7878 0.0048076925
2758 0.009615385
1482 0.0048076925
18378 0.009615385
4556 0.0048076925
13260 0.01923077
1997 0.0048076925
20942 0.0048076925
20434 0.0048076925
20437 0.0048076925
20438 0.0048076925
11734 0.0048076925
14806 0.014423077
20696 0.009615385
21721 0.0048076925
18394 0.009615385
15323 0.0048076925
13532 0.0048076925
8668 0.0048076925
6623 0.0048076925
3295 0.014423077
6368 0.0048076925
17633 0.0048076925
20450 0.0048076925
6115 0.0048076925
5859 0.0048076925
8163 0.0048076925
6116 0.0048076925
11236 0.0048076925
21733 0.0048076925
20453 0.009615385
15078 0.0048076925
6886 0.014423077
3306 0.014423077
16621 0.0048076925
1006 0.0048076925
12016 0.0048076925
13041 0.0048076925
21752 0.0048076925
2041 0.0048076925
14330 0.0048076925
19199 0.0048076925
3839 0.009615385
