22147 0.01369863
8837 0.02739726
4358 0.01369863
6664 0.01369863
12552 0.01369863
10763 0.01369863
9231 0.01369863
10767 0.01369863
17809 0.01369863
13841 0.01369863
13458 0.06849315
5269 0.01369863
20629 0.01369863
22166 0.01369863
22294 0.01369863
8342 0.01369863
8343 0.01369863
21787 0.01369863
15902 0.01369863
8735 0.02739726
14626 0.01369863
15011 0.02739726
5801 0.08219178
1072 0.01369863
15538 0.01369863
5428 0.01369863
14394 0.01369863
14650 0.01369863
17723 0.01369863
2747 0.01369863
9535 0.01369863
11587 0.01369863
8259 0.02739726
13003 0.01369863
6222 0.01369863
20434 0.01369863
18771 0.01369863
7637 0.04109589
9046 0.01369863
15703 0.01369863
3288 0.01369863
13532 0.02739726
21345 0.01369863
12771 0.01369863
11883 0.01369863
7916 0.01369863
19054 0.01369863
12398 0.01369863
13039 0.01369863
3439 0.01369863
19695 0.01369863
8434 0.01369863
18290 0.04109589
20598 0.01369863
7160 0.01369863
