5892 0.015384615
10763 0.015384615
9100 0.015384615
2061 0.015384615
8208 0.015384615
8855 0.015384615
22169 0.015384615
15903 0.015384615
13983 0.03076923
3105 0.015384615
3489 0.015384615
11298 0.015384615
9250 0.015384615
38 0.015384615
9772 0.015384615
4781 0.015384615
19250 0.015384615
10546 0.015384615
14650 0.015384615
18623 0.015384615
13249 0.03076923
8259 0.03076923
8263 0.015384615
1482 0.03076923
717 0.015384615
15949 0.015384615
11215 0.015384615
1488 0.015384615
20821 0.015384615
20696 0.10769231
16729 0.015384615
10331 0.015384615
6364 0.015384615
13532 0.015384615
6239 0.015384615
13919 0.015384615
20579 0.015384615
8035 0.015384615
3044 0.015384615
20453 0.015384615
4329 0.015384615
7916 0.015384615
1006 0.015384615
17262 0.015384615
20975 0.015384615
21487 0.015384615
12016 0.015384615
11635 0.03076923
884 0.015384615
18681 0.015384615
20218 0.015384615
3323 0.03076923
20222 0.015384615
