3842 0.010204081
11652 0.020408163
4100 0.020408163
14085 0.010204081
8709 0.010204081
19461 0.030612245
13577 0.010204081
10767 0.010204081
1295 0.020408163
7953 0.010204081
17307 0.010204081
10651 0.010204081
11932 0.010204081
3745 0.010204081
2721 0.020408163
22181 0.010204081
15528 0.010204081
7211 0.010204081
18482 0.010204081
20660 0.010204081
17336 0.010204081
4665 0.010204081
14650 0.030612245
13883 0.010204081
21698 0.010204081
5058 0.010204081
1858 0.010204081
20163 0.010204081
8259 0.010204081
3268 0.010204081
3269 0.010204081
10821 0.010204081
10949 0.010204081
9157 0.030612245
11206 0.010204081
22087 0.010204081
19020 0.010204081
12492 0.010204081
16717 0.010204081
462 0.010204081
6608 0.010204081
1488 0.010204081
21076 0.010204081
4693 0.010204081
8790 0.020408163
19800 0.020408163
20953 0.020408163
14298 0.010204081
1117 0.010204081
1118 0.010204081
20959 0.020408163
5473 0.010204081
6115 0.010204081
10981 0.020408163
2278 0.010204081
8297 0.010204081
1897 0.030612245
1642 0.010204081
1006 0.020408163
1775 0.010204081
12016 0.010204081
13041 0.010204081
884 0.020408163
2550 0.020408163
1399 0.030612245
10876 0.010204081
17661 0.010204081
7037 0.091836736
