13826 0.00625
8194 0.00625
16387 0.00625
4100 0.00625
4874 0.00625
15629 0.00625
10767 0.00625
1295 0.00625
5396 0.00625
12822 0.00625
22294 0.0125
2077 0.00625
17949 0.0125
1058 0.00625
9250 0.01875
38 0.00625
5159 0.00625
6952 0.00625
4649 0.00625
18731 0.00625
10284 0.00625
18222 0.00625
21297 0.00625
7474 0.00625
14650 0.0125
8259 0.0125
2372 0.00625
5957 0.00625
10821 0.0125
11598 0.00625
9041 0.00625
11350 0.00625
17751 0.01875
16736 0.00625
6240 0.00625
15209 0.00625
4714 0.00625
8811 0.00625
3950 0.01875
18290 0.00625
884 0.00625
21621 0.00625
20598 0.00625
11644 0.00625
20349 0.00625
3456 0.00625
10117 0.00625
9100 0.00625
20624 0.00625
18834 0.00625
13714 0.00625
20883 0.00625
917 0.00625
150 0.00625
3735 0.00625
8343 0.0125
8855 0.0125
153 0.01875
11932 0.00625
13983 0.00625
2721 0.00625
163 0.0125
21671 0.00625
15528 0.0125
2731 0.00625
8366 0.00625
19886 0.06875
17840 0.00625
8368 0.01875
10417 0.00625
14514 0.00625
8371 0.00625
15027 0.00625
12470 0.00625
1720 0.00625
20922 0.00625
5054 0.00625
13249 0.00625
10691 0.00625
21444 0.00625
21703 0.0125
1482 0.04375
1488 0.00625
11986 0.00625
3288 0.00625
20696 0.01875
21465 0.025
7642 0.00625
5852 0.025
4574 0.00625
6116 0.00625
3044 0.00625
7141 0.00625
20453 0.00625
3306 0.0125
7916 0.00625
1006 0.0125
13041 0.025
8434 0.00625
19188 0.00625
7669 0.00625
2293 0.00625
15608 0.00625
3579 0.00625
3323 0.03125
16892 0.00625
3839 0.00625
