16003 0.010526316
14725 0.010526316
4230 0.010526316
7950 0.010526316
6286 0.010526316
17553 0.021052632
13841 0.021052632
13458 0.010526316
15509 0.010526316
10005 0.010526316
11925 0.010526316
13334 0.010526316
535 0.010526316
8343 0.021052632
7193 0.010526316
153 0.021052632
8090 0.010526316
1820 0.010526316
2204 0.021052632
2335 0.010526316
2721 0.021052632
9250 0.010526316
20516 0.010526316
13613 0.010526316
5552 0.010526316
11960 0.010526316
14650 0.031578947
15420 0.010526316
22204 0.010526316
7485 0.010526316
18623 0.031578947
11073 0.010526316
3522 0.021052632
579 0.010526316
8259 0.06315789
22084 0.010526316
14788 0.010526316
9412 0.010526316
18758 0.010526316
6092 0.010526316
2765 0.010526316
1105 0.010526316
20309 0.010526316
2390 0.010526316
20438 0.021052632
18263 0.010526316
20696 0.031578947
2393 0.010526316
20825 0.010526316
8668 0.010526316
20446 0.010526316
12894 0.021052632
6623 0.010526316
4576 0.010526316
5857 0.010526316
19683 0.021052632
5988 0.010526316
6116 0.021052632
2662 0.010526316
2664 0.010526316
1257 0.010526316
11883 0.010526316
15597 0.010526316
8175 0.010526316
3439 0.021052632
9716 0.021052632
1399 0.010526316
19575 0.010526316
14330 0.010526316
3579 0.010526316
17661 0.010526316
