11905 0.006756757
642 0.006756757
8194 0.006756757
16387 0.013513514
8709 0.013513514
5126 0.006756757
17415 0.006756757
21384 0.006756757
3080 0.006756757
4617 0.006756757
4874 0.013513514
4107 0.013513514
10767 0.006756757
10896 0.006756757
9617 0.006756757
18 0.006756757
5396 0.16216215
13334 0.006756757
22294 0.013513514
8343 0.013513514
8088 0.006756757
153 0.006756757
1948 0.006756757
15902 0.006756757
12830 0.006756757
20127 0.006756757
16543 0.006756757
672 0.006756757
9250 0.006756757
6435 0.006756757
18340 0.006756757
4649 0.006756757
11049 0.006756757
11052 0.006756757
13485 0.006756757
13613 0.013513514
2609 0.006756757
4273 0.006756757
15027 0.006756757
11318 0.006756757
311 0.006756757
14903 0.013513514
14650 0.006756757
6588 0.006756757
7485 0.013513514
15422 0.006756757
21954 0.006756757
1858 0.006756757
14402 0.013513514
10691 0.013513514
10949 0.006756757
18758 0.006756757
2758 0.006756757
1482 0.006756757
16717 0.006756757
2128 0.006756757
1488 0.006756757
3922 0.013513514
16981 0.006756757
5077 0.006756757
10581 0.006756757
18263 0.013513514
3288 0.006756757
20696 0.054054055
14553 0.006756757
19548 0.006756757
16093 0.006756757
6239 0.006756757
10082 0.006756757
8163 0.006756757
10467 0.006756757
10083 0.013513514
16356 0.006756757
6116 0.006756757
20453 0.013513514
15208 0.013513514
3306 0.006756757
17130 0.006756757
10605 0.006756757
4205 0.006756757
1261 0.006756757
6509 0.013513514
1006 0.006756757
5743 0.006756757
13170 0.006756757
117 0.006756757
17015 0.006756757
1399 0.027027028
13433 0.006756757
18681 0.013513514
19706 0.006756757
3323 0.013513514
17661 0.006756757
13822 0.006756757
3839 0.006756757
11391 0.006756757
