13952 0.022727273
8259 0.022727273
2436 0.022727273
18758 0.022727273
21578 0.022727273
4107 0.022727273
13260 0.022727273
3213 0.022727273
19917 0.022727273
10767 0.022727273
20624 0.022727273
4371 0.022727273
275 0.022727273
7124 0.022727273
2902 0.022727273
20438 0.022727273
2390 0.045454547
8343 0.022727273
21401 0.022727273
20571 0.045454547
3360 0.022727273
4003 0.022727273
18469 0.09090909
12710 0.06818182
15528 0.022727273
298 0.022727273
16238 0.022727273
4783 0.022727273
19695 0.022727273
8368 0.022727273
1072 0.022727273
1651 0.022727273
21813 0.045454547
15420 0.022727273
8573 0.022727273
7999 0.022727273
