4617 0.006849315
4874 0.006849315
10767 0.006849315
6162 0.006849315
5396 0.034246575
22294 0.006849315
2071 0.01369863
3866 0.006849315
8219 0.006849315
15903 0.006849315
7968 0.006849315
3105 0.006849315
12321 0.006849315
3109 0.006849315
38 0.006849315
6952 0.006849315
13097 0.006849315
8490 0.006849315
21547 0.006849315
10284 0.020547945
13613 0.006849315
16432 0.006849315
1072 0.006849315
5424 0.006849315
2609 0.006849315
3128 0.006849315
1081 0.006849315
14650 0.01369863
59 0.006849315
15934 0.01369863
11073 0.006849315
13377 0.01369863
8259 0.04109589
2372 0.006849315
16717 0.006849315
11350 0.020547945
11607 0.006849315
18263 0.006849315
16729 0.006849315
20571 0.006849315
14173 0.006849315
13663 0.006849315
13410 0.01369863
20579 0.006849315
10083 0.006849315
8035 0.006849315
5988 0.006849315
358 0.006849315
3950 0.01369863
18544 0.006849315
21872 0.006849315
11635 0.006849315
1399 0.020547945
10618 0.01369863
15484 0.006849315
3455 0.006849315
8070 0.006849315
12167 0.006849315
3980 0.006849315
8589 0.006849315
13709 0.006849315
150 0.006849315
21401 0.006849315
8097 0.01369863
14757 0.01369863
10409 0.006849315
7082 0.01369863
17327 0.02739726
5301 0.006849315
4025 0.01369863
17083 0.006849315
12734 0.020547945
5825 0.006849315
13260 0.01369863
7118 0.006849315
12497 0.006849315
11734 0.006849315
3288 0.006849315
21464 0.006849315
21465 0.006849315
5849 0.006849315
22235 0.006849315
13532 0.006849315
19940 0.006849315
3044 0.006849315
14308 0.006849315
16356 0.034246575
6886 0.02739726
7914 0.006849315
7402 0.006849315
7916 0.006849315
10476 0.02739726
1006 0.006849315
18414 0.01369863
12016 0.006849315
13041 0.006849315
2293 0.006849315
21755 0.006849315
3323 0.006849315
17661 0.01369863
3327 0.006849315
3839 0.006849315
