7937 0.004524887
8194 0.004524887
8709 0.004524887
5893 0.036199097
10246 0.009049774
4617 0.004524887
15625 0.004524887
15629 0.036199097
10767 0.013574661
8208 0.004524887
10514 0.004524887
8468 0.004524887
13844 0.004524887
13334 0.009049774
11286 0.009049774
19736 0.018099548
4635 0.013574661
10780 0.004524887
9250 0.009049774
38 0.004524887
4903 0.004524887
18731 0.004524887
6444 0.004524887
22064 0.004524887
15152 0.009049774
4915 0.004524887
20020 0.004524887
311 0.004524887
14650 0.018099548
22076 0.004524887
1853 0.004524887
13631 0.004524887
11327 0.009049774
18239 0.022624435
12608 0.004524887
5952 0.004524887
13891 0.004524887
10821 0.013574661
8263 0.018099548
10321 0.004524887
3922 0.004524887
6239 0.009049774
20579 0.004524887
15971 0.004524887
19557 0.004524887
3430 0.004524887
15209 0.004524887
10863 0.004524887
11121 0.004524887
2674 0.004524887
11635 0.013574661
19062 0.004524887
1914 0.004524887
8573 0.004524887
19581 0.009049774
2176 0.004524887
11141 0.009049774
8070 0.004524887
20874 0.004524887
3982 0.004524887
6286 0.004524887
8592 0.004524887
20624 0.018099548
9361 0.009049774
20883 0.004524887
147 0.004524887
10133 0.004524887
150 0.004524887
8342 0.004524887
21403 0.004524887
10140 0.004524887
4510 0.004524887
3745 0.009049774
8355 0.004524887
18340 0.004524887
14757 0.009049774
10409 0.004524887
2731 0.004524887
18606 0.004524887
19376 0.009049774
9393 0.004524887
6579 0.004524887
20405 0.036199097
20150 0.004524887
2231 0.004524887
12728 0.004524887
6588 0.004524887
956 0.004524887
10691 0.009049774
3268 0.004524887
14533 0.004524887
11973 0.004524887
16582 0.004524887
11718 0.004524887
8647 0.004524887
8140 0.022624435
20942 0.004524887
20176 0.004524887
10451 0.027149322
20437 0.013574661
20438 0.004524887
4311 0.004524887
20696 0.022624435
5593 0.004524887
7897 0.004524887
21465 0.018099548
9183 0.004524887
7135 0.004524887
6116 0.009049774
5861 0.004524887
6886 0.004524887
11240 0.004524887
4329 0.009049774
3306 0.004524887
11504 0.004524887
14838 0.004524887
16886 0.004524887
10743 0.004524887
15351 0.004524887
7160 0.004524887
11512 0.07239819
2041 0.004524887
3323 0.009049774
10492 0.004524887
6143 0.009049774
