16387 0.00862069
6153 0.00862069
3210 0.00862069
17676 0.00862069
20493 0.00862069
10767 0.00862069
20883 0.00862069
4371 0.01724138
22036 0.00862069
14490 0.01724138
11932 0.00862069
6688 0.00862069
11682 0.00862069
420 0.00862069
14757 0.00862069
11049 0.00862069
18731 0.00862069
4654 0.00862069
10546 0.00862069
14514 0.00862069
8371 0.00862069
21044 0.00862069
13621 0.00862069
20150 0.00862069
313 0.00862069
1081 0.00862069
8890 0.00862069
14650 0.05172414
7227 0.00862069
4669 0.02586207
13503 0.00862069
16064 0.00862069
11073 0.00862069
10562 0.00862069
8259 0.06896552
2372 0.02586207
10821 0.01724138
8263 0.01724138
19658 0.00862069
4426 0.00862069
716 0.00862069
13260 0.06896552
10702 0.00862069
19664 0.00862069
16849 0.00862069
17751 0.00862069
20696 0.02586207
20571 0.01724138
8668 0.00862069
13532 0.01724138
15196 0.04310345
19806 0.00862069
4576 0.00862069
13155 0.01724138
3044 0.00862069
16356 0.00862069
20196 0.00862069
20453 0.00862069
6886 0.03448276
11883 0.02586207
7916 0.00862069
5357 0.00862069
1006 0.00862069
18414 0.00862069
111 0.00862069
21872 0.00862069
20336 0.00862069
2293 0.03448276
19062 0.00862069
8444 0.00862069
12029 0.00862069
12413 0.00862069
