13952 0.007142857
15744 0.007142857
3204 0.007142857
9988 0.007142857
3080 0.007142857
1291 0.007142857
10763 0.007142857
9100 0.014285714
10767 0.014285714
14224 0.007142857
18064 0.007142857
13457 0.007142857
8851 0.021428572
4371 0.021428572
5396 0.05
22294 0.007142857
12822 0.007142857
19865 0.007142857
153 0.014285714
20123 0.007142857
11932 0.007142857
5788 0.021428572
17949 0.007142857
3105 0.028571429
9250 0.014285714
14757 0.007142857
15142 0.007142857
11049 0.007142857
10409 0.007142857
2731 0.007142857
18731 0.007142857
19886 0.007142857
12206 0.007142857
14512 0.007142857
15026 0.014285714
13876 0.007142857
311 0.007142857
14650 0.007142857
4669 0.007142857
14402 0.014285714
10691 0.014285714
8259 0.014285714
3268 0.021428572
7237 0.007142857
4934 0.007142857
16582 0.014285714
21703 0.007142857
2119 0.007142857
1482 0.028571429
14156 0.028571429
7245 0.007142857
19917 0.007142857
11986 0.014285714
980 0.007142857
18263 0.007142857
3288 0.007142857
20696 0.042857144
21465 0.035714287
7135 0.007142857
6239 0.007142857
1376 0.007142857
11360 0.007142857
7265 0.035714287
8674 0.014285714
20579 0.007142857
3300 0.007142857
18148 0.014285714
3306 0.007142857
20203 0.007142857
7916 0.014285714
3950 0.007142857
1006 0.028571429
111 0.007142857
13041 0.007142857
4342 0.007142857
1399 0.007142857
18681 0.007142857
3323 0.021428572
20989 0.007142857
12030 0.007142857
3839 0.042857144
