1410 0.008403362
3842 0.008403362
10243 0.008403362
12291 0.008403362
22147 0.008403362
9352 0.008403362
6409 0.008403362
4874 0.016806724
19854 0.008403362
10767 0.008403362
7062 0.008403362
150 0.008403362
8343 0.016806724
16408 0.008403362
153 0.025210084
13210 0.033613447
10523 0.008403362
11932 0.008403362
12830 0.008403362
13983 0.008403362
3745 0.025210084
1955 0.008403362
11049 0.008403362
298 0.008403362
13613 0.008403362
4654 0.016806724
180 0.008403362
19126 0.016806724
1720 0.016806724
17336 0.016806724
8890 0.008403362
14650 0.025210084
22077 0.008403362
13503 0.016806724
4161 0.016806724
8259 0.05042017
18501 0.016806724
4556 0.016806724
4172 0.016806724
6477 0.008403362
2897 0.016806724
1105 0.025210084
20821 0.008403362
13397 0.008403362
16599 0.008403362
21464 0.008403362
3288 0.025210084
10969 0.008403362
21465 0.008403362
474 0.016806724
5212 0.016806724
2269 0.008403362
3295 0.084033616
13155 0.008403362
16871 0.025210084
3561 0.008403362
14185 0.008403362
8297 0.016806724
3306 0.016806724
16493 0.008403362
21613 0.008403362
10605 0.008403362
1006 0.008403362
3439 0.008403362
17649 0.008403362
18290 0.008403362
17906 0.008403362
13170 0.016806724
884 0.008403362
18038 0.008403362
8444 0.008403362
21628 0.008403362
6143 0.008403362
