8193 0.011764706
18177 0.011764706
8194 0.023529412
4100 0.011764706
9352 0.011764706
6409 0.011764706
9226 0.011764706
6032 0.011764706
13841 0.023529412
8342 0.011764706
153 0.011764706
9114 0.011764706
12830 0.011764706
4513 0.011764706
806 0.011764706
5926 0.011764706
22185 0.03529412
13485 0.011764706
13613 0.011764706
20270 0.011764706
14514 0.011764706
8371 0.011764706
14261 0.023529412
14650 0.011764706
6588 0.011764706
18877 0.011764706
13503 0.011764706
13249 0.011764706
10691 0.011764706
2119 0.011764706
2632 0.011764706
1482 0.023529412
20813 0.011764706
16717 0.023529412
462 0.011764706
11598 0.011764706
1488 0.105882354
10321 0.011764706
8790 0.011764706
20696 0.05882353
21465 0.011764706
7897 0.023529412
9183 0.023529412
5859 0.03529412
20453 0.011764706
15209 0.011764706
19819 0.011764706
1006 0.011764706
21487 0.023529412
18544 0.011764706
13041 0.011764706
11635 0.011764706
884 0.011764706
1399 0.023529412
14969 0.011764706
2041 0.011764706
3706 0.011764706
11259 0.011764706
8573 0.011764706
5631 0.011764706
