7434 0.009803922
9227 0.009803922
9100 0.009803922
17294 0.009803922
3982 0.019607844
8592 0.009803922
9617 0.009803922
13841 0.009803922
12819 0.009803922
9875 0.009803922
278 0.009803922
8855 0.019607844
11672 0.009803922
5788 0.009803922
2204 0.019607844
16669 0.009803922
12830 0.009803922
13855 0.009803922
3105 0.009803922
20385 0.009803922
14625 0.019607844
11298 0.029411765
18340 0.009803922
11049 0.009803922
2731 0.009803922
7211 0.029411765
13485 0.009803922
14127 0.009803922
14514 0.019607844
3123 0.009803922
6196 0.009803922
20538 0.009803922
9660 0.019607844
15934 0.05882353
9663 0.009803922
13503 0.009803922
16064 0.009803922
8259 0.009803922
19908 0.009803922
14533 0.039215688
21445 0.04901961
4934 0.009803922
20813 0.009803922
20175 0.009803922
719 0.009803922
3922 0.009803922
18134 0.009803922
11734 0.039215688
17751 0.009803922
18263 0.029411765
17882 0.009803922
14173 0.019607844
6368 0.009803922
17633 0.009803922
8163 0.009803922
15971 0.009803922
3044 0.009803922
6116 0.009803922
19557 0.009803922
5990 0.009803922
6886 0.029411765
13160 0.009803922
14314 0.009803922
13041 0.009803922
8561 0.009803922
14067 0.009803922
9973 0.009803922
2293 0.009803922
12664 0.009803922
7160 0.009803922
381 0.009803922
5631 0.009803922
