18692 0.023255814
19461 0.023255814
4490 0.023255814
2061 0.023255814
8592 0.023255814
11220 0.023255814
11734 0.023255814
3866 0.023255814
19548 0.023255814
14300 0.023255814
8797 0.023255814
14173 0.046511628
18656 0.023255814
7265 0.023255814
3105 0.023255814
20196 0.023255814
16356 0.18604651
5861 0.023255814
2662 0.023255814
13097 0.023255814
1066 0.023255814
7914 0.023255814
21291 0.023255814
13485 0.023255814
13613 0.046511628
9393 0.023255814
2293 0.023255814
1399 0.023255814
3128 0.023255814
14650 0.046511628
3323 0.023255814
15934 0.046511628
