7680 0.0030487804
15362 0.0030487804
8194 0.009146341
5893 0.021341464
16390 0.0030487804
9478 0.0030487804
10246 0.009146341
5900 0.0121951215
15629 0.0030487804
9998 0.0060975607
17935 0.0030487804
10767 0.009146341
13844 0.0030487804
2836 0.0060975607
7445 0.0030487804
19736 0.0030487804
4635 0.009146341
14365 0.0030487804
31 0.0030487804
9250 0.0030487804
20772 0.0030487804
20516 0.0030487804
16935 0.0030487804
4903 0.009146341
298 0.009146341
10284 0.021341464
13613 0.0030487804
1072 0.015243903
22064 0.015243903
10546 0.009146341
22067 0.0030487804
8243 0.0030487804
3380 0.0030487804
21813 0.0030487804
13621 0.0030487804
14650 0.0060975607
4923 0.0060975607
7484 0.0030487804
8254 0.0030487804
11327 0.0060975607
18239 0.009146341
10821 0.015243903
18758 0.0030487804
2119 0.0030487804
8263 0.0060975607
12365 0.0030487804
11598 0.0030487804
13651 0.009146341
18263 0.0030487804
17751 0.0060975607
11607 0.009146341
13659 0.009146341
5212 0.0030487804
15456 0.0030487804
21345 0.009146341
20579 0.0060975607
12646 0.0030487804
3430 0.0030487804
6509 0.0060975607
6510 0.0030487804
18544 0.0030487804
22128 0.0030487804
14960 0.0030487804
11635 0.094512194
884 0.0030487804
12664 0.0030487804
19581 0.039634146
11141 0.0030487804
18566 0.0121951215
9862 0.018292682
647 0.0030487804
12937 0.0030487804
1166 0.0030487804
11151 0.0030487804
18064 0.0060975607
17553 0.0030487804
10897 0.0030487804
19603 0.0030487804
4245 0.0030487804
150 0.0030487804
8087 0.0030487804
8343 0.0060975607
19865 0.0030487804
2204 0.0030487804
11932 0.0121951215
4253 0.0030487804
4510 0.009146341
3745 0.009146341
12710 0.0030487804
15528 0.0030487804
20648 0.0030487804
13485 0.0030487804
19886 0.0030487804
14515 0.0060975607
11701 0.0030487804
3509 0.0030487804
20405 0.0121951215
15034 0.0030487804
8890 0.0030487804
8384 0.0030487804
16064 0.0060975607
9670 0.0060975607
2758 0.0060975607
8135 0.0030487804
13255 0.009146341
6862 0.0060975607
1488 0.0030487804
10451 0.018292682
7124 0.009146341
8151 0.0030487804
14300 0.0030487804
2269 0.0030487804
7135 0.0030487804
6116 0.0060975607
20196 0.0060975607
5349 0.0030487804
6886 0.0060975607
8422 0.0060975607
16871 0.0030487804
19688 0.0030487804
12525 0.0030487804
1006 0.015243903
18159 0.0030487804
19695 0.009146341
12016 0.0030487804
12020 0.0030487804
20724 0.0030487804
2292 0.0030487804
15606 0.0030487804
14838 0.103658535
7160 0.0030487804
11512 0.051829267
14330 0.0030487804
