7680 0.0025316456
17415 0.0025316456
16396 0.0075949365
20493 0.0025316456
20495 0.0025316456
6162 0.0025316456
22035 0.0025316456
13844 0.010126582
20501 0.0025316456
13334 0.0025316456
10778 0.0025316456
7708 0.0025316456
12830 0.0025316456
15903 0.0025316456
8735 0.005063291
3105 0.0025316456
9250 0.0025316456
20516 0.0025316456
7717 0.0025316456
12329 0.0025316456
14381 0.0025316456
2605 0.005063291
22064 0.0025316456
4658 0.0025316456
14903 0.0025316456
4665 0.005063291
11837 0.0025316456
14402 0.0075949365
8259 0.025316456
10821 0.012658228
22089 0.0025316456
9292 0.0025316456
6222 0.005063291
9810 0.005063291
5210 0.0025316456
2652 0.0025316456
5212 0.012658228
6239 0.0025316456
98 0.0025316456
12899 0.0025316456
20579 0.0025316456
7787 0.0025316456
11377 0.0025316456
2674 0.0025316456
22134 0.0025316456
7799 0.0025316456
12923 0.0025316456
19579 0.0025316456
15484 0.0025316456
12413 0.0025316456
13441 0.010126582
10882 0.0025316456
21123 0.0025316456
7299 0.03797468
5253 0.0025316456
7813 0.0025316456
9352 0.0025316456
7306 0.0025316456
6286 0.0025316456
18064 0.0025316456
13458 0.025316456
5269 0.0025316456
7830 0.005063291
3735 0.0025316456
8343 0.015189873
152 0.0025316456
153 0.0025316456
5788 0.0025316456
11932 0.012658228
6813 0.005063291
2721 0.0025316456
3745 0.005063291
15011 0.0025316456
17060 0.0025316456
20648 0.0025316456
15528 0.005063291
18602 0.0025316456
3247 0.0025316456
8367 0.005063291
14514 0.0025316456
8371 0.0025316456
19636 0.0025316456
180 0.0025316456
21690 0.0025316456
1722 0.0025316456
13503 0.0025316456
5825 0.0025316456
3268 0.005063291
9413 0.0025316456
3788 0.0025316456
2765 0.03797468
15061 0.0025316456
3288 0.0025316456
20696 0.0025316456
8922 0.0025316456
731 0.0025316456
2269 0.0025316456
6878 0.0025316456
13027 0.0025316456
5859 0.005063291
3306 0.025316456
20203 0.0025316456
18159 0.0075949365
8433 0.0025316456
241 0.0025316456
9971 0.0075949365
2293 0.0025316456
15608 0.0025316456
17659 0.0025316456
9468 0.0025316456
17156 0.0025316456
11527 0.0025316456
6409 0.0025316456
4874 0.0025316456
3339 0.0025316456
5900 0.005063291
15120 0.0025316456
17683 0.0025316456
4371 0.005063291
3860 0.0025316456
22294 0.0025316456
13591 0.0025316456
21278 0.0025316456
15646 0.0025316456
19234 0.0025316456
15654 0.0025316456
4903 0.005063291
8497 0.0025316456
10546 0.0025316456
15667 0.0025316456
14650 0.010126582
18235 0.0025316456
1854 0.0025316456
7999 0.0075949365
4416 0.0025316456
2372 0.005063291
20805 0.005063291
8011 0.0025316456
16717 0.005063291
11598 0.010126582
13651 0.0025316456
853 0.0025316456
11607 0.005063291
18263 0.0075949365
19801 0.0025316456
11610 0.0025316456
15196 0.005063291
15709 0.0025316456
1376 0.0025316456
21345 0.005063291
5988 0.0025316456
17252 0.0025316456
3430 0.0025316456
15209 0.0025316456
6509 0.0075949365
13678 0.0025316456
14704 0.005063291
14705 0.0025316456
11635 0.005063291
884 0.0075949365
1399 0.0025316456
16759 0.0025316456
4471 0.0075949365
8569 0.0025316456
15744 0.0025316456
3456 0.0025316456
1410 0.0025316456
18822 0.0025316456
20360 0.0025316456
6032 0.0075949365
6051 0.0025316456
18342 0.005063291
1451 0.0025316456
8107 0.0025316456
5552 0.0025316456
21941 0.0025316456
6588 0.010126582
13256 0.0025316456
1482 0.0025316456
13260 0.0025316456
5580 0.0025316456
2509 0.0025316456
19917 0.0025316456
21455 0.0025316456
20434 0.010126582
3026 0.11392405
5587 0.017721519
20437 0.0025316456
20438 0.0025316456
21465 0.0025316456
18394 0.0025316456
3039 0.0025316456
6623 0.005063291
19937 0.0025316456
6116 0.0025316456
20453 0.005063291
5096 0.0025316456
3561 0.0025316456
11242 0.010126582
18414 0.0025316456
1006 0.0025316456
21487 0.0025316456
18937 0.005063291
14330 0.0025316456
6143 0.0025316456
