3456 0.016393442
256 0.016393442
770 0.008196721
14722 0.008196721
13314 0.032786883
21123 0.008196721
8837 0.008196721
901 0.008196721
17415 0.008196721
4874 0.008196721
4490 0.008196721
10763 0.008196721
9100 0.008196721
20493 0.008196721
20879 0.008196721
10896 0.008196721
6162 0.008196721
13458 0.008196721
20883 0.008196721
9875 0.008196721
22035 0.016393442
13844 0.008196721
6934 0.008196721
3735 0.016393442
8343 0.024590164
153 0.032786883
14365 0.008196721
15903 0.008196721
6688 0.008196721
8097 0.008196721
9250 0.008196721
18596 0.008196721
17318 0.008196721
9255 0.008196721
8743 0.008196721
13610 0.008196721
7211 0.008196721
2731 0.016393442
12206 0.008196721
21679 0.008196721
15027 0.008196721
180 0.008196721
4023 0.008196721
14650 0.008196721
15419 0.008196721
12734 0.008196721
16064 0.008196721
1090 0.008196721
14402 0.032786883
8259 0.008196721
10821 0.008196721
2758 0.008196721
4934 0.008196721
12871 0.008196721
8263 0.008196721
6857 0.008196721
21194 0.008196721
1482 0.008196721
13260 0.040983606
11598 0.024590164
20047 0.016393442
13778 0.008196721
7637 0.008196721
2390 0.008196721
20696 0.008196721
7897 0.008196721
2393 0.016393442
18394 0.008196721
10331 0.008196721
15196 0.008196721
4573 0.008196721
14173 0.016393442
3044 0.016393442
5861 0.008196721
20453 0.016393442
5990 0.008196721
18410 0.008196721
14442 0.008196721
11883 0.008196721
109 0.008196721
1006 0.016393442
8561 0.016393442
13426 0.008196721
19188 0.008196721
21621 0.008196721
19062 0.008196721
19830 0.008196721
5366 0.008196721
1399 0.016393442
15610 0.008196721
4349 0.008196721
22271 0.008196721
