22147 0.008547009
5892 0.008547009
14085 0.008547009
21385 0.008547009
4107 0.008547009
18828 0.017094018
3982 0.017094018
15120 0.008547009
8592 0.008547009
9361 0.008547009
21779 0.008547009
535 0.008547009
14616 0.008547009
413 0.008547009
9630 0.008547009
1955 0.008547009
163 0.06837607
21541 0.008547009
12327 0.008547009
21674 0.008547009
7211 0.008547009
6828 0.008547009
19757 0.008547009
17327 0.017094018
8368 0.025641026
19769 0.017094018
8890 0.008547009
11837 0.008547009
11326 0.025641026
9023 0.008547009
9919 0.008547009
5825 0.008547009
4161 0.094017096
1858 0.008547009
14402 0.017094018
8259 0.017094018
21445 0.017094018
10821 0.034188036
8263 0.008547009
12871 0.017094018
20811 0.008547009
716 0.008547009
21076 0.017094018
84 0.034188036
7381 0.008547009
2390 0.034188036
18263 0.034188036
3288 0.008547009
4314 0.008547009
10331 0.008547009
19806 0.008547009
9310 0.008547009
21729 0.008547009
8163 0.008547009
6116 0.008547009
16356 0.017094018
16871 0.008547009
20968 0.008547009
7916 0.008547009
20723 0.017094018
5236 0.008547009
1399 0.017094018
15608 0.008547009
21368 0.017094018
3449 0.008547009
2041 0.008547009
3323 0.008547009
12029 0.008547009
3581 0.008547009
20349 0.017094018
