10117 0.013513514
8070 0.013513514
17415 0.013513514
9352 0.013513514
6409 0.013513514
4874 0.027027028
9230 0.013513514
20750 0.027027028
9361 0.04054054
8851 0.013513514
4371 0.027027028
22294 0.013513514
8343 0.013513514
153 0.013513514
11932 0.013513514
12830 0.013513514
3745 0.027027028
3105 0.04054054
18340 0.013513514
2731 0.013513514
4923 0.013513514
17724 0.013513514
13503 0.013513514
14402 0.027027028
8259 0.04054054
3268 0.013513514
4934 0.013513514
1482 0.027027028
12365 0.013513514
2128 0.013513514
19286 0.013513514
20696 0.054054055
13020 0.013513514
6364 0.013513514
13532 0.027027028
1376 0.013513514
8674 0.013513514
6116 0.013513514
18148 0.027027028
5861 0.013513514
20453 0.027027028
3306 0.027027028
1006 0.013513514
13041 0.013513514
884 0.013513514
21621 0.027027028
2041 0.013513514
3323 0.027027028
20223 0.013513514
3839 0.054054055
