19712 0.006060606
21378 0.006060606
3842 0.006060606
16003 0.054545455
4874 0.006060606
8843 0.006060606
4107 0.006060606
9611 0.006060606
5900 0.006060606
20878 0.006060606
10896 0.006060606
10897 0.006060606
13841 0.006060606
1427 0.006060606
4371 0.006060606
11925 0.006060606
3862 0.006060606
10646 0.06666667
12568 0.006060606
21787 0.006060606
2459 0.006060606
17310 0.006060606
15903 0.006060606
6687 0.012121212
7968 0.012121212
5025 0.006060606
19234 0.006060606
11298 0.018181818
163 0.018181818
12710 0.012121212
21545 0.006060606
7211 0.006060606
9772 0.006060606
10284 0.048484847
13613 0.006060606
19886 0.006060606
1072 0.030303031
14514 0.006060606
7218 0.006060606
20402 0.006060606
8371 0.006060606
21044 0.006060606
12468 0.006060606
17464 0.006060606
18872 0.012121212
6073 0.006060606
14650 0.006060606
17724 0.006060606
9918 0.006060606
4161 0.012121212
5825 0.048484847
8259 0.030303031
3013 0.006060606
16582 0.006060606
18758 0.006060606
14798 0.018181818
977 0.006060606
3412 0.006060606
7124 0.036363635
10454 0.006060606
2390 0.006060606
9434 0.006060606
20571 0.006060606
3419 0.006060606
4702 0.048484847
1376 0.012121212
7265 0.006060606
20065 0.006060606
8163 0.006060606
20196 0.006060606
3044 0.006060606
8424 0.012121212
4714 0.006060606
8175 0.006060606
4591 0.006060606
3439 0.006060606
18544 0.006060606
20336 0.006060606
13041 0.006060606
11121 0.030303031
13426 0.006060606
20723 0.006060606
884 0.012121212
4469 0.006060606
2293 0.006060606
1399 0.018181818
9975 0.024242423
21752 0.006060606
20218 0.006060606
13180 0.006060606
