512 0.014814815
14085 0.0074074073
8455 0.0074074073
10763 0.0074074073
16396 0.0074074073
2061 0.0074074073
22030 0.0074074073
17935 0.0074074073
22035 0.0074074073
5396 0.037037037
10005 0.0074074073
278 0.014814815
12830 0.0074074073
3105 0.0074074073
10025 0.0074074073
21292 0.0074074073
13613 0.0074074073
1837 0.014814815
10546 0.0074074073
3128 0.014814815
4161 0.014814815
9538 0.0074074073
14402 0.0074074073
8259 0.0074074073
10821 0.014814815
7505 0.0074074073
9041 0.0074074073
3922 0.0074074073
2390 0.022222223
18263 0.0074074073
2393 0.0074074073
19290 0.0074074073
14173 0.0074074073
8800 0.0074074073
14442 0.0074074073
12394 0.0074074073
11883 0.014814815
884 0.0074074073
19062 0.014814815
1399 0.014814815
19320 0.014814815
13696 0.0074074073
14727 0.0074074073
9352 0.0074074073
10380 0.0074074073
17294 0.0074074073
7311 0.0074074073
10896 0.0074074073
10897 0.0074074073
20883 0.0074074073
7830 0.0074074073
21398 0.0074074073
8343 0.0074074073
21401 0.0074074073
18842 0.0074074073
11932 0.0074074073
15517 0.0074074073
19613 0.0074074073
20127 0.0074074073
15522 0.0074074073
16806 0.0074074073
15528 0.0074074073
8873 0.0074074073
5034 0.0074074073
19886 0.037037037
14514 0.0074074073
10677 0.0074074073
19895 0.0074074073
12472 0.0074074073
3000 0.0074074073
3262 0.0074074073
3522 0.0074074073
13255 0.0074074073
16841 0.0074074073
14027 0.02962963
13260 0.0074074073
4556 0.014814815
3790 0.0074074073
11734 0.0074074073
20438 0.014814815
14806 0.014814815
20696 0.0074074073
13532 0.014814815
12765 0.0074074073
14818 0.0074074073
21219 0.0074074073
1507 0.014814815
5092 0.0074074073
6116 0.014814815
6886 0.0074074073
20198 0.0074074073
16104 0.0074074073
7914 0.0074074073
14314 0.0074074073
20203 0.0074074073
7916 0.014814815
12271 0.0074074073
19696 0.0074074073
10227 0.0074074073
7160 0.0074074073
3323 0.014814815
17661 0.0074074073
3327 0.0074074073
6143 0.0074074073
