7680 0.002173913
12291 0.002173913
17415 0.002173913
22025 0.002173913
10763 0.002173913
14347 0.002173913
1035 0.002173913
14860 0.002173913
16396 0.004347826
2061 0.002173913
20493 0.004347826
17935 0.004347826
10767 0.010869565
22035 0.004347826
6164 0.002173913
16405 0.002173913
14874 0.002173913
6684 0.002173913
15900 0.004347826
15902 0.008695652
6688 0.004347826
3105 0.004347826
9250 0.002173913
11298 0.002173913
22050 0.002173913
7211 0.002173913
4654 0.002173913
22064 0.002173913
11825 0.004347826
2611 0.004347826
6708 0.002173913
5684 0.002173913
21044 0.004347826
20020 0.008695652
1081 0.002173913
14402 0.002173913
8259 0.008695652
18501 0.004347826
10821 0.010869565
3142 0.002173913
8263 0.006521739
4169 0.002173913
5200 0.004347826
7252 0.002173913
13919 0.004347826
8288 0.002173913
20065 0.002173913
13410 0.004347826
20579 0.004347826
10347 0.002173913
11883 0.002173913
12395 0.002173913
21613 0.002173913
15469 0.004347826
7792 0.002173913
13426 0.002173913
21621 0.008695652
22134 0.002173913
19062 0.004347826
18044 0.002173913
11905 0.002173913
13441 0.008695652
11913 0.002173913
14987 0.002173913
3213 0.006521739
10896 0.002173913
18064 0.002173913
10897 0.013043478
9879 0.002173913
8343 0.008695652
153 0.006521739
11932 0.004347826
20127 0.004347826
12967 0.002173913
15527 0.002173913
11944 0.002173913
168 0.002173913
20648 0.010869565
17577 0.002173913
10410 0.002173913
2731 0.002173913
13485 0.006521739
8368 0.006521739
20145 0.004347826
21682 0.002173913
4789 0.004347826
12470 0.002173913
13494 0.002173913
20150 0.006521739
19127 0.002173913
18107 0.030434782
8892 0.002173913
13503 0.002173913
5825 0.008695652
9410 0.004347826
3268 0.002173913
16582 0.002173913
2758 0.002173913
9926 0.002173913
4298 0.002173913
14028 0.002173913
5329 0.002173913
209 0.004347826
2262 0.010869565
16599 0.004347826
20696 0.006521739
1241 0.002173913
7897 0.002173913
2781 0.004347826
1249 0.002173913
3300 0.002173913
233 0.002173913
3306 0.002173913
20203 0.004347826
7916 0.002173913
14061 0.002173913
22263 0.002173913
17661 0.002173913
19198 0.002173913
14085 0.008695652
11527 0.004347826
20231 0.069565214
14090 0.002173913
4874 0.002173913
5900 0.002173913
1295 0.002173913
1807 0.002173913
4371 0.002173913
3860 0.002173913
19221 0.002173913
6934 0.002173913
4903 0.002173913
10025 0.002173913
298 0.004347826
13613 0.006521739
18222 0.006521739
15154 0.002173913
5426 0.015217391
12083 0.004347826
4405 0.002173913
10041 0.019565217
14650 0.002173913
16701 0.002173913
7999 0.004347826
11073 0.002173913
1858 0.004347826
11080 0.015217391
14665 0.002173913
16717 0.004347826
20813 0.006521739
11598 0.004347826
8533 0.002173913
2390 0.002173913
20825 0.002173913
2393 0.002173913
2906 0.002173913
3419 0.002173913
14684 0.002173913
15196 0.004347826
18270 0.002173913
16736 0.004347826
18272 0.004347826
14691 0.002173913
11107 0.002173913
10083 0.015217391
5988 0.006521739
5990 0.002173913
15209 0.002173913
20336 0.002173913
8561 0.002173913
11635 0.006521739
884 0.004347826
19831 0.004347826
1399 0.015217391
19320 0.002173913
8573 0.002173913
15744 0.002173913
4490 0.002173913
9100 0.002173913
1426 0.002173913
18836 0.002173913
13210 0.004347826
2982 0.002173913
12710 0.023913043
3500 0.002173913
13741 0.002173913
19893 0.015217391
21432 0.006521739
6588 0.002173913
12734 0.004347826
20425 0.015217391
3530 0.006521739
6091 0.013043478
13260 0.030434782
10704 0.002173913
6612 0.002173913
9685 0.002173913
21464 0.002173913
13789 0.002173913
12765 0.004347826
7135 0.002173913
481 0.002173913
6626 0.002173913
8163 0.004347826
16869 0.002173913
16871 0.002173913
1006 0.004347826
16367 0.002173913
12271 0.002173913
3058 0.013043478
9716 0.002173913
13814 0.02173913
9719 0.002173913
2041 0.002173913
