21121 0.00877193
16129 0.00877193
5380 0.00877193
14085 0.02631579
6409 0.00877193
17419 0.00877193
3982 0.00877193
6286 0.00877193
6032 0.01754386
17553 0.01754386
4371 0.00877193
5396 0.01754386
22294 0.01754386
8343 0.00877193
153 0.00877193
10651 0.01754386
11932 0.00877193
9630 0.00877193
3745 0.00877193
3105 0.00877193
12710 0.00877193
12583 0.00877193
15528 0.00877193
21291 0.00877193
13613 0.00877193
3247 0.00877193
8368 0.00877193
11825 0.00877193
311 0.00877193
14650 0.02631579
6588 0.01754386
18877 0.00877193
6336 0.00877193
1858 0.01754386
10562 0.01754386
10691 0.01754386
8259 0.02631579
3268 0.01754386
21445 0.00877193
3269 0.00877193
10821 0.02631579
8263 0.01754386
6215 0.01754386
2119 0.01754386
462 0.00877193
1488 0.01754386
20437 0.00877193
20310 0.00877193
6999 0.00877193
20696 0.00877193
21465 0.00877193
4570 0.00877193
11482 0.00877193
20571 0.00877193
6364 0.01754386
9951 0.00877193
6239 0.00877193
11360 0.01754386
7265 0.01754386
6371 0.00877193
5859 0.00877193
20579 0.00877193
10083 0.01754386
6116 0.00877193
15208 0.01754386
15853 0.00877193
1006 0.01754386
6255 0.00877193
16496 0.00877193
12016 0.01754386
13041 0.01754386
21746 0.00877193
5235 0.01754386
2292 0.00877193
4342 0.00877193
17015 0.00877193
3323 0.01754386
17661 0.00877193
18046 0.00877193
6143 0.00877193
3839 0.01754386
