2176 0.010752688
2690 0.010752688
5892 0.010752688
8070 0.05376344
3210 0.010752688
13450 0.010752688
10763 0.010752688
5900 0.032258064
1166 0.010752688
10767 0.010752688
8208 0.010752688
4371 0.010752688
13844 0.010752688
8343 0.021505376
3360 0.010752688
15266 0.010752688
10276 0.010752688
7082 0.05376344
17327 0.010752688
4399 0.010752688
15024 0.010752688
14515 0.021505376
14650 0.021505376
6459 0.021505376
7486 0.010752688
4161 0.010752688
8259 0.010752688
10691 0.010752688
2758 0.010752688
8263 0.010752688
12871 0.010752688
4169 0.032258064
716 0.010752688
11598 0.010752688
718 0.043010753
3922 0.010752688
18263 0.010752688
21464 0.010752688
3288 0.086021505
16729 0.010752688
7130 0.010752688
14173 0.010752688
8163 0.010752688
6116 0.010752688
5861 0.010752688
2662 0.010752688
8297 0.086021505
1006 0.010752688
13041 0.010752688
9971 0.010752688
11635 0.021505376
884 0.021505376
2293 0.010752688
9975 0.010752688
1399 0.021505376
19199 0.021505376
