12803 0.006993007
5892 0.006993007
17415 0.006993007
5900 0.006993007
9100 0.013986014
6798 0.006993007
10767 0.006993007
10897 0.02097902
22035 0.006993007
150 0.006993007
11932 0.02097902
2975 0.006993007
15903 0.006993007
8097 0.006993007
15138 0.006993007
6435 0.013986014
38 0.006993007
7208 0.006993007
11690 0.006993007
12205 0.034965035
12594 0.006993007
180 0.013986014
19126 0.006993007
4665 0.013986014
8890 0.006993007
14650 0.013986014
6459 0.027972028
10301 0.013986014
18877 0.02097902
192 0.006993007
14402 0.006993007
11718 0.006993007
2758 0.006993007
2390 0.027972028
18263 0.013986014
7642 0.006993007
5212 0.04895105
6368 0.006993007
1376 0.006993007
13155 0.006993007
10083 0.006993007
3044 0.006993007
6116 0.006993007
6886 0.006993007
2662 0.006993007
13929 0.006993007
8297 0.02097902
7916 0.006993007
16621 0.013986014
1006 0.02097902
18544 0.006993007
12016 0.013986014
17520 0.013986014
2673 0.006993007
2674 0.006993007
19954 0.006993007
11635 0.062937066
9971 0.06993007
15348 0.006993007
9461 0.07692308
14455 0.006993007
14584 0.006993007
14587 0.006993007
21628 0.006993007
12413 0.02097902
13566 0.055944055
6143 0.034965035
