21639 0.006849315
17415 0.01369863
4874 0.006849315
7053 0.006849315
11407 0.006849315
11151 0.020547945
10767 0.02739726
18064 0.006849315
9232 0.020547945
18834 0.006849315
19603 0.006849315
150 0.006849315
3350 0.006849315
18070 0.01369863
3735 0.006849315
5787 0.006849315
14620 0.006849315
12830 0.006849315
15262 0.006849315
15903 0.020547945
3745 0.01369863
8357 0.006849315
11941 0.006849315
18731 0.006849315
12206 0.006849315
13870 0.006849315
20527 0.01369863
8371 0.006849315
14515 0.01369863
1461 0.006849315
7479 0.006849315
4025 0.006849315
14650 0.006849315
9147 0.006849315
8763 0.02739726
18877 0.01369863
22206 0.006849315
15808 0.006849315
16064 0.006849315
19778 0.006849315
21570 0.006849315
6339 0.006849315
9412 0.01369863
10821 0.020547945
18758 0.006849315
20428 0.01369863
6351 0.006849315
337 0.006849315
977 0.006849315
3922 0.02739726
9685 0.006849315
21465 0.006849315
11611 0.01369863
18397 0.006849315
6623 0.006849315
6368 0.006849315
13792 0.006849315
20192 0.006849315
9057 0.006849315
14561 0.01369863
10083 0.006849315
13155 0.020547945
7914 0.006849315
11883 0.006849315
17004 0.01369863
13805 0.006849315
18414 0.020547945
12016 0.01369863
16496 0.06849315
13041 0.006849315
17906 0.006849315
11635 0.020547945
5493 0.006849315
18677 0.006849315
10101 0.020547945
12278 0.006849315
12279 0.006849315
9975 0.02739726
15610 0.01369863
6268 0.006849315
21628 0.006849315
14461 0.006849315
6142 0.02739726
12670 0.06849315
