1540 0.0038461538
17415 0.0038461538
16394 0.0038461538
10763 0.0038461538
5900 0.01923077
10767 0.0038461538
10259 0.0076923077
2836 0.0038461538
13844 0.015384615
13334 0.0038461538
22294 0.0076923077
19736 0.011538462
8475 0.0038461538
4635 0.023076924
11298 0.015384615
9250 0.01923077
15908 0.0038461538
20516 0.0076923077
21541 0.0076923077
2854 0.0038461538
6952 0.034615386
17196 0.0038461538
12082 0.0038461538
3891 0.0038461538
4915 0.0038461538
21813 0.0038461538
14650 0.011538462
59 0.0038461538
22076 0.0076923077
11837 0.0038461538
8254 0.0076923077
11327 0.0076923077
18239 0.01923077
8000 0.0038461538
8257 0.0038461538
1863 0.0038461538
8263 0.0038461538
12624 0.0038461538
3154 0.0038461538
9810 0.0038461538
20821 0.0038461538
8021 0.0038461538
18518 0.0038461538
18263 0.0038461538
6747 0.0038461538
15196 0.0038461538
9310 0.0038461538
1376 0.0038461538
21345 0.0038461538
7265 0.0076923077
10083 0.0038461538
3172 0.0038461538
2662 0.0038461538
3430 0.0076923077
15209 0.0038461538
8811 0.0038461538
13678 0.0038461538
11121 0.0076923077
11635 0.0038461538
884 0.0038461538
10868 0.0038461538
21621 0.0038461538
2424 0.0038461538
19581 0.03076923
1409 0.0038461538
8070 0.0038461538
9862 0.01923077
15242 0.0038461538
6286 0.0038461538
9620 0.011538462
150 0.0076923077
9370 0.0038461538
10651 0.06923077
4764 0.0038461538
9374 0.0038461538
13983 0.0076923077
8097 0.0038461538
3745 0.0076923077
15011 0.0038461538
6828 0.0038461538
19886 0.0038461538
14515 0.01923077
20405 0.03076923
18872 0.0076923077
4025 0.0076923077
8384 0.0076923077
5825 0.011538462
11718 0.0038461538
16582 0.0038461538
9926 0.0076923077
21704 0.0038461538
10184 0.0076923077
16841 0.0038461538
1482 0.0076923077
1739 0.0038461538
1996 0.0038461538
9935 0.0038461538
11215 0.0038461538
19408 0.0038461538
16338 0.0038461538
10451 0.0038461538
20437 0.011538462
17366 0.0038461538
20696 0.023076924
5850 0.0038461538
13278 0.0038461538
6623 0.0038461538
18657 0.0038461538
6116 0.0076923077
4837 0.0038461538
20453 0.0038461538
5861 0.0038461538
5349 0.011538462
8422 0.0038461538
10214 0.0038461538
16871 0.0038461538
2791 0.0038461538
6888 0.0038461538
18414 0.0076923077
1006 0.011538462
10993 0.0038461538
8433 0.0038461538
14838 0.0038461538
16886 0.0076923077
11512 0.042307694
20217 0.0038461538
14330 0.0038461538
250 0.0038461538
3323 0.011538462
5631 0.0038461538
19199 0.0038461538
3839 0.0076923077
6143 0.015384615
