8832 0.005952381
7938 0.017857144
16002 0.023809524
1411 0.005952381
4100 0.005952381
13958 0.005952381
17158 0.005952381
9352 0.005952381
5512 0.005952381
10888 0.023809524
3596 0.005952381
16396 0.005952381
13841 0.005952381
13329 0.011904762
10897 0.029761905
1682 0.011904762
12180 0.005952381
20501 0.005952381
15509 0.005952381
8853 0.017857144
150 0.005952381
22294 0.017857144
8343 0.005952381
11672 0.005952381
15903 0.005952381
13857 0.005952381
163 0.017857144
38 0.023809524
4903 0.005952381
7211 0.011904762
10284 0.023809524
2864 0.005952381
14515 0.005952381
9139 0.011904762
2356 0.005952381
8630 0.005952381
311 0.005952381
11320 0.005952381
7227 0.005952381
18623 0.005952381
319 0.005952381
14402 0.005952381
21570 0.005952381
18118 0.011904762
8263 0.005952381
18760 0.005952381
14920 0.005952381
19658 0.005952381
19531 0.005952381
462 0.005952381
14798 0.005952381
6862 0.005952381
10321 0.005952381
9041 0.011904762
11731 0.011904762
5460 0.023809524
2390 0.017857144
22111 0.005952381
9951 0.005952381
16736 0.005952381
7265 0.005952381
21346 0.005952381
5730 0.023809524
11363 0.005952381
13155 0.04761905
20196 0.005952381
2662 0.005952381
5990 0.005952381
6758 0.005952381
7914 0.005952381
2410 0.005952381
4714 0.029761905
4205 0.011904762
11501 0.011904762
1006 0.005952381
18414 0.005952381
10350 0.023809524
17647 0.005952381
12016 0.005952381
18290 0.011904762
12020 0.005952381
19188 0.005952381
2293 0.005952381
14838 0.065476194
9975 0.011904762
21752 0.005952381
22008 0.011904762
3323 0.023809524
5500 0.005952381
4477 0.005952381
6143 0.005952381
3199 0.035714287
