4100 0.0030674846
5892 0.0030674846
9988 0.0030674846
5893 0.012269938
10246 0.006134969
10763 0.015337423
15629 0.0030674846
20750 0.0030674846
17935 0.0030674846
10767 0.012269938
19216 0.0030674846
19732 0.0030674846
22294 0.0030674846
19736 0.027607363
4635 0.027607363
5660 0.0030674846
15900 0.006134969
13855 0.0030674846
6688 0.0030674846
11298 0.0030674846
9250 0.006134969
3619 0.0030674846
6435 0.0030674846
21796 0.0030674846
12325 0.0030674846
21541 0.0030674846
38 0.0030674846
4903 0.0030674846
18729 0.0030674846
298 0.0030674846
6444 0.015337423
13613 0.0030674846
18222 0.0030674846
10546 0.0030674846
8243 0.0030674846
20020 0.0030674846
21813 0.006134969
311 0.006134969
4665 0.012269938
14650 0.009202454
4923 0.006134969
8508 0.0030674846
15422 0.006134969
11327 0.0030674846
18239 0.018404908
17476 0.0030674846
10821 0.0030674846
12871 0.0030674846
16717 0.0030674846
11598 0.0030674846
19025 0.0030674846
16724 0.0030674846
18263 0.0030674846
16471 0.0030674846
13919 0.006134969
20579 0.0030674846
15971 0.006134969
3430 0.0030674846
2662 0.006134969
15975 0.0030674846
20072 0.0030674846
12649 0.0030674846
15209 0.015337423
16495 0.015337423
10608 0.0030674846
14448 0.0030674846
11121 0.0030674846
11635 0.0030674846
884 0.0030674846
10868 0.009202454
10101 0.0030674846
19062 0.0030674846
19581 0.021472393
5502 0.0030674846
5246 0.0030674846
13952 0.0030674846
2690 0.0030674846
3973 0.0030674846
12165 0.009202454
20360 0.0030674846
3725 0.0030674846
17549 0.0030674846
3982 0.0030674846
7567 0.006134969
21905 0.0030674846
10897 0.0030674846
19603 0.009202454
20883 0.009202454
917 0.0030674846
8343 0.006134969
10651 0.009202454
11932 0.0030674846
4510 0.012269938
3745 0.0030674846
5025 0.0030674846
20385 0.0030674846
8097 0.0030674846
18853 0.0030674846
15528 0.0030674846
7082 0.012269938
13229 0.0030674846
13485 0.0030674846
19886 0.006134969
10417 0.0030674846
7090 0.0030674846
9139 0.0030674846
8371 0.0030674846
20405 0.018404908
20663 0.0030674846
21947 0.0030674846
5308 0.0030674846
8893 0.0030674846
18623 0.0030674846
6849 0.0030674846
18369 0.0030674846
3524 0.0030674846
9157 0.009202454
710 0.0030674846
18630 0.0030674846
16582 0.0030674846
1482 0.006134969
12492 0.0030674846
19917 0.0030674846
9935 0.006134969
1488 0.036809817
3025 0.0030674846
10451 0.024539877
6612 0.058282208
20437 0.006134969
18134 0.0030674846
3288 0.018404908
20696 0.0398773
217 0.0030674846
7897 0.0030674846
21465 0.0030674846
13532 0.0030674846
16093 0.0030674846
9951 0.0030674846
6623 0.0030674846
6116 0.0030674846
5349 0.0030674846
8422 0.0030674846
6886 0.015337423
5096 0.0030674846
21739 0.0030674846
16621 0.0030674846
1006 0.0030674846
8175 0.0030674846
11504 0.0030674846
12016 0.012269938
241 0.0030674846
1780 0.0030674846
7669 0.0030674846
7160 0.0030674846
11512 0.0398773
6137 0.0030674846
3323 0.009202454
6143 0.0030674846
5631 0.0030674846
