8194 0.007936508
16003 0.015873017
4100 0.023809524
8709 0.007936508
4874 0.007936508
5900 0.023809524
10254 0.007936508
11151 0.007936508
18064 0.007936508
1552 0.007936508
6032 0.007936508
10897 0.04761905
5650 0.007936508
4371 0.007936508
8468 0.007936508
8343 0.007936508
22298 0.007936508
3610 0.007936508
2459 0.015873017
15900 0.007936508
8097 0.007936508
5025 0.015873017
19234 0.007936508
9250 0.023809524
17059 0.007936508
20516 0.007936508
38 0.015873017
8743 0.007936508
3751 0.007936508
7208 0.007936508
5162 0.007936508
18731 0.007936508
4395 0.007936508
7211 0.023809524
16812 0.007936508
10284 0.06349207
13613 0.007936508
4654 0.007936508
17327 0.007936508
5170 0.007936508
8371 0.007936508
8630 0.007936508
14520 0.007936508
14650 0.007936508
6588 0.007936508
22076 0.015873017
15808 0.007936508
12480 0.007936508
5825 0.007936508
4161 0.023809524
14402 0.007936508
3522 0.015873017
8259 0.031746034
6980 0.007936508
10821 0.007936508
18758 0.007936508
2758 0.023809524
11598 0.007936508
9041 0.007936508
18263 0.007936508
21464 0.007936508
20696 0.015873017
16219 0.007936508
6239 0.007936508
6623 0.015873017
1376 0.007936508
21345 0.007936508
13538 0.007936508
6116 0.015873017
20453 0.007936508
2662 0.007936508
14311 0.007936508
20712 0.007936508
4714 0.007936508
16621 0.007936508
1006 0.007936508
14704 0.007936508
12016 0.007936508
12529 0.007936508
13041 0.015873017
1524 0.007936508
12020 0.015873017
1399 0.015873017
2041 0.015873017
15610 0.007936508
17661 0.007936508
