8836 0.008474576
16390 0.008474576
17415 0.008474576
16396 0.008474576
9100 0.008474576
5516 0.008474576
10767 0.016949153
13456 0.008474576
9361 0.008474576
3349 0.016949153
8855 0.016949153
153 0.008474576
15001 0.008474576
19104 0.008474576
9250 0.008474576
13349 0.008474576
4649 0.008474576
13613 0.008474576
18991 0.016949153
22064 0.008474576
11825 0.025423728
19250 0.008474576
6325 0.008474576
4789 0.008474576
15034 0.008474576
15419 0.033898305
319 0.008474576
5825 0.008474576
14402 0.025423728
13379 0.008474576
8259 0.050847456
21445 0.008474576
2758 0.008474576
18758 0.008474576
4934 0.033898305
8263 0.008474576
2119 0.008474576
1482 0.016949153
10699 0.008474576
11598 0.016949153
1488 0.016949153
19799 0.008474576
20696 0.050847456
21465 0.008474576
19548 0.008474576
1372 0.016949153
9565 0.008474576
6237 0.008474576
19806 0.016949153
4576 0.008474576
18401 0.008474576
5859 0.008474576
10083 0.008474576
3044 0.008474576
6116 0.033898305
8422 0.008474576
2662 0.016949153
15209 0.008474576
16621 0.008474576
8557 0.008474576
18541 0.033898305
1006 0.008474576
21487 0.008474576
13041 0.025423728
20723 0.008474576
884 0.016949153
2293 0.008474576
119 0.008474576
1399 0.042372882
2041 0.016949153
3323 0.016949153
4349 0.008474576
6143 0.008474576
