8834 0.00952381
2306 0.00952381
17795 0.00952381
8837 0.00952381
12037 0.00952381
20231 0.00952381
9352 0.00952381
4874 0.00952381
12172 0.00952381
9100 0.01904762
2061 0.00952381
11151 0.04761905
10897 0.01904762
13844 0.00952381
8343 0.00952381
1948 0.00952381
4004 0.00952381
12710 0.03809524
6824 0.00952381
298 0.00952381
8111 0.00952381
21174 0.00952381
17336 0.00952381
3130 0.00952381
17595 0.00952381
8254 0.01904762
12095 0.00952381
6336 0.00952381
4161 0.00952381
14402 0.00952381
10691 0.00952381
8259 0.04761905
16069 0.00952381
6214 0.00952381
8263 0.00952381
1224 0.00952381
19917 0.00952381
20942 0.00952381
13135 0.00952381
1488 0.00952381
21841 0.00952381
2390 0.00952381
18263 0.00952381
8152 0.00952381
858 0.01904762
18781 0.00952381
13405 0.01904762
9951 0.00952381
6239 0.00952381
20579 0.00952381
16871 0.00952381
6888 0.00952381
108 0.00952381
18796 0.0952381
10350 0.07619048
19695 0.00952381
11635 0.00952381
1269 0.00952381
6903 0.00952381
16503 0.01904762
1399 0.03809524
8569 0.00952381
11643 0.028571429
11644 0.00952381
15484 0.00952381
16508 0.00952381
17661 0.00952381
