16449 0.023809524
3522 0.023809524
4037 0.023809524
15429 0.16666667
19463 0.023809524
10065 0.04761905
337 0.071428575
21465 0.023809524
19676 0.023809524
15903 0.023809524
6623 0.023809524
11298 0.04761905
6116 0.023809524
20516 0.023809524
18726 0.023809524
2662 0.071428575
5801 0.023809524
18153 0.023809524
2732 0.023809524
17004 0.04761905
13613 0.023809524
12206 0.023809524
1006 0.023809524
12016 0.023809524
12594 0.023809524
13621 0.023809524
2293 0.023809524
1721 0.023809524
22206 0.023809524
