7680 0.004115226
9988 0.004115226
8709 0.004115226
5893 0.024691358
10248 0.004115226
16396 0.004115226
5900 0.008230452
10767 0.004115226
17935 0.004115226
2836 0.004115226
13847 0.012345679
21528 0.004115226
19736 0.012345679
4635 0.008230452
21796 0.004115226
12325 0.004115226
21541 0.004115226
38 0.004115226
7208 0.004115226
6952 0.004115226
13097 0.004115226
298 0.004115226
6444 0.004115226
13613 0.008230452
17965 0.04526749
10545 0.004115226
7474 0.008230452
19250 0.008230452
7220 0.004115226
14650 0.004115226
2362 0.004115226
1594 0.004115226
1851 0.004115226
8508 0.004115226
18239 0.004115226
11327 0.008230452
21312 0.004115226
11073 0.004115226
10821 0.028806584
18758 0.004115226
8263 0.004115226
4169 0.004115226
2380 0.004115226
16717 0.004115226
11598 0.004115226
337 0.004115226
7252 0.004115226
21588 0.004115226
2901 0.004115226
18263 0.053497944
4440 0.004115226
6239 0.004115226
13919 0.012345679
21345 0.004115226
14436 0.004115226
8557 0.004115226
8561 0.004115226
11635 0.008230452
8052 0.004115226
21110 0.004115226
19062 0.012345679
3449 0.004115226
19581 0.012345679
14462 0.004115226
16003 0.004115226
9862 0.016460905
3982 0.004115226
17294 0.004115226
6032 0.012345679
20624 0.020576132
10897 0.004115226
14230 0.004115226
8343 0.008230452
8090 0.004115226
5019 0.004115226
2204 0.004115226
11932 0.008230452
6813 0.004115226
16797 0.004115226
18334 0.004115226
13983 0.004115226
20127 0.012345679
19620 0.004115226
9387 0.004115226
2731 0.004115226
12205 0.004115226
8111 0.008230452
9139 0.004115226
1716 0.004115226
20405 0.03292181
19385 0.004115226
22206 0.004115226
16064 0.028806584
21698 0.004115226
963 0.004115226
14022 0.004115226
16582 0.004115226
11467 0.024691358
2509 0.004115226
462 0.004115226
9935 0.024691358
14288 0.004115226
10451 0.04526749
3288 0.004115226
20696 0.020576132
18910 0.004115226
7135 0.004115226
6623 0.004115226
4319 0.008230452
13538 0.004115226
12771 0.004115226
20453 0.004115226
20968 0.004115226
7914 0.004115226
14829 0.004115226
14061 0.008230452
1006 0.008230452
21487 0.012345679
12016 0.004115226
20723 0.008230452
21492 0.004115226
17653 0.008230452
6391 0.004115226
11512 0.041152265
3323 0.004115226
8444 0.004115226
