13952 0.0066225166
8194 0.0066225166
1410 0.013245033
5122 0.06622516
15876 0.0066225166
11141 0.013245033
3333 0.06622516
6534 0.0066225166
20230 0.0397351
3464 0.013245033
5900 0.0066225166
14860 0.0066225166
15374 0.059602648
11151 0.0066225166
18064 0.0066225166
10897 0.013245033
18834 0.0066225166
6162 0.0066225166
22294 0.0066225166
19993 0.0066225166
5788 0.0066225166
11934 0.0066225166
15903 0.0066225166
18208 0.0066225166
3105 0.0066225166
6435 0.0066225166
17315 0.0066225166
20643 0.0066225166
21541 0.013245033
14632 0.013245033
7082 0.0066225166
7211 0.0066225166
1837 0.0066225166
13870 0.03311258
7474 0.0066225166
17587 0.0066225166
4405 0.01986755
21813 0.052980132
12726 0.0066225166
19126 0.0066225166
17975 0.0066225166
14650 0.0066225166
9147 0.0066225166
18877 0.0066225166
6336 0.0066225166
9152 0.026490066
11073 0.0066225166
1473 0.0066225166
195 0.0066225166
8259 0.0066225166
7110 0.0066225166
12230 0.0066225166
10695 0.0066225166
14798 0.0066225166
21841 0.0066225166
11987 0.0066225166
2390 0.013245033
11607 0.0066225166
18263 0.0066225166
3288 0.0066225166
20696 0.0066225166
14300 0.0066225166
16605 0.01986755
3551 0.013245033
6623 0.03311258
10083 0.0066225166
20579 0.0066225166
2915 0.0066225166
6116 0.0066225166
2917 0.0066225166
5990 0.0066225166
2791 0.01986755
12264 0.0066225166
21739 0.0066225166
15980 0.0066225166
16621 0.0066225166
9710 0.0066225166
7024 0.0066225166
14704 0.0066225166
13041 0.0066225166
8433 0.0066225166
13170 0.0066225166
12147 0.0066225166
16500 0.0066225166
7292 0.0066225166
7421 0.0066225166
20350 0.0066225166
19199 0.0066225166
