512 0.0020533882
10763 0.0041067763
16396 0.0020533882
10767 0.0061601643
13844 0.0061601643
20501 0.008213553
6680 0.0020533882
3609 0.0020533882
6688 0.0020533882
10272 0.0041067763
12321 0.0020533882
11298 0.0041067763
9250 0.0041067763
6181 0.0020533882
2089 0.0020533882
18987 0.0020533882
7211 0.0041067763
8237 0.0020533882
22064 0.008213553
20020 0.0020533882
21044 0.0020533882
14394 0.0020533882
15419 0.0020533882
6716 0.0020533882
8254 0.0020533882
17471 0.0061601643
14402 0.0020533882
13379 0.0020533882
8259 0.026694044
17476 0.0020533882
10821 0.016427105
8263 0.0020533882
21588 0.0020533882
1114 0.0041067763
10331 0.0020533882
6237 0.0020533882
10334 0.0020533882
16481 0.0041067763
7265 0.016427105
18530 0.0020533882
2662 0.0061601643
9836 0.0020533882
10350 0.0020533882
16495 0.0020533882
16496 0.0020533882
5235 0.0020533882
21621 0.008213553
19062 0.0041067763
3191 0.0020533882
5753 0.0020533882
6265 0.0020533882
3199 0.0041067763
11905 0.0020533882
16003 0.02258727
9863 0.0020533882
9352 0.0020533882
2698 0.0041067763
14992 0.0020533882
10897 0.0020533882
17553 0.0020533882
9875 0.0020533882
13461 0.0020533882
8342 0.0041067763
150 0.0061601643
3735 0.0020533882
8343 0.0123203285
153 0.008213553
5788 0.0020533882
11932 0.008213553
18078 0.0020533882
9374 0.0020533882
16543 0.0020533882
3745 0.008213553
163 0.0020533882
7331 0.0020533882
15011 0.0020533882
9383 0.0020533882
6828 0.0061601643
22189 0.0020533882
13485 0.008213553
10417 0.0020533882
14514 0.0020533882
14515 0.008213553
16564 0.0041067763
14520 0.0020533882
1720 0.0020533882
7865 0.0041067763
3262 0.0020533882
16064 0.0020533882
21696 0.0020533882
5825 0.0041067763
20163 0.0020533882
19652 0.0020533882
9412 0.0041067763
9413 0.0020533882
16582 0.008213553
5323 0.0020533882
718 0.0041067763
6862 0.0041067763
20176 0.0020533882
3792 0.016427105
7381 0.0123203285
18136 0.0020533882
20696 0.0123203285
11482 0.0041067763
731 0.0041067763
13532 0.0020533882
21213 0.0020533882
6368 0.0061601643
12001 0.0020533882
9441 0.0041067763
5861 0.0041067763
15078 0.0020533882
8422 0.008213553
2791 0.0041067763
20712 0.0041067763
18153 0.0020533882
15087 0.0020533882
18159 0.0061601643
12016 0.0020533882
4850 0.0020533882
9975 0.0061601643
21752 0.0020533882
14584 0.0020533882
16632 0.0020533882
15608 0.0041067763
6393 0.0061601643
15610 0.0020533882
3323 0.0041067763
18684 0.0513347
17661 0.0041067763
22270 0.0020533882
3839 0.008213553
3842 0.0020533882
5892 0.0020533882
3850 0.0020533882
5900 0.008213553
4371 0.0123203285
22294 0.0020533882
4382 0.0020533882
13090 0.0020533882
6435 0.0020533882
18726 0.0020533882
4903 0.0020533882
6952 0.0020533882
13613 0.0020533882
2864 0.0061601643
11060 0.0020533882
4406 0.0041067763
7479 0.0020533882
14650 0.0061601643
12095 0.0020533882
9023 0.0041067763
8001 0.0020533882
1858 0.0020533882
11590 0.0020533882
4934 0.0020533882
18758 0.0020533882
18760 0.0020533882
11598 0.0020533882
9041 0.0020533882
4947 0.0061601643
11092 0.0020533882
9046 0.0020533882
18774 0.0041067763
18263 0.0041067763
11607 0.0061601643
17751 0.0061601643
16221 0.0020533882
14173 0.0020533882
16736 0.0061601643
21345 0.0020533882
8035 0.0020533882
14692 0.018480493
874 0.0020533882
6509 0.0020533882
3950 0.0061601643
11120 0.0020533882
11635 0.0020533882
884 0.0020533882
17784 0.0020533882
19322 0.0020533882
3969 0.01026694
13186 0.0020533882
1411 0.0020533882
11141 0.0020533882
17288 0.008213553
15241 0.0020533882
9100 0.0041067763
6032 0.0041067763
20886 0.0020533882
16279 0.0061601643
10651 0.0020533882
18332 0.0020533882
4510 0.0020533882
5025 0.008213553
9123 0.0020533882
12205 0.008213553
19886 0.0041067763
12206 0.0041067763
17840 0.0061601643
11700 0.0020533882
17336 0.0020533882
18872 0.008213553
1473 0.008213553
3522 0.0041067763
10691 0.008213553
9157 0.0020533882
17349 0.0020533882
13255 0.0020533882
19917 0.0020533882
18381 0.0020533882
462 0.0041067763
14798 0.0061601643
1488 0.0020533882
465 0.0020533882
20437 0.0020533882
21465 0.0020533882
7642 0.0020533882
5083 0.0041067763
14300 0.008213553
18397 0.0020533882
3039 0.0020533882
6623 0.008213553
3044 0.0020533882
16356 0.0020533882
20453 0.0020533882
16871 0.0020533882
1006 0.024640657
8175 0.0020533882
3058 0.0020533882
16370 0.01026694
14838 0.0061601643
6143 0.0020533882
