21893 0.005291005
11141 0.005291005
1546 0.005291005
10763 0.015873017
10767 0.005291005
11151 0.005291005
22288 0.005291005
10897 0.026455026
6419 0.005291005
8468 0.01058201
2197 0.005291005
14486 0.005291005
4758 0.005291005
150 0.01058201
22294 0.037037037
7830 0.037037037
8087 0.01058201
12311 0.015873017
1688 0.015873017
11932 0.01058201
13725 0.005291005
3745 0.005291005
2721 0.01058201
8097 0.015873017
11298 0.02116402
6435 0.02116402
932 0.005291005
20516 0.02116402
21541 0.005291005
16806 0.005291005
21164 0.005291005
8237 0.005291005
21679 0.005291005
1716 0.005291005
22196 0.01058201
15669 0.005291005
4789 0.015873017
11706 0.005291005
9276 0.005291005
3389 0.015873017
957 0.02116402
4287 0.005291005
21696 0.005291005
19137 0.005291005
705 0.07936508
21570 0.005291005
8259 0.015873017
2758 0.01058201
19399 0.015873017
8520 0.11640212
17366 0.015873017
18263 0.005291005
3671 0.015873017
8668 0.015873017
4573 0.005291005
1376 0.005291005
22112 0.01058201
2915 0.005291005
15078 0.005291005
8422 0.01058201
17896 0.005291005
20712 0.005291005
15209 0.005291005
8811 0.005291005
16621 0.005291005
1006 0.005291005
3950 0.015873017
18159 0.005291005
7024 0.005291005
11635 0.005291005
21621 0.01058201
4471 0.05820106
2553 0.005291005
2041 0.005291005
20218 0.005291005
14330 0.005291005
13566 0.015873017
6143 0.015873017
