18817 0.0045871558
16003 0.041284405
11141 0.0045871558
19847 0.0045871558
3341 0.0045871558
9230 0.0045871558
11151 0.0091743115
18064 0.0045871558
1682 0.027522936
13844 0.0091743115
8853 0.027522936
22294 0.059633028
3735 0.0045871558
21401 0.013761468
9114 0.0045871558
21786 0.0091743115
10651 0.0045871558
18077 0.0045871558
13983 0.0045871558
13855 0.0045871558
3745 0.013761468
16676 0.0045871558
4903 0.0045871558
11049 0.0045871558
1961 0.0091743115
7211 0.0091743115
2864 0.0045871558
14514 0.013761468
19126 0.0045871558
826 0.0045871558
1851 0.0045871558
320 0.0045871558
14402 0.0045871558
11971 0.013761468
9284 0.0045871558
9412 0.0045871558
13255 0.0045871558
12871 0.013761468
17609 0.0045871558
3530 0.0045871558
1482 0.03211009
6220 0.0045871558
9165 0.0045871558
10957 0.0045871558
14798 0.0045871558
718 0.0045871558
6862 0.09174312
5455 0.0045871558
4047 0.0045871558
10065 0.0045871558
16599 0.0091743115
21465 0.018348623
217 0.08715596
8030 0.0045871558
21855 0.0045871558
13152 0.0045871558
6243 0.0045871558
10467 0.0045871558
4963 0.013761468
6116 0.0045871558
20198 0.0045871558
18663 0.0045871558
16871 0.0045871558
362 0.0045871558
2410 0.0091743115
8811 0.0091743115
17262 0.0045871558
18414 0.0045871558
18159 0.013761468
18544 0.0045871558
13041 0.0045871558
2674 0.0045871558
12020 0.0045871558
7669 0.0045871558
14330 0.0045871558
3323 0.15137614
4222 0.0045871558
3839 0.050458714
