5122 0.005586592
15362 0.005586592
5892 0.044692736
16519 0.005586592
5512 0.005586592
8843 0.005586592
17549 0.005586592
10897 0.005586592
1682 0.022346368
15509 0.005586592
8853 0.02793296
278 0.005586592
150 0.005586592
22294 0.022346368
13463 0.005586592
12055 0.005586592
153 0.005586592
16281 0.005586592
15005 0.005586592
12830 0.005586592
13470 0.005586592
13983 0.005586592
6944 0.005586592
18208 0.005586592
3745 0.005586592
11298 0.005586592
8739 0.005586592
38 0.022346368
7211 0.011173184
13613 0.005586592
14514 0.005586592
17587 0.005586592
4277 0.005586592
20150 0.005586592
19126 0.005586592
311 0.005586592
4025 0.033519555
14650 0.005586592
8508 0.005586592
3520 0.005586592
1473 0.005586592
5314 0.005586592
3522 0.011173184
14275 0.005586592
11971 0.005586592
8259 0.011173184
9412 0.005586592
9925 0.005586592
10821 0.033519555
18502 0.005586592
12490 0.005586592
20941 0.005586592
6862 0.02793296
11215 0.005586592
1488 0.005586592
9041 0.005586592
10065 0.016759777
723 0.005586592
10965 0.005586592
9046 0.005586592
2390 0.005586592
3288 0.016759777
7897 0.005586592
10467 0.005586592
13155 0.011173184
10083 0.02793296
8422 0.005586592
2662 0.0726257
15338 0.005586592
7659 0.005586592
9836 0.005586592
17389 0.005586592
1006 0.005586592
18159 0.005586592
21487 0.022346368
12016 0.005586592
13041 0.005586592
3697 0.011173184
13426 0.005586592
1524 0.005586592
884 0.005586592
2548 0.005586592
5623 0.005586592
12919 0.011173184
9975 0.09497207
21368 0.005586592
14330 0.005586592
3579 0.005586592
3323 0.02793296
6780 0.011173184
17661 0.005586592
12798 0.005586592
3839 0.016759777
