4100 0.013605442
5512 0.006802721
4874 0.006802721
6666 0.006802721
2698 0.006802721
5900 0.020408163
10380 0.034013607
17549 0.006802721
5646 0.013605442
10767 0.006802721
10897 0.006802721
13844 0.013605442
18454 0.006802721
22294 0.006802721
7830 0.020408163
150 0.034013607
153 0.006802721
2459 0.006802721
11298 0.006802721
15011 0.006802721
20260 0.006802721
9381 0.006802721
10284 0.027210884
12205 0.040816326
13870 0.020408163
7471 0.006802721
22064 0.006802721
14514 0.020408163
14515 0.006802721
21813 0.006802721
14903 0.013605442
18872 0.006802721
20538 0.006802721
16058 0.013605442
14650 0.020408163
15419 0.006802721
13883 0.006802721
21565 0.013605442
16064 0.006802721
21696 0.006802721
6336 0.020408163
10691 0.006802721
5957 0.006802721
16582 0.006802721
11590 0.06122449
13255 0.006802721
3400 0.013605442
21449 0.006802721
19408 0.006802721
4947 0.027210884
2390 0.027210884
3288 0.013605442
7130 0.006802721
5083 0.013605442
2140 0.006802721
6237 0.006802721
15966 0.006802721
7007 0.006802721
6239 0.006802721
6623 0.013605442
1376 0.006802721
9441 0.013605442
20579 0.006802721
11363 0.006802721
2915 0.006802721
2662 0.020408163
7914 0.006802721
4714 0.054421768
7659 0.013605442
7916 0.006802721
16621 0.006802721
18544 0.006802721
2288 0.006802721
13426 0.006802721
1780 0.006802721
17653 0.006802721
14838 0.006802721
3191 0.006802721
3323 0.013605442
21628 0.006802721
17661 0.006802721
5631 0.006802721
19199 0.006802721
