15808 0.014285714
9666 0.014285714
16003 0.042857144
7492 0.014285714
11141 0.014285714
326 0.014285714
18888 0.042857144
19594 0.014285714
2061 0.042857144
10767 0.014285714
10512 0.014285714
21392 0.028571429
9041 0.028571429
913 0.028571429
7381 0.028571429
8855 0.028571429
22297 0.014285714
21401 0.014285714
11360 0.014285714
6368 0.028571429
10467 0.014285714
6691 0.042857144
6116 0.014285714
16359 0.014285714
14759 0.014285714
15854 0.014285714
16496 0.028571429
15153 0.014285714
17329 0.028571429
2674 0.014285714
14515 0.014285714
15027 0.014285714
884 0.028571429
7669 0.042857144
3573 0.057142857
11768 0.014285714
2041 0.014285714
3323 0.042857144
6716 0.042857144
21565 0.014285714
19647 0.057142857
