5892 0.007633588
8070 0.007633588
9862 0.015267176
16390 0.015267176
10246 0.022900764
17415 0.007633588
10763 0.007633588
16396 0.015267176
14992 0.007633588
20624 0.007633588
6033 0.007633588
20883 0.007633588
1427 0.007633588
1812 0.007633588
8342 0.007633588
8343 0.007633588
19736 0.007633588
4635 0.022900764
9250 0.03816794
17700 0.007633588
17318 0.007633588
2473 0.015267176
2476 0.007633588
13613 0.022900764
19250 0.007633588
9139 0.007633588
9141 0.007633588
20405 0.03816794
12470 0.007633588
6584 0.007633588
16824 0.007633588
6585 0.007633588
14650 0.015267176
59 0.007633588
4669 0.007633588
4286 0.007633588
11327 0.015267176
18239 0.022900764
14273 0.007633588
9666 0.007633588
20163 0.007633588
10821 0.007633588
2758 0.015267176
12871 0.007633588
8263 0.015267176
13260 0.007633588
10451 0.030534351
7252 0.007633588
20437 0.007633588
16727 0.007633588
18263 0.03816794
20696 0.030534351
13659 0.015267176
6239 0.007633588
10335 0.015267176
18528 0.007633588
6368 0.007633588
11617 0.007633588
2531 0.007633588
20579 0.015267176
19044 0.007633588
20453 0.007633588
5861 0.007633588
5349 0.007633588
3430 0.015267176
999 0.007633588
10984 0.007633588
20841 0.007633588
15209 0.007633588
14442 0.007633588
1006 0.015267176
21487 0.007633588
8433 0.007633588
11635 0.015267176
2424 0.007633588
11512 0.07633588
2041 0.007633588
6138 0.015267176
1660 0.007633588
11644 0.007633588
19581 0.007633588
