13952 0.013333334
12037 0.013333334
16390 0.013333334
9352 0.013333334
6286 0.013333334
10897 0.053333335
20883 0.013333334
9237 0.013333334
22294 0.026666667
13847 0.013333334
8343 0.013333334
13721 0.013333334
15900 0.013333334
2721 0.013333334
3105 0.013333334
10154 0.013333334
10027 0.013333334
19884 0.013333334
16305 0.013333334
2482 0.013333334
12595 0.013333334
21813 0.013333334
8630 0.026666667
14650 0.026666667
17595 0.013333334
7485 0.013333334
4161 0.013333334
14402 0.013333334
9538 0.013333334
6729 0.013333334
18378 0.013333334
14027 0.013333334
13003 0.013333334
15567 0.013333334
12497 0.013333334
3922 0.013333334
9428 0.013333334
20052 0.013333334
20437 0.013333334
2390 0.013333334
3288 0.026666667
20696 0.026666667
5083 0.013333334
13405 0.013333334
4576 0.013333334
19936 0.013333334
20065 0.013333334
8163 0.013333334
20453 0.026666667
874 0.013333334
14314 0.013333334
18796 0.013333334
4205 0.013333334
14061 0.013333334
109 0.013333334
10350 0.026666667
19695 0.013333334
8177 0.013333334
13426 0.013333334
11635 0.013333334
1399 0.04
21752 0.013333334
2041 0.013333334
