15744 0.010204081
1410 0.010204081
11141 0.010204081
17550 0.010204081
10897 0.010204081
21140 0.010204081
20501 0.010204081
10389 0.030612245
22294 0.010204081
14620 0.010204081
4253 0.010204081
13855 0.010204081
15903 0.010204081
3745 0.010204081
2721 0.010204081
12321 0.010204081
8097 0.091836736
11298 0.010204081
163 0.030612245
676 0.020408163
2471 0.010204081
10284 0.030612245
6573 0.010204081
13613 0.010204081
4269 0.010204081
12205 0.040816326
17711 0.010204081
15027 0.010204081
180 0.010204081
6325 0.010204081
21813 0.020408163
311 0.020408163
6201 0.010204081
4025 0.010204081
13629 0.010204081
21570 0.010204081
3268 0.010204081
12869 0.010204081
9157 0.010204081
4934 0.010204081
19785 0.020408163
6988 0.010204081
19917 0.010204081
10065 0.010204081
14550 0.010204081
2390 0.010204081
3288 0.010204081
17757 0.010204081
1376 0.010204081
10083 0.010204081
3044 0.010204081
8422 0.010204081
2662 0.010204081
4714 0.010204081
12783 0.010204081
11504 0.010204081
8433 0.020408163
9971 0.010204081
17653 0.010204081
6646 0.010204081
9975 0.010204081
4471 0.010204081
1399 0.010204081
21368 0.08163265
5753 0.010204081
20345 0.010204081
3323 0.010204081
2043 0.010204081
19199 0.010204081
