21121 0.008403362
5122 0.025210084
8070 0.008403362
21001 0.008403362
3210 0.008403362
7950 0.008403362
10767 0.016806724
19345 0.008403362
10897 0.008403362
9361 0.016806724
20883 0.016806724
6675 0.016806724
13844 0.008403362
2837 0.008403362
3735 0.008403362
13210 0.016806724
5788 0.008403362
12830 0.016806724
9893 0.016806724
13093 0.033613447
4903 0.016806724
11049 0.016806724
10922 0.008403362
18731 0.008403362
1324 0.008403362
1837 0.016806724
8497 0.008403362
14514 0.008403362
22067 0.008403362
8371 0.008403362
14515 0.016806724
5428 0.025210084
21813 0.033613447
311 0.016806724
14650 0.008403362
16058 0.033613447
16064 0.016806724
11073 0.008403362
15554 0.008403362
10562 0.008403362
9538 0.008403362
21570 0.008403362
14402 0.016806724
16582 0.008403362
18758 0.008403362
8520 0.016806724
2390 0.042016808
3671 0.008403362
21465 0.008403362
11611 0.016806724
13532 0.016806724
6237 0.008403362
9951 0.016806724
16736 0.008403362
6369 0.008403362
11363 0.008403362
8163 0.008403362
6116 0.008403362
7270 0.008403362
6886 0.008403362
7144 0.008403362
15208 0.008403362
10344 0.008403362
8296 0.008403362
4714 0.016806724
19183 0.008403362
18544 0.008403362
11121 0.008403362
8434 0.008403362
2674 0.016806724
1526 0.008403362
15735 0.008403362
9975 0.033613447
12664 0.008403362
6780 0.008403362
5631 0.008403362
19711 0.008403362
6143 0.016806724
