7680 0.00591716
16000 0.01183432
21123 0.00591716
16390 0.00591716
10759 0.01183432
9352 0.03550296
21387 0.00591716
9100 0.00591716
19598 0.00591716
3214 0.00591716
10767 0.00591716
1295 0.03550296
7952 0.00591716
7189 0.00591716
22294 0.01775148
8343 0.01183432
18077 0.00591716
5025 0.01183432
9250 0.00591716
7460 0.01183432
17318 0.00591716
17450 0.00591716
18731 0.00591716
7724 0.00591716
4654 0.01183432
21679 0.00591716
2609 0.01183432
8371 0.00591716
22067 0.00591716
15027 0.00591716
8500 0.00591716
10677 0.01775148
21558 0.00591716
14903 0.00591716
14648 0.00591716
1081 0.00591716
14394 0.00591716
14650 0.01183432
11837 0.00591716
6206 0.00591716
9279 0.00591716
7359 0.00591716
7487 0.00591716
9025 0.00591716
6722 0.00591716
14402 0.00591716
8259 0.00591716
4547 0.00591716
7747 0.01183432
10691 0.01775148
7748 0.01775148
10821 0.01775148
12871 0.00591716
14153 0.20710059
6091 0.00591716
13260 0.00591716
15310 0.00591716
9041 0.01775148
5842 0.00591716
17365 0.00591716
17751 0.00591716
18263 0.00591716
3288 0.00591716
13529 0.00591716
9310 0.00591716
16481 0.00591716
13410 0.00591716
6116 0.00591716
16356 0.01183432
9829 0.00591716
5990 0.00591716
14055 0.00591716
18024 0.00591716
13929 0.00591716
7916 0.00591716
2284 0.00591716
9836 0.00591716
1006 0.00591716
12016 0.01183432
4850 0.00591716
20723 0.00591716
11635 0.0295858
21621 0.053254437
19062 0.00591716
14584 0.00591716
3448 0.00591716
14330 0.00591716
253 0.00591716
14333 0.00591716
16126 0.00591716
