16003 0.030303031
18693 0.015151516
20998 0.015151516
20231 0.015151516
15625 0.015151516
13452 0.015151516
10897 0.015151516
3730 0.015151516
8343 0.015151516
12568 0.015151516
153 0.015151516
3996 0.015151516
5788 0.015151516
16542 0.030303031
12710 0.060606062
11049 0.015151516
2731 0.015151516
7724 0.015151516
19886 0.015151516
15662 0.015151516
7474 0.015151516
20020 0.015151516
14903 0.015151516
7487 0.015151516
18623 0.015151516
8259 0.015151516
7748 0.015151516
10821 0.015151516
15429 0.015151516
14153 0.045454547
14156 0.015151516
13260 0.045454547
13775 0.015151516
3922 0.015151516
9685 0.015151516
20696 0.015151516
16857 0.015151516
19806 0.030303031
2656 0.015151516
6116 0.030303031
14183 0.015151516
19054 0.015151516
13041 0.015151516
11635 0.015151516
6004 0.015151516
21621 0.015151516
7158 0.015151516
19062 0.030303031
20217 0.015151516
14330 0.015151516
3323 0.015151516
20349 0.015151516
6143 0.015151516
3327 0.015151516
