5380 0.008
11141 0.008
13958 0.008
20870 0.016
13067 0.008
15629 0.008
3856 0.008
5396 0.104
8343 0.016
8088 0.008
17947 0.008
10651 0.016
5788 0.008
18972 0.016
15902 0.008
6435 0.008
8739 0.008
13485 0.016
19886 0.016
17327 0.008
17840 0.008
22064 0.008
12208 0.008
9139 0.008
10037 0.008
311 0.008
5815 0.008
18872 0.008
12987 0.008
4286 0.008
8254 0.008
21698 0.008
9923 0.008
8259 0.032
10821 0.008
2758 0.008
8263 0.016
1867 0.016
16717 0.008
19917 0.016
20434 0.016
17620 0.008
5845 0.008
19542 0.024
20696 0.032
21465 0.072
19676 0.008
13532 0.008
6239 0.008
16481 0.008
7265 0.016
13026 0.008
20579 0.008
6116 0.008
20453 0.008
2791 0.008
14185 0.008
11883 0.008
109 0.008
12398 0.008
11635 0.016
10868 0.008
15093 0.008
14326 0.008
4342 0.024
1399 0.024
21752 0.016
4602 0.008
3323 0.04
8573 0.008
6143 0.008
3839 0.008
20223 0.032
