5634 0.006849315
16898 0.006849315
16003 0.01369863
11141 0.006849315
9352 0.006849315
4874 0.006849315
5900 0.01369863
6286 0.006849315
11151 0.006849315
20496 0.006849315
20624 0.006849315
6162 0.006849315
20883 0.006849315
13844 0.01369863
13973 0.006849315
11925 0.020547945
7830 0.006849315
8343 0.01369863
8857 0.006849315
21401 0.006849315
2459 0.01369863
2204 0.006849315
13983 0.006849315
18975 0.01369863
20127 0.01369863
10275 0.006849315
6692 0.006849315
14884 0.01369863
5034 0.006849315
1837 0.006849315
8237 0.006849315
8368 0.01369863
22064 0.01369863
19250 0.006849315
11827 0.006849315
8371 0.01369863
22196 0.006849315
13621 0.006849315
2231 0.01369863
19512 0.006849315
4025 0.006849315
14650 0.006849315
10817 0.006849315
8259 0.020547945
2372 0.006849315
21828 0.006849315
9926 0.006849315
2758 0.061643835
12871 0.006849315
8263 0.006849315
18891 0.10273973
19020 0.006849315
2509 0.006849315
10831 0.006849315
8021 0.01369863
1242 0.020547945
20315 0.006849315
7007 0.006849315
6623 0.01369863
6111 0.020547945
4576 0.006849315
7265 0.061643835
14691 0.006849315
10083 0.006849315
12771 0.006849315
6886 0.01369863
2662 0.020547945
18536 0.006849315
5608 0.006849315
14314 0.006849315
1262 0.006849315
1006 0.006849315
18544 0.006849315
15473 0.01369863
884 0.006849315
12918 0.006849315
18935 0.01369863
6266 0.01369863
11131 0.006849315
17661 0.01369863
2813 0.01369863
5631 0.006849315
3327 0.006849315
6143 0.020547945
