2690 0.008403362
5893 0.016806724
9862 0.042016808
9227 0.016806724
17549 0.008403362
17935 0.008403362
2064 0.008403362
20624 0.016806724
10897 0.008403362
6164 0.008403362
19735 0.008403362
8343 0.016806724
19736 0.008403362
21403 0.008403362
8095 0.008403362
9250 0.016806724
14757 0.008403362
12330 0.008403362
13485 0.008403362
11825 0.008403362
19250 0.008403362
7090 0.008403362
8371 0.008403362
20020 0.025210084
20405 0.042016808
20150 0.016806724
14650 0.008403362
956 0.008403362
4669 0.008403362
11327 0.008403362
5825 0.008403362
4290 0.008403362
13251 0.008403362
10821 0.025210084
4934 0.008403362
2758 0.008403362
18758 0.008403362
20167 0.008403362
6215 0.008403362
8263 0.016806724
12871 0.016806724
18253 0.008403362
20176 0.008403362
3922 0.008403362
10451 0.05042017
17751 0.008403362
18263 0.033613447
3288 0.008403362
728 0.008403362
1241 0.008403362
7899 0.008403362
9310 0.016806724
4319 0.016806724
16736 0.008403362
16481 0.016806724
3430 0.033613447
6888 0.008403362
17388 0.008403362
14060 0.008403362
12398 0.008403362
1006 0.016806724
12016 0.008403362
22260 0.008403362
884 0.008403362
21110 0.008403362
11512 0.12605043
2041 0.008403362
18298 0.008403362
19581 0.016806724
