9731 0.0038910506
5892 0.0038910506
1796 0.0038910506
6660 0.007782101
19718 0.0038910506
16390 0.0116731515
10248 0.0038910506
15116 0.0038910506
16396 0.007782101
2061 0.015564202
2576 0.0038910506
20496 0.0038910506
13844 0.0038910506
19991 0.0038910506
12055 0.0038910506
2071 0.007782101
11288 0.0038910506
7966 0.0038910506
6688 0.0038910506
12065 0.0038910506
9250 0.0038910506
4387 0.0038910506
38 0.0038910506
16681 0.007782101
11049 0.007782101
13610 0.0038910506
298 0.0038910506
7211 0.0038910506
15660 0.0038910506
21297 0.0038910506
2356 0.0038910506
15671 0.0038910506
14650 0.007782101
2621 0.0038910506
3133 0.0038910506
13117 0.0038910506
10817 0.0038910506
834 0.0038910506
8259 0.007782101
324 0.0038910506
10821 0.007782101
18758 0.0038910506
11590 0.007782101
9544 0.0038910506
18760 0.0038910506
20553 0.0038910506
16973 0.0038910506
16717 0.0038910506
10321 0.0038910506
20821 0.0038910506
11350 0.0038910506
11606 0.042801555
10072 0.0038910506
5720 0.0038910506
11611 0.0038910506
19548 0.0038910506
3164 0.0038910506
1372 0.0038910506
18268 0.0038910506
9565 0.007782101
7007 0.0038910506
16223 0.0038910506
6240 0.0038910506
19040 0.0038910506
4193 0.0038910506
20579 0.007782101
2662 0.0038910506
15469 0.0038910506
109 0.0038910506
19821 0.0116731515
20336 0.0038910506
16496 0.007782101
3697 0.031128405
13426 0.0038910506
2674 0.031128405
6771 0.0038910506
21875 0.0038910506
5237 0.0038910506
1399 0.0116731515
2172 0.0038910506
16508 0.007782101
19583 0.0038910506
7807 0.0038910506
20352 0.0116731515
9603 0.0038910506
6023 0.0038910506
5512 0.06225681
3982 0.0038910506
11151 0.0038910506
9616 0.0038910506
10897 0.0038910506
19859 0.0038910506
19603 0.0038910506
16020 0.0038910506
1174 0.0038910506
150 0.0038910506
17559 0.007782101
153 0.0038910506
13210 0.0038910506
2459 0.0038910506
11932 0.0038910506
5788 0.0038910506
9374 0.0038910506
12702 0.0038910506
1186 0.0038910506
17318 0.0038910506
9899 0.0038910506
2732 0.0038910506
11692 0.0038910506
13485 0.0038910506
2477 0.0038910506
19886 0.0038910506
19631 0.0038910506
17840 0.0038910506
15027 0.0038910506
14515 0.0116731515
13235 0.0116731515
6325 0.007782101
19126 0.0038910506
2231 0.0038910506
3767 0.0038910506
1720 0.0038910506
18872 0.0038910506
5053 0.0038910506
18877 0.0116731515
13503 0.0038910506
19647 0.007782101
16324 0.0038910506
2758 0.0038910506
1482 0.0038910506
9932 0.0038910506
18897 0.0038910506
15317 0.0038910506
20696 0.007782101
21465 0.0038910506
4825 0.0038910506
16345 0.007782101
7642 0.007782101
18651 0.0038910506
6623 0.007782101
21473 0.0038910506
11233 0.007782101
5859 0.007782101
6116 0.007782101
20453 0.007782101
6886 0.015564202
11495 0.0038910506
1261 0.0038910506
1006 0.0038910506
21487 0.0038910506
12016 0.0116731515
8177 0.0038910506
2293 0.0038910506
246 0.0038910506
14838 0.007782101
9975 0.0038910506
12023 0.0038910506
17145 0.0038910506
5881 0.007782101
3323 0.019455252
12798 0.0038910506
16638 0.0038910506
5631 0.0038910506
6143 0.0038910506
3839 0.0038910506
20735 0.0038910506
