7680 0.006369427
5380 0.012738854
11141 0.006369427
8070 0.012738854
1166 0.006369427
11151 0.031847134
15120 0.012738854
10897 0.012738854
4371 0.012738854
2197 0.012738854
8342 0.006369427
8602 0.006369427
11932 0.012738854
12321 0.006369427
20257 0.006369427
21671 0.006369427
6952 0.031847134
2089 0.012738854
13610 0.006369427
21162 0.012738854
7211 0.012738854
19886 0.006369427
13870 0.031847134
21296 0.006369427
8113 0.006369427
180 0.01910828
19126 0.006369427
14903 0.006369427
17336 0.006369427
18872 0.14012739
4665 0.006369427
11068 0.025477707
11837 0.006369427
15554 0.006369427
8259 0.01910828
10693 0.006369427
10821 0.006369427
15429 0.006369427
16582 0.006369427
11590 0.012738854
10184 0.006369427
4169 0.11464968
4682 0.012738854
16844 0.012738854
17614 0.006369427
10321 0.006369427
21588 0.012738854
9307 0.006369427
20571 0.006369427
13532 0.006369427
13149 0.006369427
18397 0.012738854
6623 0.03821656
13152 0.006369427
1376 0.006369427
2915 0.006369427
5861 0.006369427
2791 0.006369427
20712 0.006369427
874 0.01910828
107 0.006369427
7916 0.006369427
8942 0.006369427
1134 0.006369427
18544 0.006369427
12016 0.006369427
14704 0.012738854
6643 0.006369427
9973 0.006369427
4469 0.006369427
18298 0.006369427
8444 0.006369427
18684 0.006369427
16508 0.012738854
4477 0.006369427
7421 0.006369427
