17415 0.0062111802
10763 0.0062111802
16396 0.024844721
10896 0.0124223605
17553 0.0062111802
4371 0.0062111802
5396 0.10559006
15510 0.0062111802
22294 0.0062111802
8088 0.0062111802
19865 0.0062111802
153 0.01863354
7194 0.0062111802
11292 0.0062111802
22174 0.0062111802
15903 0.0062111802
6688 0.0062111802
3745 0.0062111802
9250 0.0062111802
17318 0.0062111802
7211 0.0062111802
13613 0.0062111802
13485 0.0124223605
4654 0.055900622
17327 0.0124223605
17840 0.0062111802
8368 0.049689442
7090 0.0062111802
6325 0.04347826
311 0.031055901
19768 0.0062111802
20153 0.0062111802
14650 0.0124223605
1084 0.0062111802
19647 0.0124223605
13249 0.0062111802
14402 0.0062111802
2370 0.0062111802
8259 0.0062111802
10691 0.0124223605
718 0.0062111802
1488 0.0062111802
20306 0.0062111802
19542 0.0062111802
14806 0.024844721
18263 0.01863354
21464 0.0062111802
20696 0.01863354
21465 0.0062111802
20571 0.0062111802
13532 0.0124223605
14173 0.0062111802
19550 0.0062111802
6368 0.0124223605
6116 0.031055901
7916 0.0062111802
6509 0.0062111802
1006 0.0124223605
20723 0.0124223605
11635 0.031055901
10868 0.0062111802
884 0.0124223605
21621 0.0124223605
2293 0.04347826
1399 0.03726708
3323 0.01863354
17661 0.0062111802
7935 0.0062111802
3839 0.04347826
