7680 0.0035211267
8194 0.0070422534
5892 0.0035211267
5893 0.04225352
16390 0.0035211267
10246 0.0070422534
10763 0.0035211267
15629 0.0035211267
10767 0.0035211267
17935 0.0035211267
15379 0.0035211267
21525 0.0035211267
19736 0.0035211267
8218 0.09154929
4635 0.014084507
14365 0.014084507
9250 0.0070422534
13610 0.0035211267
9514 0.0035211267
13613 0.01056338
11825 0.0070422534
12595 0.0035211267
20020 0.0035211267
2612 0.0035211267
21044 0.0035211267
10551 0.0035211267
14394 0.0035211267
14650 0.028169014
4923 0.0035211267
574 0.0035211267
18239 0.0035211267
1858 0.0035211267
10821 0.0035211267
18758 0.0035211267
4934 0.01056338
1354 0.0035211267
10065 0.01056338
7252 0.0035211267
18263 0.0035211267
19548 0.0035211267
22108 0.01056338
8288 0.0035211267
21345 0.0035211267
14947 0.0035211267
20579 0.0035211267
9060 0.0070422534
2662 0.0070422534
3430 0.02112676
15209 0.0035211267
13419 0.0035211267
9836 0.0070422534
6509 0.0035211267
6255 0.0035211267
2674 0.0070422534
12660 0.0035211267
14966 0.0070422534
3960 0.0035211267
18298 0.0070422534
8573 0.0035211267
19581 0.03169014
6796 0.0035211267
6799 0.0035211267
9616 0.0035211267
10896 0.0035211267
18064 0.0035211267
9360 0.0070422534
9361 0.0035211267
7830 0.0035211267
20886 0.0035211267
150 0.0035211267
8343 0.0035211267
19098 0.0035211267
16026 0.0035211267
8090 0.01056338
2204 0.0035211267
19356 0.0035211267
11932 0.01056338
18077 0.0035211267
927 0.0035211267
11425 0.0035211267
3745 0.0035211267
6056 0.0035211267
10409 0.0035211267
19886 0.0070422534
8368 0.014084507
10417 0.0035211267
14514 0.0070422534
11701 0.0035211267
4789 0.0035211267
20405 0.014084507
8890 0.0035211267
6588 0.0035211267
12734 0.0035211267
963 0.0035211267
3268 0.0035211267
16841 0.0035211267
7113 0.01056338
1482 0.0070422534
19917 0.0035211267
462 0.0035211267
9935 0.0035211267
10451 0.017605634
11221 0.0035211267
5077 0.0070422534
20437 0.0070422534
18134 0.0035211267
16599 0.04225352
20696 0.03169014
21465 0.0035211267
7897 0.0035211267
13532 0.01056338
12765 0.0035211267
9695 0.0035211267
6116 0.01056338
5349 0.0070422534
6886 0.0035211267
7914 0.024647888
1006 0.014084507
21487 0.0035211267
12016 0.0035211267
499 0.0035211267
13299 0.0035211267
6131 0.0035211267
20723 0.0035211267
12020 0.0035211267
21493 0.0070422534
11256 0.0035211267
11512 0.06338028
3323 0.0070422534
5631 0.0035211267
