4608 0.007751938
19461 0.007751938
17415 0.007751938
16396 0.007751938
10767 0.007751938
9361 0.007751938
5521 0.015503876
10897 0.023255814
8468 0.007751938
22294 0.007751938
11158 0.015503876
12954 0.007751938
11932 0.015503876
9117 0.031007752
17315 0.015503876
17318 0.007751938
38 0.007751938
11049 0.007751938
7211 0.007751938
1324 0.007751938
19886 0.007751938
22064 0.007751938
8497 0.015503876
14514 0.007751938
12594 0.015503876
8371 0.015503876
16564 0.007751938
180 0.015503876
21813 0.015503876
2231 0.007751938
9144 0.007751938
17336 0.015503876
8890 0.007751938
3389 0.20930232
22206 0.015503876
4161 0.007751938
4674 0.007751938
9412 0.007751938
13255 0.007751938
4169 0.015503876
10698 0.007751938
14027 0.023255814
1488 0.007751938
9940 0.023255814
10331 0.007751938
22112 0.03875969
10083 0.007751938
20712 0.007751938
8556 0.023255814
6509 0.007751938
13041 0.031007752
2674 0.03875969
11251 0.007751938
11635 0.007751938
884 0.007751938
15348 0.015503876
14837 0.007751938
18809 0.031007752
2043 0.007751938
3579 0.007751938
11644 0.015503876
19199 0.007751938
5631 0.007751938
3199 0.007751938
