11141 0.0125
13450 0.0125
9738 0.0125
14607 0.0125
10895 0.0125
20625 0.0125
10897 0.05
5396 0.05
533 0.0125
20501 0.0125
8343 0.0125
8221 0.0125
3745 0.0125
9250 0.0125
11298 0.0125
20516 0.0125
1192 0.0125
6952 0.0125
7082 0.0125
19884 0.0125
17840 0.0125
12595 0.0125
8630 0.0125
20407 0.025
5434 0.0125
14650 0.0125
6588 0.0125
11073 0.0125
14402 0.0125
3522 0.0125
1858 0.025
8259 0.025
3268 0.0125
16582 0.0125
6729 0.0125
10442 0.0125
3530 0.0125
14671 0.0125
1488 0.025
3922 0.0125
15061 0.0125
18263 0.025
3288 0.0125
20696 0.0125
21465 0.0125
15196 0.0125
15966 0.025
22111 0.0375
2656 0.0125
10083 0.0125
20579 0.0125
3558 0.0125
6886 0.0125
6888 0.0125
109 0.0125
2541 0.0125
3950 0.025
1006 0.0375
19695 0.0125
3058 0.0125
16371 0.0125
18803 0.0125
884 0.0125
