19712 0.020547945
16003 0.05479452
4100 0.006849315
5892 0.01369863
17415 0.006849315
8721 0.006849315
11281 0.006849315
10897 0.006849315
22294 0.006849315
8343 0.006849315
8087 0.006849315
10651 0.006849315
3611 0.01369863
19612 0.01369863
3745 0.006849315
12321 0.01369863
4258 0.006849315
3618 0.006849315
18338 0.006849315
13349 0.006849315
17318 0.006849315
38 0.034246575
12841 0.006849315
6444 0.006849315
10284 0.02739726
19886 0.006849315
12206 0.006849315
22190 0.006849315
19631 0.006849315
2864 0.006849315
22064 0.01369863
14514 0.01369863
5939 0.01369863
6324 0.047945205
11830 0.006849315
311 0.006849315
14903 0.006849315
18872 0.020547945
14650 0.006849315
16058 0.006849315
4923 0.006849315
15931 0.01369863
16699 0.01369863
15804 0.02739726
3645 0.047945205
16064 0.006849315
5825 0.034246575
12355 0.01369863
19781 0.01369863
11590 0.034246575
3530 0.006849315
19658 0.047945205
9419 0.006849315
19531 0.006849315
9036 0.006849315
11343 0.02739726
19408 0.006849315
1488 0.006849315
3538 0.006849315
3922 0.006849315
8661 0.006849315
7510 0.01369863
11607 0.006849315
10072 0.006849315
1370 0.01369863
13152 0.006849315
9441 0.006849315
14311 0.006849315
4204 0.006849315
7916 0.006849315
10480 0.006849315
13426 0.006849315
10101 0.006849315
21752 0.006849315
3323 0.02739726
7933 0.006849315
17661 0.006849315
3327 0.006849315
4479 0.006849315
383 0.006849315
