14402 0.01754386
10821 0.0877193
16582 0.01754386
2506 0.01754386
13260 0.10526316
19917 0.01754386
1295 0.01754386
10897 0.01754386
20309 0.01754386
16214 0.01754386
18134 0.01754386
2390 0.01754386
278 0.01754386
22294 0.01754386
17238 0.01754386
8342 0.10526316
18263 0.01754386
18839 0.01754386
16471 0.03508772
20696 0.03508772
15900 0.01754386
11932 0.05263158
13405 0.01754386
6237 0.01754386
13919 0.01754386
1376 0.01754386
16481 0.01754386
9250 0.01754386
675 0.01754386
17450 0.01754386
298 0.01754386
6444 0.03508772
13613 0.05263158
12664 0.01754386
14584 0.01754386
22270 0.01754386
