15744 0.009259259
11141 0.009259259
4871 0.009259259
20744 0.009259259
522 0.009259259
10767 0.018518519
10897 0.009259259
4371 0.018518519
153 0.009259259
11932 0.009259259
14365 0.027777778
6687 0.009259259
3104 0.009259259
2721 0.009259259
11431 0.027777778
2602 0.009259259
21291 0.009259259
13485 0.009259259
19886 0.009259259
19759 0.009259259
8368 0.009259259
9776 0.037037037
10546 0.009259259
19634 0.009259259
5428 0.009259259
1716 0.009259259
9012 0.009259259
21813 0.009259259
14650 0.009259259
6459 0.1388889
5825 0.018518519
14402 0.018518519
8259 0.009259259
7748 0.018518519
10821 0.009259259
16582 0.027777778
13255 0.009259259
8263 0.009259259
1482 0.009259259
13003 0.009259259
716 0.009259259
13260 0.027777778
11598 0.009259259
6097 0.009259259
9041 0.009259259
20696 0.074074075
21465 0.009259259
2522 0.009259259
15196 0.009259259
14300 0.009259259
7261 0.009259259
20959 0.027777778
20065 0.009259259
5859 0.009259259
6116 0.009259259
14055 0.009259259
7916 0.009259259
15469 0.009259259
8814 0.009259259
11635 0.009259259
20723 0.009259259
2293 0.009259259
5237 0.009259259
19062 0.009259259
1399 0.027777778
20217 0.009259259
17661 0.009259259
