7680 0.018018018
17415 0.009009009
10763 0.009009009
11151 0.009009009
10897 0.027027028
150 0.018018018
4889 0.009009009
10651 0.018018018
5788 0.009009009
11932 0.009009009
9250 0.018018018
15011 0.009009009
21541 0.009009009
9509 0.009009009
38 0.009009009
11049 0.009009009
10922 0.027027028
4654 0.009009009
2736 0.009009009
10417 0.009009009
14514 0.009009009
21813 0.054054055
8246 0.018018018
1721 0.009009009
22206 0.009009009
8254 0.009009009
19006 0.018018018
11073 0.009009009
19137 0.036036037
14402 0.009009009
10821 0.018018018
20167 0.027027028
19274 0.009009009
19917 0.009009009
6222 0.009009009
9940 0.009009009
2390 0.018018018
2518 0.018018018
11607 0.009009009
3671 0.009009009
21465 0.018018018
8668 0.009009009
5212 0.036036037
19295 0.009009009
6623 0.018018018
20579 0.009009009
18536 0.009009009
5608 0.009009009
1642 0.027027028
17004 0.009009009
8556 0.018018018
13421 0.009009009
14574 0.009009009
1006 0.009009009
12016 0.009009009
14704 0.009009009
2674 0.045045044
11763 0.009009009
11635 0.027027028
9971 0.08108108
9460 0.009009009
8444 0.009009009
13310 0.009009009
5502 0.009009009
3839 0.009009009
19199 0.009009009
