16003 0.04310345
17419 0.00862069
10763 0.02586207
19980 0.00862069
3213 0.00862069
10767 0.01724138
19216 0.00862069
10897 0.02586207
19603 0.01724138
15127 0.00862069
11932 0.02586207
1439 0.01724138
162 0.00862069
8743 0.00862069
15528 0.00862069
11049 0.03448276
5290 0.01724138
7211 0.00862069
2864 0.00862069
14650 0.01724138
8508 0.00862069
7486 0.04310345
5825 0.00862069
20163 0.00862069
10821 0.00862069
9926 0.00862069
16582 0.01724138
13260 0.00862069
9295 0.00862069
9041 0.00862069
977 0.00862069
9810 0.00862069
2386 0.00862069
9813 0.00862069
2390 0.04310345
21465 0.00862069
7130 0.00862069
11482 0.00862069
21210 0.00862069
18394 0.06896552
10972 0.01724138
14302 0.00862069
9951 0.01724138
4576 0.00862069
9057 0.03448276
20450 0.00862069
4714 0.00862069
11883 0.00862069
7916 0.03448276
16621 0.00862069
1006 0.00862069
5614 0.00862069
10350 0.00862069
2288 0.00862069
13041 0.00862069
9971 0.00862069
19060 0.00862069
21621 0.03448276
12022 0.00862069
12023 0.04310345
7160 0.01724138
3579 0.00862069
11644 0.00862069
21628 0.00862069
6143 0.00862069
5631 0.00862069
