18817 0.006134969
1410 0.006134969
5892 0.006134969
12165 0.006134969
12807 0.006134969
11527 0.018404908
20231 0.042944785
4104 0.006134969
9480 0.006134969
14860 0.006134969
13709 0.006134969
20493 0.018404908
910 0.012269938
10767 0.012269938
13327 0.018404908
6032 0.006134969
13714 0.012269938
15509 0.006134969
22294 0.006134969
11674 0.006134969
11932 0.018404908
17949 0.006134969
14365 0.012269938
13343 0.006134969
13983 0.006134969
18081 0.006134969
3105 0.030674847
9250 0.006134969
15011 0.006134969
17318 0.006134969
38 0.012269938
8743 0.006134969
6314 0.006134969
18731 0.006134969
12206 0.006134969
9139 0.006134969
16563 0.006134969
14394 0.006134969
14650 0.024539877
17083 0.006134969
4923 0.006134969
16064 0.006134969
14402 0.006134969
14275 0.006134969
10691 0.012269938
9412 0.006134969
10821 0.042944785
14022 0.006134969
7110 0.006134969
13260 0.036809817
19917 0.006134969
462 0.006134969
19407 0.006134969
1488 0.006134969
465 0.006134969
9041 0.006134969
18003 0.024539877
2390 0.030674847
21465 0.006134969
5083 0.006134969
10331 0.012269938
13532 0.006134969
6364 0.018404908
15196 0.049079753
16605 0.006134969
9951 0.006134969
6623 0.012269938
16736 0.012269938
12001 0.006134969
9057 0.012269938
18146 0.006134969
17378 0.006134969
13155 0.018404908
5990 0.006134969
8422 0.012269938
233 0.006134969
4714 0.006134969
18410 0.006134969
11883 0.018404908
1006 0.012269938
3439 0.006134969
18159 0.024539877
13041 0.006134969
8561 0.006134969
21621 0.012269938
1399 0.036809817
7160 0.012269938
16892 0.006134969
7935 0.006134969
