1922 0.012048192
14982 0.012048192
16390 0.012048192
17415 0.012048192
6286 0.012048192
10767 0.012048192
7567 0.04819277
15120 0.012048192
8208 0.012048192
10897 0.024096385
20883 0.012048192
8343 0.012048192
2459 0.012048192
21278 0.012048192
3745 0.012048192
8355 0.012048192
15527 0.012048192
20648 0.012048192
13097 0.012048192
2731 0.024096385
7724 0.012048192
19884 0.012048192
13485 0.012048192
8630 0.024096385
14903 0.012048192
17336 0.012048192
569 0.012048192
14650 0.012048192
15419 0.012048192
5308 0.012048192
7487 0.012048192
3522 0.012048192
10691 0.012048192
8259 0.036144577
16324 0.012048192
7748 0.012048192
3780 0.012048192
10821 0.012048192
2758 0.024096385
4680 0.012048192
14153 0.036144577
18250 0.012048192
4556 0.012048192
13260 0.012048192
12495 0.012048192
19153 0.012048192
20434 0.012048192
3922 0.012048192
11221 0.012048192
7637 0.012048192
20438 0.012048192
7254 0.012048192
18263 0.012048192
16481 0.012048192
20579 0.012048192
6116 0.012048192
3044 0.012048192
16871 0.012048192
6888 0.012048192
109 0.012048192
19695 0.024096385
11635 0.012048192
15604 0.012048192
21621 0.012048192
19062 0.012048192
14838 0.012048192
1399 0.024096385
16505 0.012048192
14330 0.012048192
19711 0.012048192
