12293 0.0030674846
10767 0.009202454
20501 0.0030674846
21271 0.0030674846
21786 0.0030674846
17949 0.0030674846
13341 0.0030674846
13855 0.006134969
9250 0.0030674846
21541 0.0030674846
38 0.006134969
2089 0.0030674846
13610 0.0030674846
7211 0.015337423
6444 0.015337423
4654 0.006134969
2864 0.0030674846
10546 0.0030674846
18482 0.0030674846
22067 0.009202454
21813 0.012269938
14394 0.0030674846
13883 0.0030674846
15419 0.0030674846
8254 0.0030674846
3392 0.024539877
11073 0.006134969
4161 0.012269938
14402 0.012269938
21828 0.009202454
10821 0.009202454
16717 0.006134969
3922 0.0030674846
2390 0.0030674846
18263 0.0030674846
20315 0.0030674846
11612 0.0030674846
6237 0.006134969
21855 0.0030674846
1376 0.0030674846
16736 0.015337423
7265 0.012269938
2915 0.0030674846
11363 0.006134969
13155 0.015337423
15209 0.0030674846
12398 0.0030674846
6767 0.082822084
7024 0.006134969
11121 0.015337423
19569 0.030674847
12659 0.006134969
11635 0.021472393
21621 0.006134969
3447 0.0030674846
6780 0.0030674846
4477 0.0030674846
1410 0.0030674846
12937 0.0030674846
9100 0.0030674846
17553 0.0030674846
10897 0.030674847
11925 0.0030674846
150 0.006134969
8343 0.0030674846
14999 0.0030674846
3735 0.006134969
15513 0.021472393
2459 0.0030674846
18078 0.0030674846
4513 0.0030674846
3745 0.0030674846
12962 0.030674847
163 0.0030674846
8355 0.021472393
7082 0.0030674846
13485 0.0030674846
19886 0.0030674846
431 0.0030674846
17327 0.012269938
9141 0.0030674846
2231 0.0030674846
18872 0.012269938
6336 0.006134969
3522 0.0030674846
7110 0.0030674846
2758 0.006134969
12489 0.0030674846
14027 0.0030674846
3538 0.0030674846
7381 0.0030674846
17365 0.009202454
21464 0.0030674846
7385 0.0030674846
16345 0.015337423
7642 0.0030674846
2778 0.0030674846
18397 0.0030674846
6623 0.082822084
17377 0.042944785
5859 0.009202454
11492 0.0030674846
6116 0.006134969
8422 0.0030674846
1006 0.0030674846
18159 0.015337423
2293 0.006134969
16886 0.021472393
14838 0.03374233
9975 0.0030674846
22009 0.006134969
17661 0.006134969
6143 0.015337423
