5122 0.015037594
2690 0.02255639
9100 0.007518797
2701 0.007518797
10767 0.007518797
17553 0.015037594
13844 0.007518797
8342 0.007518797
8343 0.007518797
3735 0.007518797
14872 0.007518797
20504 0.007518797
11932 0.02255639
2845 0.007518797
4510 0.007518797
11934 0.015037594
2721 0.007518797
9250 0.007518797
11298 0.007518797
9509 0.007518797
38 0.007518797
15528 0.007518797
7211 0.007518797
1195 0.007518797
12589 0.015037594
431 0.015037594
2864 0.02255639
12594 0.015037594
9139 0.007518797
14515 0.015037594
5939 0.02255639
16564 0.13533835
21813 0.030075189
312 0.037593983
22206 0.007518797
9151 0.007518797
5696 0.007518797
8001 0.007518797
14402 0.007518797
1858 0.007518797
15554 0.015037594
5957 0.007518797
10821 0.015037594
18758 0.007518797
20941 0.02255639
18640 0.007518797
2390 0.02255639
18136 0.007518797
4314 0.015037594
731 0.007518797
15323 0.007518797
5083 0.02255639
8668 0.007518797
13532 0.015037594
9951 0.007518797
13023 0.007518797
6623 0.02255639
9441 0.007518797
20325 0.007518797
16871 0.02255639
8297 0.007518797
17004 0.007518797
748 0.007518797
7916 0.007518797
7021 0.007518797
1006 0.007518797
4340 0.007518797
12020 0.04511278
9975 0.007518797
4856 0.007518797
20859 0.007518797
6780 0.007518797
3199 0.007518797
6143 0.015037594
