5825 0.016393442
8771 0.016393442
8259 0.032786883
5892 0.016393442
2758 0.016393442
8070 0.032786883
18056 0.016393442
4169 0.016393442
7882 0.016393442
19531 0.016393442
13260 0.016393442
14860 0.032786883
718 0.016393442
10767 0.016393442
6864 0.016393442
337 0.016393442
1809 0.016393442
9041 0.032786883
150 0.032786883
8343 0.016393442
20696 0.04918033
2393 0.016393442
16474 0.016393442
11932 0.016393442
12255 0.016393442
9250 0.016393442
6116 0.016393442
20196 0.06557377
16293 0.016393442
11049 0.016393442
13610 0.016393442
9772 0.016393442
9836 0.04918033
1006 0.06557377
3055 0.016393442
14514 0.016393442
884 0.06557377
16249 0.016393442
14650 0.016393442
16892 0.016393442
17661 0.016393442
4669 0.032786883
