11905 0.009433962
10248 0.009433962
17549 0.009433962
1295 0.009433962
17935 0.009433962
9361 0.009433962
4371 0.03773585
10388 0.009433962
3735 0.009433962
19865 0.018867925
10651 0.009433962
14365 0.009433962
5025 0.009433962
20642 0.009433962
6952 0.009433962
11049 0.028301887
18731 0.018867925
7211 0.018867925
6828 0.009433962
19886 0.056603774
20020 0.009433962
7485 0.009433962
19137 0.009433962
14402 0.028301887
10691 0.009433962
8259 0.03773585
2372 0.009433962
18758 0.009433962
21703 0.009433962
12871 0.009433962
8263 0.028301887
1482 0.018867925
5580 0.009433962
17741 0.009433962
1998 0.009433962
17751 0.009433962
3288 0.009433962
20696 0.028301887
21465 0.047169812
15962 0.009433962
16090 0.009433962
20571 0.009433962
13532 0.03773585
1376 0.009433962
20579 0.009433962
18148 0.009433962
5861 0.009433962
6886 0.009433962
10983 0.009433962
3306 0.047169812
11118 0.009433962
1006 0.018867925
18800 0.009433962
13041 0.009433962
1522 0.009433962
6003 0.009433962
11635 0.018867925
2292 0.009433962
6004 0.009433962
16503 0.009433962
2041 0.028301887
4474 0.009433962
9723 0.009433962
21883 0.009433962
11643 0.018867925
10492 0.009433962
6143 0.009433962
