1025 0.003076923
9988 0.003076923
1540 0.003076923
5893 0.009230769
16390 0.006153846
17415 0.003076923
1548 0.003076923
5900 0.009230769
15629 0.003076923
1295 0.006153846
10767 0.012307692
2836 0.006153846
22294 0.003076923
6934 0.003076923
19736 0.006153846
6425 0.003076923
4635 0.006153846
14877 0.003076923
12830 0.006153846
21278 0.006153846
13855 0.003076923
12321 0.003076923
16161 0.003076923
9250 0.003076923
20516 0.006153846
8743 0.012307692
13097 0.003076923
6186 0.003076923
18731 0.006153846
13613 0.003076923
14640 0.003076923
22064 0.003076923
5427 0.003076923
20275 0.018461538
21813 0.003076923
6454 0.003076923
7479 0.003076923
14903 0.003076923
14905 0.006153846
14650 0.012307692
11327 0.003076923
7487 0.006153846
18239 0.012307692
1858 0.012307692
18501 0.003076923
10821 0.015384615
18758 0.003076923
18759 0.003076923
4679 0.003076923
20552 0.003076923
19275 0.003076923
16717 0.003076923
17486 0.003076923
2897 0.012307692
9813 0.003076923
18263 0.003076923
19034 0.006153846
13659 0.003076923
14684 0.003076923
15196 0.006153846
7007 0.003076923
9313 0.003076923
21345 0.003076923
20579 0.006153846
10083 0.009230769
100 0.003076923
3430 0.046153847
13929 0.006153846
14185 0.006153846
16243 0.003076923
11635 0.003076923
884 0.009230769
21621 0.015384615
18806 0.003076923
19062 0.003076923
16505 0.003076923
3195 0.006153846
20092 0.003076923
19581 0.024615385
21118 0.003076923
6527 0.006153846
5253 0.003076923
20360 0.006153846
11151 0.003076923
7567 0.006153846
6032 0.003076923
9616 0.003076923
18064 0.006153846
10896 0.012307692
10897 0.003076923
12946 0.003076923
20883 0.003076923
8851 0.003076923
16533 0.003076923
7830 0.015384615
19096 0.003076923
19865 0.003076923
10651 0.003076923
11932 0.006153846
4510 0.003076923
3745 0.003076923
8097 0.003076923
5025 0.006153846
15526 0.003076923
11431 0.003076923
10151 0.006153846
15528 0.006153846
20648 0.006153846
6059 0.003076923
2731 0.009230769
12205 0.009230769
19886 0.003076923
21170 0.003076923
20405 0.015384615
20150 0.003076923
6588 0.006153846
22206 0.003076923
3520 0.003076923
3522 0.003076923
13251 0.003076923
2758 0.012307692
16841 0.003076923
18378 0.046153847
5580 0.006153846
2765 0.003076923
3790 0.009230769
10451 0.024615385
13525 0.003076923
3288 0.018461538
20696 0.024615385
21465 0.003076923
4314 0.003076923
13532 0.006153846
6623 0.003076923
7135 0.003076923
736 0.003076923
5088 0.003076923
6115 0.006153846
20453 0.003076923
21733 0.003076923
8422 0.006153846
17127 0.003076923
18410 0.003076923
3306 0.006153846
20203 0.003076923
18414 0.003076923
18159 0.006153846
12016 0.003076923
241 0.003076923
7921 0.003076923
5105 0.006153846
8433 0.006153846
20723 0.003076923
12020 0.003076923
21493 0.003076923
6389 0.003076923
14838 0.012307692
11512 0.036923077
14330 0.003076923
253 0.003076923
12798 0.003076923
6143 0.006153846
