2048 0.0074074073
2690 0.0074074073
13186 0.0074074073
4100 0.0074074073
11396 0.0074074073
8709 0.0074074073
17415 0.0074074073
9352 0.0074074073
15625 0.0074074073
9225 0.0074074073
9227 0.0074074073
9100 0.0074074073
2061 0.0074074073
6286 0.0074074073
1295 0.014814815
8975 0.014814815
10896 0.0074074073
10897 0.0074074073
9362 0.0074074073
4371 0.014814815
8343 0.0074074073
11928 0.0074074073
9114 0.0074074073
2204 0.0074074073
3105 0.014814815
14625 0.014814815
38 0.0074074073
13096 0.0074074073
15528 0.0074074073
13097 0.0074074073
10154 0.0074074073
13613 0.022222223
8111 0.0074074073
19249 0.022222223
7474 0.0074074073
15154 0.0074074073
10037 0.0074074073
9141 0.02962963
14903 0.014814815
4025 0.0074074073
442 0.0074074073
14650 0.014814815
21947 0.0074074073
1858 0.0074074073
12996 0.0074074073
10821 0.0074074073
21445 0.014814815
2758 0.0074074073
3655 0.0074074073
8263 0.014814815
22219 0.0074074073
16717 0.0074074073
11598 0.0074074073
1488 0.0074074073
15313 0.0074074073
16849 0.0074074073
9810 0.0074074073
7252 0.0074074073
11734 0.014814815
18263 0.11851852
3288 0.0074074073
14173 0.014814815
6239 0.0074074073
6623 0.0074074073
7137 0.0074074073
13410 0.0074074073
12899 0.0074074073
10083 0.0074074073
1507 0.05185185
20453 0.0074074073
6886 0.014814815
10344 0.0074074073
20968 0.0074074073
13160 0.0074074073
6121 0.0074074073
4329 0.0074074073
15209 0.0074074073
7914 0.0074074073
4205 0.0074074073
1006 0.0074074073
19054 0.0074074073
16367 0.0074074073
11121 0.0074074073
2289 0.0074074073
884 0.0074074073
21621 0.014814815
7160 0.0074074073
15352 0.0074074073
19320 0.014814815
8573 0.014814815
6143 0.0074074073
21375 0.0074074073
