256 0.04
19137 0.013333334
14402 0.013333334
3842 0.013333334
1410 0.04
10821 0.013333334
16582 0.013333334
20998 0.013333334
11527 0.026666667
18378 0.013333334
13260 0.026666667
20493 0.013333334
17486 0.013333334
17553 0.013333334
14161 0.013333334
10897 0.013333334
15315 0.013333334
18263 0.013333334
3288 0.013333334
731 0.013333334
5788 0.013333334
14684 0.026666667
13532 0.026666667
15196 0.04
14365 0.013333334
11038 0.013333334
15902 0.013333334
13343 0.026666667
3745 0.013333334
20579 0.026666667
10083 0.026666667
11363 0.026666667
16935 0.013333334
2791 0.013333334
15528 0.026666667
4841 0.013333334
13929 0.013333334
11242 0.053333335
11883 0.12
4207 0.013333334
8368 0.026666667
18932 0.013333334
21623 0.013333334
6136 0.013333334
2360 0.013333334
17336 0.013333334
12413 0.026666667
