21123 0.004347826
12037 0.008695652
8070 0.026086956
4617 0.004347826
17549 0.004347826
910 0.07826087
17935 0.004347826
10767 0.008695652
15504 0.008695652
13841 0.004347826
9361 0.004347826
1426 0.004347826
4371 0.004347826
917 0.004347826
8343 0.008695652
9114 0.004347826
20634 0.004347826
16027 0.004347826
10651 0.008695652
12830 0.004347826
15903 0.004347826
14753 0.004347826
3745 0.004347826
15011 0.008695652
163 0.008695652
21667 0.013043478
13480 0.04347826
2602 0.008695652
13613 0.004347826
19886 0.004347826
4654 0.008695652
8497 0.004347826
11825 0.17391305
12594 0.004347826
14514 0.030434782
8371 0.004347826
5428 0.004347826
17336 0.017391304
14650 0.15652174
18363 0.004347826
3515 0.004347826
315 0.013043478
6588 0.004347826
8125 0.004347826
13374 0.004347826
7486 0.004347826
13503 0.004347826
10691 0.004347826
15429 0.004347826
22213 0.004347826
10821 0.004347826
20550 0.004347826
4169 0.004347826
19785 0.008695652
17867 0.004347826
19149 0.004347826
718 0.013043478
18129 0.004347826
10065 0.004347826
9046 0.004347826
21465 0.004347826
22234 0.013043478
20571 0.02173913
19548 0.004347826
13532 0.008695652
19549 0.004347826
4576 0.004347826
20579 0.004347826
12771 0.004347826
13155 0.008695652
3044 0.004347826
11877 0.004347826
6886 0.004347826
10344 0.008695652
7916 0.004347826
16621 0.004347826
1006 0.004347826
12016 0.004347826
18544 0.008695652
14194 0.004347826
21235 0.004347826
19317 0.004347826
21621 0.008695652
15222 0.004347826
1399 0.004347826
21628 0.004347826
10492 0.008695652
14461 0.004347826
