7938 0.013333334
16003 0.02
18566 0.006666667
10759 0.006666667
19847 0.006666667
5004 0.026666667
2061 0.013333334
9361 0.006666667
10897 0.006666667
20883 0.006666667
19603 0.006666667
8852 0.006666667
2197 0.006666667
535 0.02
18968 0.006666667
14232 0.013333334
10651 0.013333334
14620 0.006666667
2975 0.006666667
13343 0.006666667
5795 0.006666667
163 0.026666667
676 0.006666667
38 0.013333334
4903 0.006666667
10284 0.006666667
8620 0.02
4269 0.006666667
2864 0.06
3507 0.006666667
7220 0.006666667
180 0.006666667
21813 0.026666667
4025 0.02
21693 0.026666667
20158 0.006666667
16064 0.006666667
9152 0.12
14402 0.013333334
2758 0.006666667
1482 0.006666667
9041 0.006666667
2390 0.046666667
1114 0.006666667
19675 0.02
7265 0.006666667
9441 0.006666667
21729 0.006666667
9057 0.053333335
11363 0.006666667
13155 0.006666667
15971 0.006666667
1635 0.006666667
2915 0.006666667
10083 0.013333334
20195 0.013333334
2662 0.02
7914 0.006666667
107 0.006666667
19183 0.006666667
12016 0.02
16496 0.053333335
13041 0.006666667
13426 0.006666667
11643 0.02
17661 0.006666667
5757 0.006666667
20606 0.006666667
19199 0.006666667
