16129 0.007575758
17029 0.007575758
20998 0.007575758
519 0.007575758
9352 0.007575758
6153 0.007575758
15625 0.015151516
3339 0.007575758
10763 0.045454547
9100 0.007575758
3982 0.007575758
10767 0.007575758
18064 0.007575758
11793 0.007575758
17553 0.007575758
13841 0.007575758
278 0.007575758
150 0.007575758
8342 0.007575758
4758 0.015151516
2199 0.007575758
2200 0.007575758
153 0.007575758
10140 0.007575758
4636 0.015151516
19870 0.007575758
13855 0.007575758
3104 0.007575758
14625 0.022727273
2721 0.022727273
8355 0.007575758
12582 0.007575758
8743 0.007575758
11431 0.007575758
4903 0.007575758
8616 0.022727273
18731 0.007575758
7211 0.007575758
2731 0.007575758
17196 0.007575758
12206 0.015151516
19249 0.007575758
10546 0.015151516
15795 0.007575758
17083 0.015151516
3262 0.007575758
15934 0.030303031
9666 0.030303031
8259 0.007575758
10691 0.007575758
10181 0.007575758
8263 0.015151516
8648 0.015151516
19531 0.007575758
14795 0.007575758
13260 0.060606062
6862 0.007575758
9041 0.022727273
20437 0.007575758
11734 0.007575758
11350 0.007575758
16470 0.007575758
14806 0.022727273
18263 0.007575758
2393 0.007575758
1241 0.022727273
16474 0.007575758
14682 0.015151516
19548 0.007575758
5088 0.007575758
9057 0.007575758
17633 0.007575758
14690 0.007575758
17891 0.007575758
6886 0.022727273
16871 0.007575758
4841 0.007575758
15209 0.015151516
7914 0.007575758
109 0.007575758
1006 0.007575758
12398 0.015151516
11635 0.015151516
21621 0.007575758
1399 0.007575758
5500 0.007575758
22141 0.007575758
17661 0.007575758
