16003 0.009259259
3588 0.009259259
773 0.009259259
6409 0.009259259
13450 0.009259259
10763 0.055555556
2061 0.009259259
16526 0.027777778
22288 0.009259259
22294 0.009259259
150 0.009259259
153 0.009259259
16281 0.009259259
13341 0.009259259
13853 0.018518519
8606 0.009259259
19102 0.046296295
17952 0.009259259
11298 0.009259259
12325 0.009259259
11813 0.009259259
38 0.018518519
11049 0.009259259
5290 0.009259259
10284 0.027777778
19886 0.009259259
17838 0.009259259
13870 0.027777778
5554 0.009259259
14515 0.018518519
6325 0.009259259
18872 0.055555556
11836 0.009259259
16064 0.009259259
11072 0.009259259
5825 0.027777778
14402 0.027777778
12355 0.009259259
8259 0.009259259
9412 0.009259259
12871 0.009259259
18760 0.009259259
16586 0.009259259
19660 0.009259259
15311 0.027777778
9041 0.009259259
2390 0.046296295
20696 0.027777778
5083 0.018518519
2140 0.009259259
6368 0.009259259
5859 0.009259259
10083 0.009259259
13155 0.009259259
6116 0.018518519
2662 0.018518519
5990 0.037037037
10728 0.009259259
18410 0.009259259
6762 0.009259259
5229 0.009259259
13041 0.009259259
3058 0.009259259
19188 0.009259259
7669 0.009259259
4599 0.009259259
11256 0.009259259
