2176 0.021505376
5892 0.010752688
11141 0.010752688
3333 0.043010753
5900 0.021505376
10511 0.010752688
8208 0.010752688
22288 0.021505376
10897 0.010752688
8468 0.043010753
150 0.010752688
7830 0.010752688
12830 0.010752688
8097 0.010752688
16289 0.021505376
3239 0.021505376
5544 0.010752688
9645 0.010752688
12205 0.021505376
430 0.010752688
13999 0.010752688
21679 0.010752688
17199 0.05376344
8497 0.010752688
15797 0.010752688
21813 0.032258064
311 0.010752688
11447 0.010752688
2873 0.010752688
8890 0.021505376
6588 0.010752688
3389 0.010752688
5309 0.021505376
19137 0.010752688
11073 0.021505376
3522 0.010752688
21570 0.021505376
8259 0.010752688
5830 0.021505376
9036 0.010752688
13775 0.010752688
20687 0.010752688
21841 0.010752688
6098 0.021505376
14803 0.010752688
18263 0.010752688
21464 0.010752688
17496 0.021505376
13664 0.010752688
20192 0.010752688
16482 0.010752688
5990 0.010752688
4838 0.032258064
10344 0.010752688
20203 0.010752688
12527 0.010752688
1391 0.010752688
12016 0.010752688
14704 0.021505376
13041 0.010752688
21243 0.010752688
6142 0.010752688
19711 0.010752688
6143 0.010752688
19199 0.010752688
