20992 0.013793103
15362 0.013793103
7938 0.027586207
21123 0.013793103
16003 0.03448276
519 0.0068965517
10763 0.013793103
8083 0.0068965517
7315 0.0068965517
2197 0.020689655
150 0.0068965517
3735 0.013793103
12055 0.055172414
20633 0.0068965517
21786 0.0068965517
11932 0.027586207
15903 0.020689655
6435 0.0068965517
9256 0.0068965517
15528 0.0068965517
6952 0.027586207
11049 0.0068965517
18731 0.0068965517
6444 0.0068965517
17196 0.0068965517
12206 0.027586207
1327 0.0068965517
14515 0.013793103
18872 0.013793103
7486 0.0068965517
22206 0.0068965517
8000 0.0068965517
16064 0.013793103
13377 0.0068965517
14402 0.013793103
16067 0.0068965517
8259 0.020689655
9412 0.0068965517
10821 0.03448276
16582 0.0068965517
18758 0.0068965517
8263 0.0068965517
4169 0.0068965517
1488 0.013793103
337 0.0068965517
4818 0.020689655
2390 0.03448276
11482 0.0068965517
860 0.013793103
6368 0.0068965517
7265 0.03448276
21346 0.0068965517
5859 0.0068965517
2662 0.03448276
4714 0.0068965517
7916 0.0068965517
16621 0.0068965517
14704 0.0068965517
8048 0.0068965517
12016 0.020689655
21621 0.027586207
4471 0.0068965517
3323 0.062068965
17661 0.0068965517
2558 0.0068965517
6143 0.020689655
3839 0.04137931
