8194 0.002570694
3842 0.002570694
10243 0.002570694
5380 0.002570694
9988 0.002570694
19205 0.002570694
5893 0.023136247
10246 0.010282776
20231 0.002570694
15624 0.002570694
7179 0.002570694
9227 0.005141388
16396 0.002570694
14860 0.002570694
10767 0.005141388
20496 0.005141388
18706 0.002570694
3859 0.002570694
13844 0.002570694
2836 0.005141388
22294 0.002570694
12823 0.002570694
19736 0.010282776
11033 0.002570694
4635 0.005141388
13345 0.002570694
12321 0.002570694
11298 0.002570694
9250 0.012853471
6435 0.002570694
20516 0.002570694
17446 0.002570694
6952 0.002570694
13610 0.002570694
298 0.002570694
14381 0.002570694
8237 0.012853471
22064 0.005141388
14129 0.002570694
12595 0.002570694
21044 0.002570694
14650 0.0077120825
18239 0.0077120825
11327 0.015424165
10817 0.002570694
11073 0.005141388
19010 0.002570694
10821 0.002570694
4934 0.002570694
18758 0.0077120825
12871 0.002570694
8263 0.002570694
1863 0.002570694
15949 0.002570694
11598 0.002570694
2897 0.002570694
3922 0.002570694
21588 0.005141388
16981 0.002570694
8790 0.002570694
18263 0.017994858
13659 0.0077120825
19548 0.002570694
9310 0.002570694
13919 0.002570694
16736 0.005141388
6243 0.002570694
20579 0.005141388
3430 0.010282776
10344 0.005141388
13673 0.002570694
4714 0.002570694
14442 0.005141388
6255 0.002570694
9839 0.002570694
11635 0.002570694
5237 0.002570694
19062 0.005141388
12664 0.002570694
20345 0.002570694
19581 0.03084833
4736 0.002570694
12161 0.002570694
8070 0.002570694
13191 0.002570694
10380 0.002570694
10893 0.002570694
6286 0.005141388
8592 0.002570694
20624 0.005141388
17553 0.002570694
13714 0.002570694
150 0.002570694
7830 0.12082262
17815 0.002570694
8343 0.015424165
10649 0.002570694
21401 0.005141388
10651 0.0077120825
11932 0.002570694
6813 0.002570694
13983 0.002570694
11681 0.002570694
5025 0.002570694
18340 0.005141388
14757 0.002570694
10409 0.002570694
9387 0.005141388
13485 0.002570694
19886 0.002570694
14000 0.002570694
8368 0.020565553
7090 0.002570694
4787 0.005141388
20405 0.046272494
2231 0.002570694
12734 0.002570694
9408 0.002570694
19137 0.002570694
5825 0.002570694
3522 0.002570694
963 0.002570694
8902 0.002570694
2758 0.010282776
5581 0.002570694
718 0.002570694
1488 0.005141388
3538 0.002570694
10451 0.046272494
20437 0.002570694
20696 0.020565553
21465 0.023136247
7642 0.002570694
12765 0.0077120825
7135 0.002570694
16095 0.005141388
4319 0.010282776
9441 0.002570694
12001 0.002570694
5859 0.005141388
5349 0.002570694
6886 0.002570694
7914 0.010282776
14060 0.05655527
19183 0.005141388
18160 0.002570694
241 0.005141388
20723 0.002570694
11512 0.048843186
20217 0.002570694
6143 0.002570694
