1410 0.02
5892 0.01
6660 0.01
8837 0.04
6153 0.01
9100 0.01
16396 0.02
14477 0.01
3982 0.01
7567 0.02
6032 0.01
18064 0.01
10897 0.01
2836 0.01
3735 0.01
2327 0.02
10777 0.01
15900 0.02
11932 0.02
15903 0.01
11041 0.01
11298 0.01
38 0.01
6952 0.01
15530 0.01
298 0.03
7211 0.01
19758 0.02
180 0.01
19126 0.03
14650 0.01
19646 0.01
6336 0.01
13249 0.01
4802 0.01
21570 0.02
3268 0.01
10821 0.01
21317 0.01
16199 0.01
1224 0.01
4169 0.01
19917 0.01
18253 0.01
16719 0.01
8145 0.12
18898 0.05
2390 0.02
5083 0.01
11363 0.01
13927 0.01
2791 0.01
11883 0.06
7916 0.01
16621 0.01
14704 0.02
2674 0.01
12020 0.01
1399 0.04
6143 0.01
