8194 0.008474576
1538 0.008474576
21123 0.008474576
16003 0.016949153
5892 0.008474576
5512 0.008474576
5900 0.008474576
13709 0.008474576
18064 0.008474576
153 0.008474576
21786 0.008474576
11932 0.025423728
13343 0.008474576
15903 0.008474576
6687 0.008474576
21279 0.025423728
1825 0.008474576
8097 0.016949153
19874 0.008474576
18850 0.016949153
3491 0.016949153
20516 0.033898305
13349 0.076271184
4649 0.008474576
1837 0.008474576
13613 0.016949153
19886 0.016949153
2864 0.016949153
10417 0.016949153
14514 0.008474576
19507 0.008474576
14515 0.016949153
7479 0.008474576
16058 0.016949153
15419 0.008474576
11073 0.008474576
14402 0.008474576
9412 0.016949153
9926 0.008474576
8263 0.008474576
18760 0.016949153
1482 0.025423728
17613 0.008474576
1488 0.016949153
10065 0.008474576
5845 0.008474576
2390 0.025423728
88 0.008474576
20696 0.016949153
18392 0.050847456
15323 0.008474576
11611 0.016949153
16605 0.008474576
9951 0.008474576
1376 0.008474576
8035 0.016949153
13670 0.008474576
2662 0.008474576
16871 0.008474576
6888 0.008474576
20841 0.008474576
4714 0.025423728
7916 0.008474576
7150 0.008474576
1006 0.008474576
13039 0.008474576
13041 0.008474576
20598 0.025423728
9975 0.008474576
6780 0.008474576
5500 0.008474576
6143 0.008474576
5631 0.016949153
