21121 0.012048192
9352 0.012048192
9227 0.024096385
9100 0.012048192
18318 0.012048192
12176 0.012048192
22288 0.012048192
19216 0.024096385
13844 0.012048192
153 0.012048192
5019 0.012048192
10651 0.024096385
3104 0.012048192
9250 0.012048192
12710 0.024096385
15528 0.012048192
1961 0.012048192
9772 0.012048192
7212 0.024096385
19886 0.036144577
8368 0.024096385
5939 0.012048192
8243 0.012048192
14650 0.012048192
8254 0.012048192
4290 0.012048192
14402 0.012048192
14275 0.012048192
13891 0.012048192
8259 0.04819277
1482 0.024096385
16717 0.012048192
11598 0.012048192
1488 0.012048192
8146 0.012048192
6359 0.012048192
20696 0.13253012
21465 0.024096385
2140 0.024096385
6237 0.012048192
6239 0.012048192
1504 0.012048192
7265 0.024096385
3043 0.012048192
20579 0.012048192
6116 0.012048192
1254 0.012048192
11241 0.012048192
4714 0.012048192
1006 0.012048192
8563 0.012048192
4342 0.024096385
3320 0.012048192
3323 0.024096385
19199 0.024096385
