21121 0.011494253
12037 0.011494253
9352 0.011494253
4874 0.011494253
2188 0.011494253
10767 0.011494253
4371 0.011494253
13844 0.011494253
13588 0.011494253
5396 0.022988506
150 0.011494253
21270 0.011494253
7830 0.011494253
8087 0.011494253
8343 0.022988506
153 0.011494253
10651 0.022988506
11932 0.03448276
3105 0.011494253
9250 0.011494253
8739 0.011494253
38 0.011494253
16935 0.011494253
9642 0.011494253
7082 0.03448276
7211 0.011494253
13613 0.011494253
4658 0.011494253
4915 0.011494253
20020 0.03448276
14650 0.011494253
14402 0.011494253
8259 0.06896552
9412 0.011494253
10821 0.011494253
16582 0.011494253
8263 0.011494253
13138 0.011494253
6612 0.022988506
18263 0.011494253
20696 0.08045977
5977 0.011494253
21465 0.03448276
14300 0.011494253
7647 0.011494253
18656 0.011494253
1376 0.011494253
12001 0.011494253
20579 0.011494253
15971 0.022988506
3044 0.011494253
2662 0.011494253
7914 0.011494253
12016 0.011494253
13041 0.011494253
10868 0.03448276
10101 0.011494253
3323 0.022988506
12413 0.011494253
5246 0.011494253
