12165 0.010869565
5900 0.010869565
9361 0.010869565
6162 0.02173913
22166 0.010869565
22294 0.02173913
8343 0.010869565
21784 0.010869565
8090 0.06521739
2459 0.032608695
18716 0.010869565
11932 0.010869565
17949 0.010869565
15011 0.010869565
3491 0.010869565
11049 0.010869565
4654 0.010869565
19886 0.02173913
20402 0.010869565
12594 0.010869565
5042 0.04347826
14515 0.02173913
17588 0.010869565
11574 0.010869565
4669 0.02173913
192 0.010869565
16321 0.02173913
8259 0.032608695
10821 0.054347824
4550 0.032608695
13255 0.010869565
8263 0.02173913
10312 0.010869565
4169 0.010869565
20176 0.010869565
18644 0.010869565
20437 0.010869565
2390 0.010869565
20696 0.010869565
3288 0.02173913
6368 0.010869565
10083 0.010869565
20196 0.010869565
6116 0.010869565
3044 0.02173913
20453 0.02173913
359 0.010869565
3179 0.010869565
13043 0.010869565
20598 0.010869565
15606 0.02173913
9975 0.010869565
10104 0.010869565
5754 0.010869565
6780 0.010869565
19198 0.02173913
8446 0.06521739
