7680 0.004524887
16385 0.004524887
7938 0.009049774
17415 0.004524887
4874 0.004524887
5900 0.004524887
4111 0.004524887
4631 0.004524887
12830 0.013574661
13855 0.004524887
3105 0.004524887
38 0.004524887
12071 0.022624435
15656 0.004524887
298 0.004524887
7211 0.009049774
6956 0.013574661
13613 0.004524887
5939 0.004524887
21813 0.013574661
7479 0.004524887
17980 0.018099548
14402 0.004524887
8259 0.004524887
10821 0.004524887
17480 0.009049774
10321 0.013574661
9046 0.004524887
2390 0.009049774
15703 0.027149322
13151 0.004524887
10083 0.004524887
13155 0.009049774
17252 0.004524887
14692 0.06334842
11883 0.004524887
6509 0.004524887
8048 0.009049774
8561 0.004524887
2674 0.036199097
11635 0.004524887
21621 0.004524887
6780 0.009049774
11644 0.013574661
3199 0.004524887
2176 0.004524887
18817 0.004524887
21378 0.004524887
2690 0.027149322
3466 0.009049774
5514 0.013574661
17292 0.004524887
19345 0.004524887
9361 0.009049774
11925 0.13574661
150 0.004524887
8343 0.009049774
9114 0.004524887
11934 0.009049774
6303 0.004524887
3745 0.004524887
14754 0.004524887
19886 0.004524887
13744 0.004524887
11186 0.013574661
14515 0.004524887
12980 0.004524887
16564 0.004524887
19126 0.013574661
18872 0.013574661
9923 0.004524887
9412 0.004524887
10184 0.004524887
19917 0.004524887
14798 0.004524887
719 0.004524887
10192 0.004524887
1488 0.009049774
11989 0.004524887
9685 0.009049774
4821 0.009049774
21464 0.004524887
1242 0.004524887
13023 0.004524887
9951 0.013574661
6623 0.013574661
13538 0.009049774
3044 0.004524887
13030 0.004524887
2791 0.004524887
19433 0.009049774
1006 0.022624435
18159 0.004524887
19183 0.004524887
12016 0.004524887
13041 0.018099548
10994 0.04524887
2803 0.004524887
8447 0.004524887
6143 0.009049774
