7938 0.004016064
5893 0.036144577
16390 0.004016064
9478 0.008032128
519 0.004016064
10762 0.016064256
8971 0.004016064
16140 0.008032128
15629 0.008032128
10767 0.016064256
13844 0.02008032
22294 0.004016064
19736 0.044176705
4635 0.004016064
6687 0.004016064
13855 0.004016064
13343 0.008032128
9249 0.004016064
12321 0.004016064
9250 0.004016064
10019 0.004016064
20516 0.004016064
21541 0.004016064
12325 0.004016064
38 0.004016064
3623 0.004016064
4652 0.004016064
13613 0.004016064
1837 0.004016064
14650 0.004016064
8251 0.004016064
4669 0.004016064
18239 0.008032128
11327 0.016064256
12610 0.004016064
10821 0.012048192
12871 0.004016064
20813 0.012048192
21588 0.004016064
9813 0.004016064
16982 0.004016064
13659 0.004016064
9310 0.008032128
6239 0.004016064
6243 0.004016064
10083 0.008032128
20579 0.012048192
3430 0.004016064
9836 0.004016064
6509 0.008032128
10095 0.004016064
13679 0.004016064
4721 0.004016064
12914 0.004016064
882 0.004016064
16755 0.004016064
884 0.004016064
1660 0.004016064
15229 0.004016064
19581 0.016064256
16003 0.04016064
11141 0.004016064
9862 0.012048192
16780 0.004016064
3982 0.004016064
1166 0.004016064
6286 0.012048192
150 0.024096385
8855 0.004016064
8343 0.004016064
21401 0.004016064
8090 0.004016064
11932 0.008032128
19103 0.008032128
11168 0.004016064
21409 0.004016064
8355 0.004016064
2473 0.004016064
13485 0.004016064
19886 0.004016064
14514 0.004016064
20402 0.004016064
8371 0.004016064
12468 0.004016064
20405 0.024096385
1975 0.004016064
14011 0.012048192
18623 0.004016064
10691 0.004016064
13251 0.004016064
15559 0.004016064
21704 0.024096385
12745 0.004016064
9935 0.004016064
1488 0.008032128
13010 0.004016064
10451 0.0562249
20696 0.036144577
12252 0.004016064
13532 0.004016064
6623 0.004016064
7135 0.004016064
6116 0.016064256
5861 0.004016064
20453 0.008032128
6886 0.004016064
8422 0.008032128
1006 0.008032128
21487 0.004016064
8175 0.004016064
20723 0.004016064
17653 0.004016064
8950 0.004016064
11512 0.104417674
4603 0.004016064
3323 0.004016064
