8194 0.002688172
8709 0.002688172
14603 0.002688172
5900 0.002688172
15629 0.002688172
8719 0.002688172
17935 0.002688172
10767 0.005376344
1552 0.002688172
6162 0.002688172
4371 0.002688172
13844 0.005376344
6677 0.002688172
20501 0.005376344
22294 0.002688172
8472 0.002688172
11292 0.002688172
15900 0.005376344
19230 0.002688172
15902 0.002688172
6943 0.002688172
13343 0.005376344
15903 0.008064516
12321 0.002688172
9250 0.005376344
8739 0.002688172
11299 0.002688172
10788 0.002688172
13349 0.002688172
12325 0.002688172
4903 0.005376344
7208 0.002688172
13097 0.002688172
21545 0.002688172
13610 0.002688172
20011 0.002688172
18731 0.005376344
10284 0.086021505
13613 0.01344086
18222 0.002688172
4654 0.002688172
22064 0.008064516
11825 0.005376344
4147 0.002688172
8243 0.002688172
21044 0.002688172
7991 0.002688172
14650 0.002688172
14394 0.002688172
15419 0.002688172
6205 0.002688172
4161 0.002688172
4418 0.002688172
20802 0.002688172
14402 0.008064516
17219 0.002688172
8259 0.04032258
10821 0.008064516
12870 0.002688172
4934 0.002688172
18758 0.005376344
2119 0.002688172
8263 0.002688172
18760 0.01344086
21325 0.002688172
11598 0.002688172
19280 0.002688172
9041 0.002688172
20821 0.002688172
18774 0.002688172
4438 0.002688172
9046 0.008064516
16219 0.002688172
6237 0.002688172
12637 0.002688172
14173 0.005376344
1376 0.002688172
8545 0.002688172
14691 0.002688172
10083 0.005376344
20579 0.005376344
6758 0.002688172
2662 0.016129032
15975 0.002688172
10344 0.002688172
4714 0.043010753
21099 0.002688172
6509 0.002688172
109 0.002688172
8048 0.002688172
14704 0.002688172
11635 0.010752688
22132 0.002688172
884 0.016129032
21627 0.002688172
12413 0.002688172
8573 0.005376344
13183 0.008064516
16003 0.002688172
14212 0.002688172
11662 0.002688172
6543 0.002688172
150 0.002688172
8855 0.002688172
8343 0.005376344
16024 0.005376344
15001 0.005376344
153 0.005376344
9114 0.002688172
8090 0.002688172
2459 0.005376344
11932 0.002688172
4510 0.002688172
19104 0.002688172
3745 0.005376344
163 0.002688172
6054 0.002688172
12710 0.008064516
20648 0.002688172
15528 0.008064516
11689 0.002688172
9387 0.002688172
13995 0.005376344
1195 0.002688172
2731 0.005376344
13485 0.002688172
17327 0.002688172
8368 0.005376344
22193 0.002688172
2226 0.002688172
14514 0.002688172
8371 0.002688172
3252 0.002688172
4789 0.008064516
15543 0.002688172
2231 0.01344086
19128 0.002688172
22206 0.010752688
18623 0.002688172
4031 0.002688172
21696 0.002688172
6336 0.002688172
5825 0.01344086
4290 0.002688172
3522 0.002688172
3268 0.002688172
9926 0.002688172
968 0.002688172
2760 0.002688172
4809 0.002688172
17355 0.008064516
3790 0.002688172
3792 0.002688172
15313 0.002688172
20434 0.005376344
5077 0.002688172
20696 0.01344086
985 0.002688172
217 0.002688172
7642 0.002688172
13020 0.002688172
14300 0.005376344
2269 0.002688172
6623 0.005376344
14817 0.002688172
10467 0.002688172
16356 0.002688172
5861 0.002688172
16871 0.002688172
12522 0.002688172
7914 0.002688172
20203 0.008064516
7916 0.002688172
1006 0.021505376
19695 0.002688172
2288 0.002688172
13041 0.018817205
20723 0.010752688
12020 0.005376344
14838 0.005376344
5878 0.010752688
9975 0.005376344
21752 0.002688172
15608 0.008064516
22009 0.002688172
3323 0.02688172
6397 0.002688172
17661 0.002688172
12286 0.005376344
5631 0.002688172
19199 0.002688172
3839 0.008064516
