21632 0.012820513
7680 0.012820513
3333 0.012820513
15624 0.012820513
4874 0.012820513
9101 0.012820513
13326 0.012820513
15376 0.012820513
10897 0.012820513
9361 0.012820513
1426 0.012820513
18834 0.012820513
13844 0.025641026
7830 0.012820513
8343 0.012820513
5019 0.012820513
1821 0.012820513
16159 0.03846154
3745 0.012820513
13345 0.012820513
2721 0.012820513
10275 0.012820513
21541 0.025641026
10409 0.012820513
13097 0.012820513
10797 0.012820513
22064 0.03846154
8497 0.012820513
180 0.012820513
5812 0.012820513
2740 0.012820513
14650 0.012820513
21819 0.025641026
6336 0.012820513
5825 0.03846154
4930 0.012820513
6980 0.012820513
16582 0.012820513
12871 0.012820513
8269 0.012820513
7245 0.025641026
12624 0.012820513
13521 0.012820513
18001 0.025641026
8021 0.025641026
2390 0.012820513
11479 0.025641026
6239 0.012820513
20959 0.012820513
16481 0.012820513
6116 0.012820513
3300 0.012820513
16871 0.012820513
2413 0.012820513
7024 0.012820513
20723 0.012820513
13044 0.012820513
10487 0.012820513
5623 0.012820513
1399 0.025641026
15097 0.012820513
18298 0.012820513
7292 0.012820513
17791 0.012820513
