13828 0.0029411765
4100 0.0029411765
5893 0.020588236
5126 0.0029411765
10246 0.005882353
10763 0.0029411765
17935 0.0029411765
10767 0.0029411765
17167 0.005882353
3859 0.0029411765
5396 0.005882353
22294 0.00882353
19735 0.0029411765
19736 0.029411765
21787 0.0029411765
4635 0.011764706
31 0.0029411765
38 0.0029411765
21287 0.0029411765
13097 0.0029411765
298 0.0029411765
2602 0.0029411765
17196 0.0029411765
1837 0.0029411765
13613 0.00882353
21297 0.00882353
10546 0.0029411765
20020 0.011764706
21813 0.0029411765
2359 0.0029411765
21559 0.0029411765
311 0.00882353
7224 0.0029411765
20280 0.005882353
9017 0.0029411765
14650 0.020588236
18239 0.00882353
11327 0.00882353
4929 0.0029411765
10821 0.0029411765
12357 0.0029411765
5957 0.0029411765
18758 0.014705882
4679 0.0029411765
12871 0.0029411765
8263 0.005882353
16717 0.0029411765
11598 0.005882353
13393 0.0029411765
6738 0.005882353
84 0.00882353
20309 0.0029411765
19542 0.0029411765
22111 0.0029411765
6239 0.0029411765
16991 0.0029411765
16736 0.0029411765
8288 0.0029411765
1376 0.0029411765
7265 0.011764706
21345 0.014705882
3430 0.0029411765
2662 0.0029411765
13160 0.0029411765
15208 0.005882353
4714 0.00882353
17262 0.0029411765
3950 0.011764706
11635 0.0029411765
884 0.0029411765
21620 0.0029411765
10868 0.0029411765
16503 0.0029411765
20345 0.0029411765
12413 0.0029411765
19581 0.023529412
21890 0.0029411765
8070 0.0029411765
9862 0.005882353
3463 0.0029411765
17549 0.0029411765
10895 0.0029411765
20624 0.0029411765
10896 0.00882353
17553 0.0029411765
10897 0.0029411765
1682 0.005882353
19603 0.0029411765
150 0.005882353
17815 0.0029411765
8343 0.014705882
10393 0.0029411765
13983 0.0029411765
3745 0.011764706
14757 0.0029411765
12710 0.0029411765
15528 0.00882353
7082 0.00882353
13485 0.0029411765
19886 0.023529412
5808 0.0029411765
10417 0.014705882
14514 0.00882353
14515 0.0029411765
20405 0.032352943
2231 0.0029411765
18872 0.0029411765
16058 0.00882353
4286 0.0029411765
6336 0.0029411765
5825 0.0029411765
15042 0.0029411765
2758 0.0029411765
3530 0.0029411765
1482 0.014705882
19917 0.0029411765
1488 0.00882353
10451 0.038235296
7381 0.0029411765
20696 0.04117647
21465 0.0029411765
217 0.005882353
7642 0.0029411765
731 0.0029411765
6364 0.0029411765
14300 0.0029411765
6623 0.0029411765
4579 0.0029411765
6116 0.00882353
20453 0.0029411765
5349 0.011764706
10472 0.0029411765
20200 0.0029411765
18408 0.0029411765
20712 0.005882353
21483 0.0029411765
18414 0.005882353
1006 0.020588236
12016 0.014705882
7669 0.0029411765
4342 0.0029411765
22007 0.0029411765
7160 0.0029411765
11512 0.04117647
20217 0.0029411765
14587 0.0029411765
3323 0.005882353
6141 0.0029411765
22270 0.0029411765
19199 0.0029411765
5631 0.005882353
3839 0.03529412
