4874 0.005586592
9227 0.011173184
5900 0.005586592
14348 0.011173184
10767 0.005586592
15120 0.005586592
22288 0.005586592
5396 0.005586592
13844 0.005586592
535 0.011173184
14620 0.005586592
11049 0.005586592
7211 0.005586592
13615 0.005586592
20020 0.005586592
10037 0.005586592
21813 0.016759777
14650 0.005586592
7743 0.005586592
8001 0.011173184
14402 0.011173184
8259 0.011173184
10821 0.005586592
2119 0.005586592
12871 0.011173184
16717 0.005586592
21076 0.005586592
3412 0.005586592
8021 0.011173184
2390 0.005586592
6491 0.005586592
4702 0.044692736
16991 0.005586592
1376 0.005586592
20065 0.005586592
16481 0.005586592
7265 0.033519555
4714 0.005586592
3950 0.005586592
14704 0.016759777
11635 0.011173184
884 0.005586592
1915 0.005586592
14204 0.011173184
16003 0.022346368
8836 0.005586592
2693 0.016759777
18568 0.005586592
3210 0.005586592
17294 0.005586592
18064 0.005586592
17553 0.005586592
19601 0.005586592
10897 0.033519555
3735 0.005586592
8343 0.016759777
153 0.005586592
13210 0.016759777
11932 0.005586592
20127 0.005586592
7584 0.005586592
5025 0.005586592
18340 0.005586592
8613 0.005586592
12710 0.005586592
7082 0.022346368
16043 0.005586592
20653 0.005586592
12205 0.005586592
12206 0.005586592
19886 0.011173184
10417 0.011173184
14515 0.005586592
15027 0.011173184
180 0.005586592
20919 0.005586592
21434 0.005586592
21178 0.005586592
16058 0.016759777
9152 0.044692736
5825 0.011173184
3522 0.005586592
14022 0.005586592
4550 0.005586592
13255 0.005586592
14027 0.005586592
20683 0.005586592
465 0.005586592
5845 0.005586592
8922 0.005586592
20442 0.005586592
8667 0.005586592
8163 0.005586592
2275 0.005586592
3044 0.005586592
8422 0.011173184
16871 0.011173184
14056 0.005586592
20712 0.011173184
7916 0.005586592
10989 0.016759777
18414 0.005586592
1006 0.016759777
13041 0.005586592
1780 0.005586592
18677 0.005586592
9975 0.005586592
7160 0.005586592
3323 0.005586592
8444 0.005586592
3839 0.005586592
19711 0.005586592
3327 0.022346368
