21123 0.006993007
5892 0.006993007
7174 0.006993007
18054 0.013986014
4874 0.006993007
14348 0.013986014
10125 0.006993007
13709 0.006993007
10767 0.006993007
11151 0.006993007
10512 0.006993007
10897 0.04195804
18706 0.006993007
6162 0.04195804
11155 0.013986014
22035 0.02097902
13844 0.006993007
2837 0.013986014
150 0.006993007
7830 0.013986014
8343 0.006993007
12311 0.013986014
153 0.006993007
3227 0.006993007
11932 0.006993007
13855 0.006993007
6688 0.006993007
16032 0.02097902
8097 0.027972028
9250 0.006993007
8870 0.006993007
15911 0.006993007
15528 0.006993007
5034 0.02097902
12205 0.006993007
13613 0.006993007
12206 0.006993007
2222 0.006993007
17327 0.013986014
5424 0.006993007
9521 0.006993007
7474 0.006993007
15027 0.006993007
8243 0.006993007
1716 0.006993007
4024 0.006993007
4025 0.006993007
14650 0.013986014
22076 0.006993007
7485 0.006993007
3006 0.006993007
11073 0.006993007
14402 0.006993007
3522 0.034965035
8259 0.006993007
18243 0.006993007
19396 0.006993007
21445 0.006993007
10821 0.013986014
8263 0.006993007
6215 0.006993007
10184 0.006993007
12365 0.006993007
14798 0.006993007
10831 0.006993007
9041 0.013986014
9813 0.02097902
17366 0.006993007
16471 0.006993007
18263 0.013986014
6237 0.006993007
6623 0.006993007
4576 0.006993007
21345 0.006993007
13155 0.006993007
4707 0.006993007
10083 0.013986014
20579 0.02097902
6116 0.006993007
3044 0.006993007
14694 0.006993007
2791 0.006993007
20203 0.006993007
18539 0.006993007
10476 0.02097902
14704 0.02097902
20209 0.006993007
19954 0.02097902
11635 0.006993007
13044 0.006993007
884 0.027972028
20984 0.006993007
14330 0.013986014
14587 0.006993007
