2690 0.00990099
2693 0.00990099
8709 0.00990099
17415 0.07920792
9227 0.01980198
2188 0.02970297
14348 0.0990099
9229 0.00990099
10767 0.01980198
12176 0.00990099
6417 0.00990099
10897 0.04950495
16532 0.00990099
20501 0.01980198
2459 0.00990099
17949 0.00990099
18077 0.02970297
9250 0.00990099
4903 0.00990099
1066 0.00990099
17840 0.00990099
2740 0.01980198
20020 0.02970297
8630 0.00990099
11837 0.00990099
19137 0.00990099
10817 0.00990099
4290 0.00990099
4674 0.01980198
8259 0.01980198
21445 0.00990099
10821 0.01980198
8263 0.00990099
16717 0.03960396
9041 0.00990099
5585 0.00990099
3154 0.00990099
9813 0.00990099
19286 0.03960396
18263 0.02970297
20696 0.00990099
21465 0.01980198
13532 0.00990099
2787 0.00990099
20579 0.04950495
16356 0.00990099
2281 0.00990099
18410 0.00990099
11635 0.03960396
884 0.00990099
1399 0.00990099
5631 0.00990099
