21123 0.007633588
5892 0.007633588
17029 0.015267176
3339 0.015267176
10763 0.061068702
10767 0.022900764
10897 0.007633588
4371 0.015267176
153 0.007633588
2459 0.007633588
11932 0.007633588
6687 0.007633588
3745 0.007633588
2721 0.015267176
9250 0.007633588
11298 0.061068702
15528 0.007633588
18731 0.007633588
17196 0.015267176
12205 0.007633588
7472 0.007633588
5426 0.007633588
15027 0.007633588
19126 0.022900764
311 0.007633588
14650 0.007633588
6459 0.015267176
828 0.007633588
16064 0.015267176
5825 0.007633588
1346 0.007633588
10821 0.030534351
3018 0.007633588
716 0.007633588
13260 0.015267176
16717 0.007633588
12365 0.015267176
9041 0.007633588
5329 0.015267176
9810 0.007633588
20437 0.03816794
726 0.007633588
9046 0.007633588
2390 0.015267176
11734 0.06870229
21464 0.007633588
15196 0.007633588
14300 0.007633588
9951 0.007633588
2915 0.007633588
13155 0.015267176
10083 0.030534351
20196 0.007633588
6886 0.015267176
8422 0.015267176
2662 0.022900764
2791 0.007633588
16871 0.030534351
13545 0.007633588
874 0.007633588
20203 0.015267176
14061 0.007633588
4205 0.007633588
1006 0.015267176
18159 0.007633588
12016 0.007633588
20336 0.015267176
7669 0.007633588
21621 0.022900764
16888 0.007633588
21247 0.007633588
