17156 0.008333334
11141 0.008333334
8837 0.016666668
20998 0.008333334
10763 0.016666668
13709 0.008333334
10767 0.008333334
7567 0.008333334
8208 0.008333334
10897 0.025
22294 0.008333334
5788 0.008333334
11932 0.025
4513 0.008333334
9250 0.016666668
38 0.008333334
12710 0.008333334
17318 0.016666668
15527 0.008333334
4903 0.008333334
11049 0.008333334
8107 0.025
8368 0.016666668
19636 0.008333334
16949 0.008333334
21813 0.025
311 0.008333334
1336 0.008333334
10169 0.016666668
4923 0.008333334
7486 0.008333334
2494 0.008333334
22206 0.008333334
6336 0.016666668
2372 0.008333334
3525 0.008333334
10821 0.025
8263 0.008333334
1224 0.016666668
15817 0.008333334
1482 0.016666668
13260 0.033333335
6222 0.033333335
3280 0.008333334
1488 0.008333334
7377 0.008333334
465 0.016666668
84 0.008333334
2390 0.008333334
7642 0.008333334
8922 0.008333334
13919 0.025
9057 0.016666668
10083 0.025
8422 0.016666668
6886 0.025
2791 0.008333334
16871 0.016666668
10343 0.025
11883 0.008333334
2030 0.008333334
1006 0.025
21621 0.025
14838 0.025
21752 0.033333335
17017 0.008333334
22009 0.008333334
2041 0.016666668
11259 0.008333334
16508 0.008333334
17661 0.008333334
12413 0.008333334
6143 0.008333334
