2176 0.07608695
8193 0.010869565
13314 0.010869565
3339 0.010869565
14860 0.010869565
12044 0.010869565
5900 0.02173913
13709 0.06521739
22288 0.032608695
17553 0.010869565
10897 0.010869565
18834 0.010869565
3859 0.010869565
17939 0.010869565
13844 0.010869565
8343 0.010869565
153 0.010869565
10140 0.010869565
3745 0.010869565
12321 0.010869565
18850 0.032608695
7331 0.010869565
6435 0.010869565
21541 0.010869565
12710 0.010869565
17318 0.010869565
8743 0.010869565
6444 0.010869565
20780 0.02173913
1837 0.010869565
9393 0.010869565
20657 0.010869565
4405 0.010869565
17846 0.010869565
8254 0.010869565
3522 0.010869565
10821 0.010869565
8263 0.010869565
4169 0.010869565
22090 0.010869565
4682 0.010869565
3530 0.010869565
14027 0.010869565
14798 0.010869565
9041 0.010869565
3922 0.010869565
12373 0.010869565
11607 0.010869565
9432 0.010869565
9951 0.02173913
6623 0.032608695
20196 0.010869565
20712 0.010869565
8297 0.010869565
7914 0.010869565
11883 0.010869565
17004 0.010869565
16621 0.010869565
13041 0.010869565
241 0.010869565
2674 0.010869565
21235 0.010869565
1524 0.010869565
12918 0.010869565
5238 0.010869565
14838 0.032608695
4087 0.02173913
6143 0.02173913
