1410 0.0070921984
11141 0.0070921984
8070 0.0070921984
3464 0.0070921984
13450 0.0070921984
4874 0.014184397
5900 0.0070921984
9869 0.0070921984
10767 0.0070921984
13841 0.0070921984
6162 0.0070921984
4371 0.0070921984
17428 0.0070921984
13844 0.028368793
150 0.0070921984
11158 0.0070921984
7830 0.014184397
6294 0.11347517
14490 0.0070921984
14620 0.0070921984
5788 0.0070921984
4509 0.0070921984
7457 0.0070921984
15528 0.0070921984
7082 0.0070921984
7211 0.0070921984
18731 0.0070921984
2476 0.0070921984
10412 0.0070921984
20780 0.014184397
13613 0.0070921984
17971 0.0070921984
16563 0.0070921984
4665 0.0070921984
14650 0.0070921984
4923 0.0070921984
8254 0.0070921984
22206 0.021276595
6336 0.021276595
9025 0.0070921984
10817 0.0070921984
4161 0.0070921984
14402 0.014184397
4674 0.10638298
8259 0.0070921984
10691 0.0070921984
20164 0.0070921984
18758 0.014184397
4169 0.0070921984
3530 0.0070921984
6862 0.0070921984
21841 0.0070921984
9685 0.0070921984
20821 0.0070921984
11221 0.0070921984
4314 0.0070921984
3290 0.0070921984
6623 0.021276595
5859 0.0070921984
19683 0.014184397
3300 0.0070921984
3044 0.0070921984
10981 0.0070921984
8422 0.014184397
13927 0.0070921984
2791 0.0070921984
8556 0.0070921984
1006 0.028368793
14704 0.028368793
20209 0.0070921984
2674 0.021276595
11635 0.014184397
22259 0.07801419
18677 0.0070921984
11640 0.0070921984
15608 0.0070921984
6525 0.0070921984
