8194 0.004651163
5893 0.03255814
10246 0.009302326
17415 0.013953488
10763 0.009302326
15629 0.004651163
20750 0.009302326
8208 0.004651163
278 0.004651163
19736 0.018604651
16410 0.004651163
4635 0.023255814
16678 0.004651163
38 0.009302326
4903 0.004651163
18731 0.004651163
10027 0.004651163
4397 0.004651163
1837 0.004651163
5428 0.004651163
20020 0.004651163
13621 0.004651163
14650 0.004651163
18239 0.013953488
1858 0.004651163
5698 0.009302326
10821 0.03255814
326 0.004651163
18758 0.013953488
8263 0.004651163
4169 0.004651163
2380 0.004651163
18006 0.004651163
18263 0.004651163
11864 0.009302326
2393 0.004651163
13659 0.004651163
15196 0.018604651
14173 0.004651163
8542 0.009302326
13919 0.004651163
18783 0.004651163
21345 0.004651163
20579 0.004651163
4963 0.004651163
10083 0.023255814
2662 0.004651163
3430 0.009302326
14185 0.004651163
874 0.004651163
11121 0.004651163
11635 0.018604651
21621 0.018604651
19062 0.004651163
19581 0.013953488
18559 0.004651163
2690 0.009302326
22147 0.004651163
11653 0.004651163
11141 0.018604651
9862 0.004651163
18064 0.004651163
15509 0.004651163
8343 0.004651163
19865 0.004651163
4253 0.004651163
3745 0.004651163
15528 0.004651163
8616 0.004651163
2731 0.004651163
8368 0.009302326
20150 0.004651163
6588 0.004651163
18623 0.004651163
17857 0.004651163
5825 0.018604651
4290 0.004651163
3522 0.004651163
10691 0.004651163
2758 0.004651163
7110 0.004651163
13255 0.013953488
16841 0.004651163
6091 0.004651163
716 0.004651163
13260 0.13023256
19917 0.004651163
718 0.004651163
10451 0.018604651
16599 0.009302326
20696 0.004651163
13532 0.004651163
7135 0.004651163
20959 0.009302326
18912 0.004651163
5606 0.004651163
18920 0.004651163
7914 0.004651163
490 0.004651163
18414 0.013953488
18159 0.004651163
19183 0.009302326
12016 0.013953488
12020 0.013953488
19192 0.004651163
11512 0.046511628
6654 0.013953488
