13186 0.009803922
21123 0.009803922
17415 0.009803922
7176 0.009803922
21514 0.009803922
15629 0.009803922
6541 0.009803922
8975 0.009803922
20367 0.019607844
17559 0.009803922
8855 0.019607844
8343 0.019607844
13855 0.009803922
20385 0.029411765
8355 0.009803922
8739 0.009803922
6181 0.009803922
17318 0.019607844
14247 0.009803922
4903 0.009803922
7337 0.009803922
17450 0.029411765
17840 0.009803922
9393 0.009803922
15027 0.019607844
21044 0.009803922
15414 0.009803922
2231 0.009803922
14903 0.019607844
3129 0.009803922
14650 0.009803922
14394 0.009803922
6459 0.009803922
15934 0.009803922
7486 0.009803922
9025 0.009803922
5825 0.009803922
1858 0.009803922
14402 0.019607844
19908 0.009803922
10821 0.009803922
8263 0.009803922
13260 0.009803922
21452 0.009803922
2509 0.009803922
9041 0.009803922
11734 0.019607844
18263 0.13725491
12765 0.009803922
16989 0.009803922
7906 0.009803922
8422 0.009803922
15078 0.009803922
8556 0.009803922
1006 0.009803922
15342 0.009803922
8175 0.009803922
21872 0.019607844
20723 0.019607844
11635 0.019607844
21621 0.068627454
1143 0.009803922
1399 0.039215688
14330 0.009803922
6143 0.009803922
