1410 0.005586592
642 0.005586592
13958 0.005586592
8070 0.005586592
13448 0.016759777
4617 0.005586592
17549 0.005586592
10897 0.005586592
19603 0.022346368
153 0.016759777
21786 0.011173184
10140 0.005586592
11932 0.033519555
15645 0.011173184
13983 0.005586592
13343 0.022346368
11298 0.005586592
13090 0.005586592
163 0.11173184
9892 0.005586592
14757 0.005586592
12325 0.005586592
17318 0.005586592
5671 0.005586592
15528 0.005586592
2089 0.005586592
2602 0.005586592
6444 0.005586592
19886 0.005586592
8368 0.005586592
20149 0.005586592
311 0.005586592
14903 0.005586592
824 0.005586592
8890 0.005586592
14650 0.011173184
16572 0.005586592
7486 0.011173184
21696 0.005586592
16064 0.011173184
14402 0.005586592
4290 0.011173184
3522 0.011173184
4803 0.005586592
12355 0.005586592
10821 0.005586592
14022 0.005586592
9544 0.005586592
4169 0.005586592
3530 0.005586592
1482 0.005586592
13386 0.011173184
10065 0.005586592
2390 0.011173184
9944 0.005586592
21464 0.005586592
21465 0.005586592
13532 0.005586592
16605 0.005586592
19805 0.005586592
6368 0.005586592
5859 0.005586592
10083 0.011173184
13155 0.05586592
5990 0.011173184
6886 0.016759777
7914 0.005586592
21483 0.011173184
9836 0.005586592
16621 0.005586592
1006 0.005586592
21487 0.022346368
11376 0.039106146
7792 0.15083799
499 0.005586592
1524 0.005586592
7669 0.011173184
4342 0.005586592
20218 0.005586592
3323 0.022346368
13692 0.005586592
7292 0.005586592
10492 0.005586592
