13186 0.007751938
8194 0.007751938
5892 0.031007752
9352 0.007751938
9100 0.007751938
2061 0.007751938
4237 0.007751938
2063 0.015503876
8592 0.007751938
6032 0.007751938
20624 0.023255814
10897 0.007751938
18323 0.007751938
4371 0.015503876
8855 0.015503876
5025 0.007751938
2721 0.015503876
14625 0.015503876
9250 0.007751938
6178 0.007751938
9892 0.007751938
20901 0.007751938
15527 0.007751938
20263 0.007751938
19241 0.007751938
18858 0.007751938
10154 0.007751938
18731 0.007751938
2731 0.007751938
19500 0.007751938
19245 0.007751938
13613 0.015503876
16814 0.007751938
17327 0.015503876
5169 0.007751938
2609 0.007751938
10546 0.007751938
6196 0.007751938
10037 0.007751938
14903 0.007751938
3128 0.015503876
6201 0.007751938
5434 0.007751938
14650 0.015503876
6588 0.007751938
3261 0.007751938
15421 0.007751938
16064 0.007751938
8259 0.046511628
2758 0.007751938
3530 0.007751938
13260 0.015503876
18253 0.007751938
6222 0.007751938
1105 0.007751938
9041 0.007751938
10321 0.007751938
3922 0.007751938
1110 0.007751938
8662 0.007751938
14935 0.007751938
18263 0.054263566
11480 0.007751938
20696 0.023255814
3419 0.007751938
9951 0.007751938
18528 0.007751938
8163 0.007751938
20579 0.007751938
10083 0.015503876
16356 0.015503876
20203 0.007751938
1006 0.015503876
21487 0.007751938
19696 0.054263566
17906 0.007751938
11635 0.03875969
13044 0.015503876
2293 0.007751938
19062 0.007751938
11639 0.007751938
1399 0.007751938
15228 0.007751938
10492 0.007751938
14333 0.007751938
3839 0.007751938
3455 0.007751938
