512 0.013761468
16390 0.0045871558
13578 0.0045871558
9227 0.0045871558
3339 0.0045871558
2061 0.0045871558
15629 0.0045871558
10767 0.0045871558
5396 0.21100917
22294 0.0045871558
19736 0.02293578
22042 0.0045871558
14625 0.0045871558
9250 0.0045871558
11298 0.0091743115
20516 0.0045871558
6952 0.0045871558
13613 0.0045871558
4141 0.04587156
22067 0.0045871558
20020 0.0045871558
21813 0.0045871558
17718 0.0045871558
14903 0.0091743115
14650 0.018348623
6206 0.0091743115
18239 0.027522936
8000 0.0045871558
11073 0.0045871558
4934 0.0045871558
18758 0.0045871558
2119 0.0045871558
12871 0.0045871558
20813 0.0045871558
11598 0.0045871558
1103 0.0045871558
18263 0.0091743115
13659 0.0045871558
9310 0.0045871558
10083 0.0045871558
20579 0.0045871558
17252 0.0045871558
3430 0.0045871558
2662 0.0045871558
13160 0.0045871558
13426 0.0045871558
11635 0.0091743115
884 0.0045871558
10868 0.0045871558
21621 0.0091743115
19581 0.013761468
18816 0.0045871558
20610 0.0045871558
642 0.0045871558
2690 0.0091743115
8070 0.0045871558
9862 0.013761468
3982 0.0091743115
18064 0.0045871558
400 0.0091743115
10651 0.0091743115
934 0.0045871558
12202 0.0045871558
9642 0.0091743115
17840 0.0045871558
12208 0.0045871558
17329 0.0091743115
14515 0.0045871558
20405 0.013761468
3262 0.013761468
9152 0.0045871558
5825 0.013761468
9666 0.0045871558
22210 0.0045871558
1731 0.0045871558
2758 0.0045871558
16582 0.0045871558
22222 0.0045871558
10451 0.0091743115
5848 0.0045871558
20696 0.0045871558
21465 0.0045871558
7897 0.0045871558
12765 0.0091743115
6368 0.0045871558
2016 0.0045871558
5088 0.0045871558
5859 0.0045871558
8163 0.013761468
8422 0.0091743115
2791 0.018348623
20712 0.0045871558
1006 0.027522936
12016 0.013761468
20726 0.0045871558
7160 0.0045871558
11512 0.03211009
3323 0.0091743115
13566 0.0091743115
3839 0.0091743115
6143 0.018348623
