8194 0.007194245
1410 0.007194245
11141 0.007194245
22023 0.007194245
5000 0.007194245
9352 0.007194245
5900 0.007194245
13709 0.007194245
15629 0.007194245
20750 0.007194245
17553 0.007194245
13844 0.007194245
8852 0.007194245
2837 0.007194245
8343 0.007194245
11932 0.007194245
9245 0.007194245
10654 0.007194245
12830 0.021582734
11808 0.007194245
3745 0.007194245
11298 0.007194245
9250 0.007194245
21541 0.007194245
4903 0.007194245
6952 0.01438849
7211 0.007194245
4652 0.007194245
10284 0.01438849
8237 0.01438849
15154 0.007194245
12595 0.007194245
14515 0.007194245
8630 0.007194245
6336 0.007194245
5825 0.007194245
14402 0.007194245
1858 0.007194245
7874 0.007194245
6595 0.007194245
8259 0.035971224
10821 0.01438849
16582 0.01438849
8263 0.007194245
8648 0.007194245
10184 0.021582734
8777 0.007194245
3530 0.007194245
14027 0.007194245
3540 0.007194245
21588 0.11510792
17751 0.007194245
18263 0.007194245
20696 0.007194245
3801 0.007194245
14300 0.021582734
9310 0.01438849
6623 0.07913669
1376 0.007194245
1249 0.007194245
10467 0.007194245
20579 0.01438849
3044 0.007194245
6116 0.007194245
5861 0.007194245
20453 0.007194245
6886 0.007194245
2662 0.007194245
14311 0.007194245
11883 0.007194245
20203 0.007194245
4205 0.007194245
6509 0.007194245
1006 0.021582734
18414 0.021582734
17391 0.007194245
8175 0.01438849
11504 0.007194245
13041 0.021582734
13426 0.007194245
242 0.01438849
884 0.01438849
9975 0.007194245
1399 0.01438849
20218 0.007194245
18684 0.007194245
19199 0.007194245
