1410 0.008130081
4107 0.008130081
21259 0.008130081
10767 0.024390243
15120 0.008130081
7952 0.008130081
10897 0.008130081
20883 0.008130081
8468 0.016260162
11932 0.016260162
2975 0.008130081
15903 0.016260162
22048 0.008130081
3105 0.008130081
38 0.008130081
11049 0.008130081
7211 0.016260162
6444 0.008130081
12206 0.008130081
13870 0.07317073
20914 0.024390243
21813 0.040650405
17846 0.024390243
14903 0.008130081
1336 0.008130081
4923 0.008130081
8254 0.008130081
7486 0.024390243
22206 0.048780486
14402 0.008130081
9544 0.008130081
9289 0.016260162
4169 0.048780486
15562 0.008130081
716 0.008130081
20176 0.008130081
3922 0.008130081
18263 0.008130081
16984 0.008130081
1114 0.008130081
8922 0.008130081
11611 0.016260162
10972 0.008130081
15196 0.032520324
14556 0.040650405
6623 0.06504065
10083 0.008130081
8035 0.008130081
2915 0.008130081
13155 0.016260162
3044 0.040650405
16871 0.016260162
7916 0.008130081
17004 0.016260162
12398 0.008130081
12016 0.008130081
14704 0.008130081
2674 0.032520324
9971 0.008130081
11644 0.008130081
6268 0.008130081
17661 0.016260162
