2432 0.01754386
14978 0.00877193
17541 0.00877193
16390 0.00877193
7303 0.01754386
5900 0.00877193
14989 0.00877193
15118 0.00877193
12814 0.00877193
10897 0.00877193
22290 0.02631579
9875 0.00877193
5396 0.03508772
14741 0.00877193
9109 0.00877193
11670 0.03508772
2970 0.00877193
1179 0.00877193
1563 0.00877193
6942 0.01754386
11552 0.00877193
10785 0.00877193
2340 0.03508772
18728 0.00877193
9259 0.00877193
16429 0.03508772
16046 0.00877193
49 0.01754386
20020 0.00877193
12602 0.00877193
15291 0.02631579
19390 0.10526316
17731 0.00877193
1989 0.00877193
17733 0.00877193
12615 0.00877193
11207 0.00877193
4167 0.04385965
9420 0.00877193
6222 0.00877193
17617 0.00877193
10965 0.00877193
8280 0.00877193
3288 0.00877193
5594 0.01754386
5087 0.00877193
12770 0.00877193
20964 0.00877193
6759 0.00877193
359 0.00877193
11239 0.01754386
12520 0.03508772
15209 0.00877193
17645 0.00877193
20206 0.00877193
2159 0.00877193
2930 0.00877193
6259 0.00877193
18675 0.01754386
13047 0.00877193
19065 0.00877193
8313 0.01754386
1402 0.01754386
14716 0.00877193
1020 0.00877193
4349 0.04385965
15870 0.00877193
