2176 0.014492754
1410 0.014492754
21123 0.014492754
963 0.014492754
8259 0.04347826
2372 0.014492754
8263 0.014492754
4874 0.014492754
14860 0.014492754
11598 0.014492754
718 0.014492754
14798 0.014492754
7567 0.014492754
20176 0.014492754
9041 0.014492754
13844 0.014492754
4758 0.028985508
20696 0.014492754
2393 0.014492754
1241 0.014492754
11932 0.014492754
16159 0.014492754
15903 0.014492754
6239 0.014492754
3745 0.014492754
9250 0.014492754
3044 0.014492754
13929 0.014492754
9772 0.014492754
7916 0.014492754
13613 0.014492754
1006 0.014492754
15342 0.014492754
3824 0.014492754
13041 0.014492754
10546 0.014492754
15027 0.072463766
2293 0.014492754
10101 0.014492754
21558 0.11594203
6265 0.014492754
6201 0.014492754
6143 0.014492754
19199 0.014492754
7487 0.1594203
