8832 0.0056818184
3842 0.0056818184
11395 0.0056818184
16003 0.045454547
8070 0.0056818184
20104 0.0056818184
12937 0.0056818184
17549 0.0056818184
9230 0.0056818184
11151 0.017045455
6032 0.0056818184
10897 0.017045455
4371 0.028409092
8852 0.011363637
22294 0.011363637
150 0.017045455
21786 0.0056818184
18208 0.0056818184
12321 0.0056818184
9250 0.0056818184
8355 0.0056818184
163 0.11931818
38 0.0056818184
4903 0.0056818184
15528 0.0056818184
14891 0.0056818184
10284 0.0056818184
8108 0.0056818184
8752 0.0056818184
8112 0.0056818184
22064 0.017045455
2864 0.028409092
4657 0.011363637
2226 0.0056818184
22067 0.0056818184
20020 0.011363637
13883 0.0056818184
15805 0.0056818184
1473 0.0056818184
14402 0.0056818184
21317 0.0056818184
10821 0.0056818184
3530 0.028409092
10957 0.0056818184
12366 0.011363637
9041 0.017045455
9685 0.0056818184
2390 0.022727273
21465 0.0056818184
6364 0.0056818184
13152 0.0056818184
16736 0.0056818184
10083 0.0056818184
13155 0.0056818184
14691 0.0056818184
2915 0.0056818184
3044 0.0056818184
18148 0.0056818184
2662 0.011363637
8422 0.011363637
6886 0.011363637
13927 0.0056818184
17896 0.03409091
7914 0.0056818184
4714 0.017045455
747 0.0056818184
1006 0.0056818184
15854 0.0056818184
16496 0.011363637
18544 0.022727273
10867 0.0056818184
11635 0.0625
14838 0.0056818184
9975 0.017045455
7032 0.0056818184
21368 0.039772727
15481 0.0056818184
18298 0.0056818184
17661 0.0056818184
3839 0.0056818184
6143 0.039772727
