19712 0.006060606
15362 0.006060606
4100 0.006060606
19461 0.006060606
16396 0.006060606
10767 0.006060606
8468 0.006060606
5396 0.006060606
22294 0.006060606
22041 0.006060606
19483 0.006060606
21277 0.012121212
13090 0.006060606
9250 0.012121212
4903 0.006060606
6952 0.042424243
10284 0.012121212
13613 0.006060606
4654 0.012121212
21295 0.006060606
2864 0.012121212
4923 0.006060606
4669 0.006060606
319 0.006060606
14402 0.012121212
8259 0.006060606
21828 0.006060606
15429 0.006060606
7752 0.006060606
4169 0.006060606
16717 0.018181818
2383 0.012121212
10065 0.006060606
1110 0.006060606
15194 0.006060606
11611 0.012121212
16736 0.006060606
14691 0.006060606
20579 0.006060606
13155 0.006060606
16997 0.006060606
14694 0.006060606
4714 0.006060606
3179 0.006060606
19054 0.006060606
16496 0.006060606
884 0.006060606
5236 0.006060606
1399 0.006060606
21368 0.006060606
4479 0.006060606
3199 0.006060606
16003 0.012121212
3464 0.006060606
12937 0.006060606
3210 0.018181818
14988 0.006060606
18834 0.006060606
1682 0.018181818
3735 0.006060606
8343 0.006060606
2711 0.012121212
153 0.006060606
21403 0.006060606
5788 0.006060606
21407 0.006060606
5025 0.036363635
9123 0.006060606
13485 0.006060606
431 0.006060606
17840 0.006060606
6579 0.006060606
14515 0.006060606
15027 0.012121212
19892 0.006060606
7092 0.006060606
18872 0.006060606
20158 0.006060606
18623 0.006060606
19647 0.006060606
3008 0.006060606
9152 0.012121212
15554 0.006060606
1482 0.006060606
1488 0.006060606
7381 0.006060606
15061 0.006060606
2263 0.012121212
20696 0.012121212
731 0.006060606
15323 0.006060606
14300 0.012121212
8668 0.054545455
6623 0.006060606
3044 0.006060606
16356 0.012121212
8422 0.006060606
5608 0.018181818
20712 0.018181818
18411 0.006060606
18414 0.012121212
1006 0.030303031
4335 0.006060606
12016 0.006060606
20723 0.012121212
7669 0.006060606
9975 0.012121212
15608 0.006060606
17661 0.006060606
3839 0.024242423
