13186 0.011235955
9738 0.011235955
17676 0.011235955
1295 0.011235955
6032 0.011235955
15633 0.011235955
17553 0.011235955
10897 0.06741573
20883 0.011235955
150 0.011235955
7830 0.02247191
8343 0.02247191
14618 0.011235955
8860 0.011235955
10654 0.011235955
12830 0.011235955
13345 0.011235955
3745 0.011235955
21541 0.011235955
12710 0.011235955
1192 0.011235955
298 0.011235955
10412 0.011235955
13613 0.011235955
4654 0.011235955
19886 0.011235955
10417 0.011235955
13235 0.011235955
21044 0.011235955
18232 0.02247191
14394 0.011235955
14650 0.011235955
22076 0.011235955
4669 0.011235955
18367 0.011235955
16064 0.011235955
14402 0.011235955
1858 0.011235955
7874 0.011235955
8259 0.033707865
13380 0.011235955
12100 0.011235955
10821 0.011235955
7622 0.011235955
19142 0.011235955
4680 0.011235955
15945 0.011235955
4556 0.02247191
13260 0.02247191
10960 0.011235955
3922 0.02247191
15959 0.011235955
18263 0.02247191
11607 0.033707865
20696 0.011235955
6623 0.011235955
18401 0.011235955
10083 0.011235955
5092 0.011235955
5348 0.011235955
20453 0.011235955
13670 0.011235955
11883 0.011235955
5231 0.011235955
14704 0.011235955
6515 0.011235955
4982 0.011235955
1399 0.02247191
9209 0.011235955
3323 0.011235955
11259 0.011235955
17661 0.011235955
