8709 0.007142857
5893 0.014285714
10246 0.0035714286
17415 0.0035714286
21514 0.0035714286
9227 0.0035714286
10763 0.010714286
15629 0.010714286
20750 0.021428572
1295 0.0035714286
10767 0.007142857
19216 0.0035714286
17171 0.0035714286
13844 0.0035714286
13334 0.0035714286
22294 0.0035714286
19736 0.0035714286
4635 0.017857144
13855 0.0035714286
12321 0.0035714286
9250 0.0035714286
4903 0.0035714286
13097 0.0035714286
13613 0.010714286
19250 0.0035714286
10546 0.007142857
21044 0.0035714286
5428 0.0035714286
12086 0.0035714286
14650 0.010714286
1851 0.007142857
2110 0.0035714286
15422 0.0035714286
18239 0.021428572
11327 0.025
11073 0.010714286
10821 0.010714286
4934 0.0035714286
18758 0.010714286
8263 0.0035714286
6215 0.007142857
4169 0.0035714286
16717 0.007142857
11598 0.0035714286
337 0.0035714286
8274 0.0035714286
13653 0.0035714286
9813 0.007142857
8021 0.010714286
17751 0.0035714286
8282 0.0035714286
13659 0.0035714286
20571 0.0035714286
13149 0.0035714286
12637 0.0035714286
20063 0.0035714286
21345 0.0035714286
16227 0.0035714286
15971 0.0035714286
20579 0.0035714286
17252 0.0035714286
3430 0.014285714
15463 0.0035714286
15209 0.010714286
11121 0.0035714286
5235 0.0035714286
11635 0.014285714
10868 0.0035714286
884 0.014285714
8821 0.0035714286
18298 0.0035714286
19581 0.010714286
16002 0.007142857
11141 0.010714286
9862 0.0035714286
8070 0.007142857
13958 0.007142857
3982 0.0035714286
6286 0.0035714286
10896 0.0035714286
8592 0.007142857
9361 0.0035714286
10897 0.007142857
20883 0.0035714286
150 0.0035714286
8343 0.007142857
11932 0.0035714286
13215 0.0035714286
13983 0.010714286
3745 0.007142857
9892 0.0035714286
1447 0.0035714286
15528 0.0035714286
6828 0.010714286
14514 0.0035714286
9139 0.0035714286
8371 0.0035714286
9141 0.0035714286
20405 0.014285714
2231 0.0035714286
3768 0.0035714286
4286 0.0035714286
8382 0.0035714286
14275 0.0035714286
10691 0.0035714286
963 0.0035714286
16582 0.0035714286
10184 0.0035714286
1482 0.010714286
718 0.0035714286
22222 0.0035714286
14798 0.0035714286
9935 0.0035714286
10451 0.021428572
2006 0.0035714286
11734 0.0035714286
3288 0.010714286
20696 0.06428572
21465 0.021428572
14044 0.0035714286
13532 0.010714286
14300 0.014285714
18401 0.0035714286
13538 0.0035714286
6116 0.0035714286
20453 0.0035714286
2791 0.0035714286
16871 0.007142857
20712 0.0035714286
3306 0.0035714286
18414 0.0035714286
2798 0.0035714286
1006 0.021428572
12016 0.0035714286
4342 0.0035714286
15608 0.0035714286
11512 0.046428572
3323 0.014285714
20222 0.0035714286
5631 0.0035714286
18431 0.0035714286
6143 0.007142857
3839 0.017857144
