11266 0.005882353
7938 0.005882353
3842 0.005882353
21123 0.011764706
779 0.011764706
10767 0.029411765
8592 0.005882353
13585 0.005882353
9361 0.03529412
10897 0.03529412
13844 0.005882353
20501 0.005882353
22294 0.005882353
8342 0.005882353
150 0.064705886
17949 0.011764706
18208 0.011764706
4513 0.005882353
12321 0.005882353
2721 0.005882353
21667 0.005882353
15011 0.011764706
7460 0.005882353
12325 0.005882353
17318 0.011764706
38 0.01764706
12710 0.05882353
7337 0.005882353
21545 0.005882353
10025 0.005882353
6444 0.005882353
6828 0.005882353
12206 0.005882353
19886 0.005882353
16816 0.005882353
7220 0.005882353
20020 0.005882353
13621 0.005882353
4665 0.005882353
3130 0.005882353
14650 0.011764706
7227 0.005882353
4923 0.005882353
571 0.023529412
6588 0.0882353
15679 0.005882353
16064 0.005882353
14402 0.01764706
10821 0.01764706
4169 0.005882353
3530 0.005882353
13260 0.011764706
1488 0.03529412
9041 0.029411765
2514 0.011764706
2390 0.01764706
18263 0.011764706
21464 0.005882353
3288 0.005882353
15193 0.005882353
3419 0.005882353
10331 0.005882353
9565 0.005882353
7264 0.005882353
10083 0.005882353
13155 0.005882353
3044 0.01764706
8422 0.005882353
6888 0.005882353
11883 0.011764706
7916 0.011764706
16621 0.005882353
1006 0.005882353
19183 0.011764706
18932 0.005882353
2293 0.005882353
14584 0.005882353
13307 0.029411765
11391 0.005882353
6143 0.029411765
