3842 0.0033003301
8194 0.00990099
9988 0.0066006603
8709 0.0033003301
14853 0.0033003301
5893 0.00990099
16390 0.0033003301
10246 0.013201321
20231 0.0033003301
10763 0.00990099
16396 0.0033003301
3085 0.0033003301
7952 0.0066006603
20242 0.0066006603
15636 0.0033003301
21781 0.0033003301
19736 0.0033003301
12313 0.0033003301
4635 0.00990099
15902 0.00990099
9250 0.00990099
1829 0.0033003301
38 0.0066006603
298 0.0033003301
13610 0.0033003301
13613 0.00990099
5169 0.0066006603
21044 0.0033003301
311 0.0033003301
14650 0.0033003301
18239 0.0033003301
11327 0.0033003301
21312 0.0033003301
1858 0.0033003301
16194 0.0033003301
10050 0.0066006603
6212 0.0033003301
17476 0.0033003301
4165 0.0033003301
10821 0.01650165
18758 0.0033003301
4934 0.0033003301
6215 0.0033003301
8263 0.0066006603
16717 0.0033003301
11598 0.0033003301
3922 0.0033003301
11607 0.0033003301
18263 0.01980198
19805 0.0033003301
9310 0.0033003301
15966 0.013201321
13919 0.0033003301
6239 0.0066006603
21345 0.0066006603
7523 0.0033003301
10083 0.0033003301
20579 0.00990099
11878 0.0033003301
3430 0.00990099
8811 0.0033003301
109 0.0033003301
16749 0.0033003301
3438 0.0033003301
10350 0.0033003301
2415 0.0033003301
16495 0.0033003301
11121 0.0033003301
18803 0.0033003301
16243 0.0066006603
11635 0.01980198
13428 0.0033003301
884 0.0066006603
21621 0.0033003301
5237 0.0066006603
19062 0.00990099
10618 0.00990099
6525 0.0033003301
8573 0.0066006603
19581 0.00990099
18048 0.0033003301
21377 0.0033003301
2690 0.0033003301
6021 0.0033003301
9862 0.00990099
19594 0.0066006603
6286 0.0033003301
6031 0.0066006603
10896 0.0033003301
20624 0.0033003301
8592 0.0033003301
9361 0.0033003301
2706 0.0033003301
19603 0.0033003301
10899 0.0033003301
8851 0.0033003301
12180 0.0033003301
7830 0.0033003301
4758 0.0033003301
8343 0.00990099
19865 0.0033003301
21401 0.0066006603
10651 0.0033003301
11932 0.0066006603
20127 0.0033003301
3745 0.0033003301
4003 0.0033003301
9892 0.0033003301
20648 0.0033003301
16556 0.0033003301
17836 0.0033003301
20140 0.0033003301
11692 0.00990099
19886 0.0066006603
4785 0.0033003301
16049 0.0066006603
14514 0.0066006603
20405 0.013201321
10935 0.0033003301
2231 0.0066006603
2490 0.0033003301
8890 0.0066006603
14011 0.0033003301
21436 0.0033003301
15037 0.0033003301
12734 0.0033003301
8384 0.0033003301
6336 0.0033003301
16064 0.0066006603
19137 0.0033003301
8898 0.0033003301
10691 0.0033003301
3268 0.0033003301
9413 0.0033003301
14022 0.0033003301
16582 0.0033003301
6604 0.01980198
11215 0.0033003301
1488 0.00990099
10451 0.0330033
16084 0.0033003301
20437 0.0066006603
11734 0.00990099
983 0.0033003301
3288 0.0033003301
20696 0.06930693
7897 0.0033003301
11739 0.0033003301
18908 0.0033003301
14300 0.0066006603
2269 0.0033003301
4319 0.0033003301
6116 0.0033003301
18148 0.0033003301
5349 0.0066006603
21483 0.0033003301
19438 0.0033003301
1006 0.00990099
8175 0.0033003301
18159 0.0033003301
11504 0.0033003301
241 0.0033003301
17139 0.0033003301
11512 0.036303632
20217 0.0033003301
14843 0.0066006603
3323 0.013201321
15103 0.0033003301
6143 0.0066006603
