15490 0.02189781
18054 0.00729927
13958 0.00729927
646 0.02919708
19463 0.00729927
19847 0.00729927
4874 0.00729927
9227 0.00729927
3979 0.00729927
13197 0.00729927
1166 0.00729927
10897 0.01459854
6162 0.00729927
4371 0.00729927
8468 0.02189781
150 0.02919708
2204 0.00729927
11932 0.01459854
13855 0.00729927
16032 0.02919708
2721 0.00729927
16161 0.01459854
8097 0.04379562
11298 0.00729927
18852 0.00729927
932 0.02189781
17318 0.00729927
680 0.00729927
21545 0.00729927
11049 0.00729927
17705 0.00729927
21679 0.01459854
21040 0.00729927
15024 0.00729927
17846 0.00729927
1594 0.00729927
19514 0.00729927
11706 0.02919708
9147 0.00729927
13373 0.02189781
2621 0.03649635
19137 0.00729927
11073 0.00729927
5825 0.00729927
6593 0.01459854
21570 0.00729927
8259 0.00729927
15429 0.01459854
10184 0.00729927
8520 0.02919708
4169 0.00729927
15690 0.00729927
20299 0.00729927
14027 0.00729927
12491 0.00729927
6994 0.00729927
9685 0.00729927
18263 0.00729927
10072 0.02189781
17114 0.00729927
731 0.00729927
14300 0.00729927
6237 0.00729927
15197 0.00729927
20576 0.00729927
22112 0.00729927
8163 0.00729927
6886 0.02189781
17257 0.00729927
7018 0.00729927
7914 0.00729927
21483 0.00729927
10476 0.00729927
13934 0.00729927
7024 0.00729927
6768 0.00729927
14704 0.02919708
3057 0.00729927
17906 0.02189781
11635 0.00729927
884 0.00729927
2293 0.00729927
9593 0.00729927
14330 0.00729927
14204 0.00729927
15486 0.01459854
6143 0.00729927
14591 0.01459854
