8832 0.004347826
12672 0.008695652
8834 0.004347826
5122 0.004347826
16003 0.02173913
18566 0.004347826
519 0.004347826
2312 0.004347826
5512 0.017391304
12937 0.008695652
10763 0.004347826
2188 0.004347826
10767 0.008695652
10896 0.004347826
21008 0.008695652
10897 0.004347826
9361 0.008695652
17553 0.008695652
2197 0.026086956
22294 0.013043478
150 0.017391304
8087 0.004347826
10651 0.017391304
13343 0.004347826
15903 0.008695652
11298 0.008695652
6435 0.004347826
163 0.034782607
6308 0.004347826
13349 0.008695652
38 0.008695652
10795 0.013043478
10284 0.026086956
10541 0.004347826
12205 0.017391304
10542 0.004347826
13870 0.004347826
21295 0.004347826
13743 0.004347826
2864 0.013043478
21297 0.004347826
9393 0.004347826
2867 0.004347826
8371 0.026086956
12852 0.004347826
19126 0.004347826
4663 0.004347826
18872 0.008695652
824 0.017391304
14394 0.004347826
6459 0.047826085
18877 0.013043478
7486 0.004347826
9025 0.004347826
706 0.004347826
10691 0.004347826
17604 0.008695652
14920 0.004347826
3530 0.004347826
4684 0.008695652
6862 0.004347826
4943 0.13043478
10065 0.004347826
9041 0.004347826
2390 0.013043478
18904 0.004347826
13146 0.004347826
21210 0.004347826
10331 0.004347826
6620 0.004347826
13152 0.004347826
16736 0.008695652
13155 0.004347826
2915 0.004347826
6116 0.004347826
21990 0.004347826
7142 0.004347826
19561 0.008695652
7914 0.004347826
4205 0.004347826
4974 0.004347826
16496 0.017391304
3697 0.004347826
15729 0.013043478
4084 0.004347826
10101 0.008695652
21621 0.008695652
7669 0.008695652
14838 0.047826085
21368 0.004347826
20472 0.004347826
7160 0.008695652
11387 0.004347826
6780 0.004347826
5631 0.004347826
19199 0.004347826
3199 0.04347826
