13314 0.037037037
16003 0.005291005
3971 0.015873017
5512 0.01058201
12937 0.015873017
10763 0.01058201
14988 0.005291005
11662 0.015873017
3087 0.015873017
15120 0.005291005
3601 0.005291005
22294 0.031746034
3735 0.01058201
16281 0.005291005
15519 0.005291005
19104 0.005291005
6945 0.005291005
18850 0.005291005
163 0.026455026
38 0.005291005
4903 0.005291005
6825 0.005291005
2089 0.005291005
18731 0.005291005
13613 0.005291005
1837 0.005291005
19886 0.01058201
8752 0.02116402
10417 0.005291005
18737 0.005291005
177 0.01058201
17587 0.005291005
14515 0.01058201
19892 0.005291005
21813 0.005291005
18614 0.01058201
311 0.01058201
11832 0.005291005
16058 0.026455026
2235 0.005291005
4157 0.005291005
8254 0.005291005
5566 0.01058201
319 0.005291005
14402 0.005291005
15554 0.074074075
8259 0.015873017
19396 0.01058201
10821 0.02116402
1482 0.005291005
12490 0.005291005
8653 0.005291005
19917 0.01058201
9422 0.005291005
11215 0.005291005
8146 0.005291005
211 0.005291005
21076 0.005291005
4949 0.005291005
11606 0.005291005
5335 0.005291005
10331 0.005291005
9565 0.005291005
18397 0.01058201
13155 0.005291005
16485 0.005291005
6886 0.015873017
5990 0.02116402
5736 0.005291005
4714 0.015873017
10350 0.005291005
19182 0.005291005
17262 0.005291005
19183 0.005291005
14704 0.005291005
16496 0.01058201
2928 0.01058201
3697 0.04232804
2674 0.005291005
4850 0.005291005
7669 0.02116402
21621 0.06878307
12023 0.005291005
2167 0.01058201
9975 0.015873017
3323 0.005291005
5631 0.005291005
3199 0.04232804
