8194 0.012658228
9412 0.012658228
5380 0.050632913
12037 0.012658228
17479 0.012658228
8843 0.050632913
5965 0.012658228
8592 0.012658228
21136 0.012658228
8083 0.012658228
4371 0.07594936
13844 0.012658228
5396 0.1392405
8342 0.025316456
8855 0.03797468
21465 0.03797468
13210 0.012658228
13532 0.012658228
5025 0.012658228
163 0.012658228
8163 0.025316456
6116 0.012658228
20453 0.012658228
8422 0.012658228
6886 0.012658228
15335 0.012658228
487 0.012658228
10025 0.012658228
14505 0.012658228
18731 0.012658228
21291 0.012658228
7659 0.012658228
21487 0.012658228
6325 0.025316456
17081 0.012658228
6201 0.012658228
18681 0.012658228
20217 0.03797468
10427 0.012658228
3323 0.03797468
10492 0.025316456
8573 0.012658228
9150 0.012658228
7486 0.03797468
