8194 0.005
3331 0.005
17156 0.005
12037 0.01
6919 0.005
6409 0.005
17419 0.005
2061 0.01
22035 0.005
5911 0.005
20765 0.005
14365 0.005
15903 0.005
20256 0.01
3105 0.005
21796 0.005
12069 0.005
1324 0.005
2864 0.01
7474 0.005
20538 0.005
14650 0.01
4923 0.005
2112 0.085
8259 0.005
6213 0.005
3148 0.025
5711 0.005
9041 0.02
2390 0.005
2140 0.01
13405 0.005
13152 0.005
1376 0.03
21345 0.01
7265 0.03
10083 0.005
2915 0.005
20579 0.01
15208 0.01
2410 0.005
4205 0.005
884 0.005
1399 0.005
19322 0.005
21628 0.01
9088 0.005
16003 0.005
21123 0.005
2188 0.01
9100 0.01
11151 0.02
10897 0.015
12180 0.005
150 0.015
13207 0.005
153 0.005
7327 0.005
16032 0.01
2721 0.005
18338 0.005
3753 0.005
13485 0.015
19886 0.01
20402 0.01
14514 0.01
180 0.005
16058 0.005
17083 0.005
15803 0.13
18623 0.005
13503 0.005
6336 0.015
6339 0.005
11718 0.005
16582 0.005
14027 0.03
19917 0.005
10445 0.005
462 0.005
14798 0.005
6363 0.02
6623 0.005
7135 0.01
13794 0.005
3300 0.005
6886 0.005
2791 0.005
16871 0.01
1006 0.005
18159 0.015
12016 0.015
13041 0.005
21752 0.005
17661 0.01
3327 0.005
5631 0.005
6143 0.015
