16129 0.0027322404
8194 0.010928961
4100 0.0027322404
5892 0.0027322404
8709 0.0027322404
5900 0.0027322404
20750 0.0027322404
10767 0.0054644807
15890 0.0027322404
21779 0.0027322404
4371 0.0054644807
278 0.0027322404
3611 0.021857923
12830 0.0054644807
13343 0.0027322404
13857 0.0027322404
4130 0.0054644807
14884 0.0027322404
21541 0.0027322404
38 0.010928961
17447 0.0027322404
7208 0.008196721
6952 0.06557377
21033 0.0054644807
21291 0.0027322404
6444 0.0054644807
9772 0.0054644807
20524 0.008196721
13613 0.0027322404
8237 0.0054644807
21295 0.0027322404
2864 0.0054644807
6705 0.0027322404
15154 0.0027322404
10546 0.0027322404
5939 0.0027322404
11827 0.0027322404
21813 0.0027322404
13621 0.0027322404
3128 0.0027322404
11837 0.008196721
7999 0.0054644807
2112 0.0054644807
4161 0.0027322404
1858 0.0027322404
322 0.0027322404
14402 0.0027322404
21570 0.0027322404
8259 0.013661202
7749 0.0027322404
19781 0.0054644807
14918 0.0027322404
12871 0.0027322404
9544 0.0027322404
15178 0.0027322404
8268 0.0027322404
16717 0.008196721
11598 0.0027322404
2131 0.0027322404
21588 0.0054644807
9046 0.0027322404
2390 0.0054644807
18263 0.016393442
20571 0.0027322404
3419 0.0054644807
2140 0.0027322404
6237 0.0027322404
21345 0.0027322404
7265 0.035519127
13410 0.0027322404
11363 0.0027322404
10083 0.0054644807
5990 0.0054644807
2662 0.013661202
13927 0.0027322404
15208 0.0054644807
11883 0.0054644807
6509 0.0054644807
14704 0.0027322404
8307 0.0027322404
11635 0.0054644807
19062 0.0027322404
18038 0.0027322404
3191 0.0027322404
16503 0.0027322404
4471 0.0027322404
1399 0.008196721
11643 0.0054644807
16508 0.0027322404
20860 0.0027322404
20349 0.0054644807
13440 0.0027322404
16003 0.030054646
2436 0.0027322404
14213 0.0027322404
11141 0.008196721
8837 0.04644809
13190 0.0027322404
8070 0.0027322404
9352 0.0027322404
10120 0.0027322404
9100 0.0027322404
10897 0.008196721
15508 0.0027322404
20886 0.0027322404
8343 0.0054644807
2457 0.0027322404
13977 0.0027322404
153 0.0027322404
13721 0.0054644807
2459 0.0027322404
10651 0.016393442
11932 0.0027322404
5788 0.0027322404
13983 0.0027322404
5025 0.0027322404
2721 0.0027322404
3745 0.0027322404
15011 0.0027322404
12710 0.0054644807
20648 0.0027322404
15786 0.0027322404
7082 0.008196721
9387 0.0027322404
8108 0.0027322404
19117 0.0027322404
17327 0.0027322404
15024 0.0054644807
8368 0.024590164
4530 0.0027322404
8882 0.0054644807
14515 0.0054644807
12468 0.0027322404
19126 0.0054644807
15803 0.008196721
21696 0.0054644807
16064 0.0054644807
16582 0.0054644807
5319 0.0027322404
19917 0.0054644807
718 0.0054644807
1488 0.0027322404
15315 0.0054644807
11221 0.0027322404
7637 0.0027322404
9431 0.008196721
20696 0.0027322404
21465 0.0054644807
5083 0.010928961
2269 0.0027322404
6623 0.0027322404
9183 0.0027322404
12512 0.0027322404
9441 0.008196721
16356 0.0027322404
20453 0.0027322404
5861 0.0027322404
8422 0.0027322404
6886 0.0054644807
2791 0.0054644807
7914 0.0054644807
4589 0.0027322404
5614 0.0027322404
18414 0.0027322404
1006 0.010928961
8175 0.0054644807
18159 0.010928961
12016 0.013661202
241 0.008196721
20723 0.0027322404
2292 0.0027322404
12789 0.0027322404
14838 0.0027322404
16886 0.0027322404
18170 0.0027322404
17659 0.0027322404
3323 0.0027322404
22268 0.0027322404
17661 0.0054644807
19198 0.0027322404
21758 0.0027322404
7935 0.0027322404
19199 0.0027322404
5631 0.0027322404
6143 0.008196721
