7680 0.004854369
2048 0.014563107
768 0.014563107
12037 0.004854369
6153 0.004854369
14346 0.004854369
21007 0.004854369
4371 0.004854369
3859 0.009708738
13334 0.014563107
22042 0.004854369
10780 0.009708738
797 0.004854369
5406 0.004854369
12830 0.004854369
9250 0.019417476
20516 0.058252428
21541 0.014563107
38 0.004854369
13610 0.004854369
7211 0.004854369
13613 0.004854369
1837 0.004854369
7471 0.004854369
19249 0.004854369
10546 0.009708738
19250 0.014563107
5428 0.004854369
14650 0.014563107
7743 0.004854369
4161 0.004854369
14402 0.004854369
8259 0.014563107
18758 0.004854369
4166 0.004854369
12871 0.004854369
6215 0.024271844
10580 0.004854369
16981 0.004854369
2390 0.004854369
18263 0.024271844
4701 0.004854369
6237 0.009708738
13410 0.004854369
17252 0.004854369
8811 0.004854369
6509 0.014563107
5235 0.004854369
11635 0.009708738
884 0.004854369
5237 0.004854369
19062 0.004854369
12918 0.004854369
1399 0.014563107
3191 0.014563107
19322 0.004854369
4731 0.004854369
6780 0.004854369
21628 0.009708738
1151 0.004854369
2690 0.004854369
1410 0.004854369
10115 0.004854369
8587 0.004854369
18064 0.004854369
10897 0.009708738
20883 0.004854369
7830 0.009708738
21143 0.004854369
8343 0.024271844
13210 0.004854369
5788 0.004854369
6300 0.004854369
2204 0.033980582
4509 0.004854369
926 0.004854369
3745 0.014563107
6308 0.004854369
18340 0.004854369
17065 0.004854369
7082 0.009708738
6828 0.004854369
2736 0.004854369
16818 0.009708738
9139 0.004854369
21689 0.004854369
13503 0.009708738
16064 0.004854369
5825 0.004854369
8898 0.004854369
4290 0.014563107
10691 0.009708738
3524 0.004854369
9157 0.004854369
2758 0.004854369
14022 0.009708738
13255 0.004854369
10184 0.004854369
19917 0.004854369
12240 0.004854369
3792 0.004854369
11220 0.009708738
20696 0.004854369
21465 0.019417476
16605 0.004854369
6623 0.004854369
9951 0.004854369
13283 0.004854369
5861 0.004854369
4325 0.009708738
20453 0.014563107
8422 0.014563107
20456 0.004854369
4841 0.004854369
18153 0.009708738
1006 0.019417476
18159 0.004854369
12016 0.004854369
6646 0.004854369
2041 0.004854369
3579 0.004854369
17661 0.009708738
5631 0.004854369
