21632 0.009433962
9988 0.018867925
12037 0.009433962
21254 0.009433962
19846 0.009433962
21001 0.009433962
4874 0.009433962
22154 0.018867925
9100 0.018867925
5006 0.009433962
10897 0.009433962
4371 0.009433962
20501 0.009433962
8343 0.018867925
18201 0.009433962
16410 0.009433962
1821 0.009433962
12702 0.009433962
3745 0.009433962
8097 0.018867925
2721 0.028301887
9250 0.009433962
8355 0.009433962
20516 0.018867925
7337 0.009433962
11049 0.009433962
298 0.009433962
10797 0.009433962
13613 0.018867925
8111 0.009433962
19250 0.08490566
15027 0.009433962
20020 0.018867925
4789 0.009433962
14903 0.009433962
20151 0.009433962
3895 0.009433962
7227 0.009433962
830 0.009433962
7487 0.009433962
9023 0.009433962
21696 0.009433962
8000 0.009433962
15808 0.009433962
7620 0.018867925
10821 0.009433962
16582 0.009433962
12871 0.009433962
20167 0.009433962
6988 0.009433962
13521 0.009433962
5585 0.009433962
3026 0.009433962
3922 0.009433962
2390 0.009433962
10072 0.009433962
19548 0.009433962
14300 0.009433962
6239 0.018867925
16481 0.009433962
8545 0.009433962
2915 0.009433962
20196 0.009433962
19044 0.009433962
6886 0.009433962
2025 0.009433962
18410 0.009433962
1006 0.009433962
7024 0.009433962
9971 0.03773585
884 0.009433962
19188 0.018867925
18677 0.009433962
21621 0.009433962
2293 0.009433962
19062 0.009433962
1399 0.009433962
21752 0.009433962
12924 0.028301887
19711 0.009433962
