21121 0.006060606
16003 0.006060606
22147 0.006060606
5892 0.006060606
11396 0.006060606
9478 0.006060606
12937 0.012121212
779 0.006060606
4107 0.006060606
7952 0.006060606
10897 0.006060606
1682 0.030303031
13844 0.006060606
22294 0.084848486
153 0.006060606
2459 0.006060606
10651 0.024242423
14620 0.006060606
14365 0.006060606
2975 0.006060606
6944 0.012121212
3745 0.006060606
2721 0.006060606
11298 0.006060606
163 0.018181818
38 0.006060606
17318 0.024242423
5545 0.012121212
11049 0.018181818
21418 0.006060606
10283 0.006060606
19886 0.006060606
4654 0.012121212
2864 0.012121212
8497 0.006060606
10417 0.012121212
14514 0.006060606
17587 0.006060606
14515 0.006060606
5939 0.006060606
8886 0.006060606
18872 0.006060606
18360 0.006060606
15419 0.012121212
8254 0.006060606
16064 0.006060606
17856 0.006060606
14402 0.006060606
17604 0.012121212
9925 0.006060606
8263 0.006060606
10184 0.012121212
4169 0.006060606
6091 0.006060606
5459 0.006060606
9685 0.006060606
2390 0.036363635
21464 0.006060606
11482 0.006060606
1114 0.006060606
10331 0.006060606
9565 0.012121212
3039 0.006060606
16863 0.006060606
7648 0.006060606
6243 0.006060606
20579 0.006060606
13155 0.018181818
4452 0.006060606
6116 0.006060606
13413 0.012121212
2662 0.006060606
13927 0.006060606
14311 0.006060606
7914 0.006060606
7916 0.006060606
9836 0.048484847
16621 0.006060606
5229 0.006060606
1006 0.006060606
19183 0.006060606
12016 0.006060606
2674 0.006060606
11635 0.006060606
21621 0.012121212
14838 0.006060606
21622 0.006060606
4983 0.006060606
17015 0.006060606
5623 0.018181818
21368 0.036363635
3581 0.006060606
6525 0.024242423
3839 0.054545455
