18432 0.006329114
5892 0.01898734
19724 0.006329114
8204 0.006329114
5900 0.01898734
6032 0.006329114
10897 0.012658228
18834 0.012658228
8468 0.03164557
22294 0.03164557
7830 0.094936706
793 0.006329114
10651 0.006329114
12830 0.006329114
15903 0.006329114
31 0.006329114
8097 0.012658228
2721 0.01898734
6435 0.006329114
15011 0.006329114
21541 0.006329114
17318 0.01898734
13870 0.006329114
12206 0.006329114
16815 0.006329114
22064 0.01898734
10417 0.006329114
12594 0.006329114
10546 0.006329114
5939 0.006329114
17588 0.006329114
22196 0.006329114
2740 0.03797468
14903 0.006329114
12088 0.006329114
17336 0.006329114
4025 0.006329114
14650 0.012658228
8890 0.01898734
192 0.006329114
15168 0.006329114
6336 0.006329114
11073 0.006329114
7233 0.025316456
5825 0.025316456
6594 0.006329114
10178 0.006329114
9411 0.006329114
11718 0.006329114
6599 0.006329114
9041 0.006329114
10321 0.006329114
7383 0.006329114
3671 0.10759494
11482 0.012658228
8668 0.006329114
6623 0.006329114
3551 0.06962025
1376 0.006329114
2915 0.006329114
3044 0.006329114
3300 0.006329114
8422 0.006329114
16871 0.006329114
7917 0.006329114
20717 0.012658228
12016 0.006329114
7024 0.006329114
14704 0.006329114
2674 0.012658228
9971 0.006329114
11635 0.012658228
21621 0.006329114
10101 0.006329114
18677 0.006329114
14838 0.006329114
11259 0.012658228
3327 0.006329114
