8194 0.003984064
5892 0.011952192
10246 0.015936255
21771 0.003984064
10763 0.007968128
16396 0.003984064
5900 0.011952192
5646 0.003984064
1295 0.003984064
10767 0.003984064
13844 0.003984064
19736 0.011952192
4635 0.007968128
19484 0.007968128
5405 0.003984064
2593 0.003984064
9250 0.011952192
11298 0.01992032
20516 0.01992032
4903 0.003984064
4141 0.003984064
8749 0.003984064
8237 0.003984064
13613 0.007968128
15663 0.003984064
21553 0.003984064
12595 0.003984064
11829 0.003984064
9016 0.003984064
14394 0.003984064
1594 0.007968128
14650 0.011952192
16187 0.003984064
13883 0.003984064
19259 0.003984064
11327 0.007968128
18239 0.011952192
8000 0.003984064
18758 0.003984064
8262 0.003984064
20807 0.003984064
15692 0.003984064
11598 0.011952192
2897 0.007968128
7252 0.003984064
14679 0.003984064
5975 0.007968128
17751 0.007968128
20058 0.003984064
13659 0.003984064
3419 0.003984064
19548 0.003984064
2908 0.003984064
9565 0.003984064
9310 0.003984064
20579 0.003984064
3430 0.003984064
15975 0.003984064
15209 0.003984064
874 0.003984064
22126 0.003984064
8561 0.011952192
11635 0.003984064
884 0.007968128
120 0.003984064
20349 0.003984064
8573 0.003984064
19581 0.007968128
17023 0.015936255
18562 0.003984064
9862 0.003984064
9607 0.003984064
17290 0.003984064
14731 0.003984064
4237 0.003984064
18573 0.003984064
8078 0.003984064
11151 0.003984064
8592 0.003984064
12176 0.003984064
8085 0.01992032
150 0.003984064
5274 0.003984064
22175 0.011952192
3745 0.003984064
5537 0.003984064
8097 0.07569721
1448 0.003984064
21160 0.007968128
2731 0.003984064
8111 0.003984064
12208 0.003984064
10417 0.003984064
14515 0.007968128
20405 0.023904383
19126 0.003984064
2231 0.003984064
4025 0.003984064
16058 0.007968128
3522 0.003984064
9926 0.003984064
16582 0.011952192
21194 0.003984064
10451 0.059760958
20437 0.011952192
20696 0.01992032
18910 0.003984064
11744 0.003984064
5859 0.003984064
6116 0.003984064
20453 0.015936255
8422 0.003984064
2791 0.003984064
16871 0.011952192
20712 0.003984064
17896 0.007968128
3306 0.003984064
9966 0.003984064
1006 0.015936255
21487 0.007968128
12016 0.003984064
241 0.003984064
20723 0.011952192
11512 0.059760958
20217 0.003984064
2041 0.003984064
18170 0.003984064
3323 0.003984064
6141 0.003984064
3839 0.003984064
