7681 0.006369427
8194 0.006369427
5892 0.006369427
3333 0.006369427
16390 0.006369427
9352 0.01910828
19338 0.006369427
4874 0.012738854
2188 0.012738854
11662 0.006369427
10767 0.006369427
10897 0.006369427
4371 0.006369427
1427 0.01910828
278 0.006369427
19990 0.006369427
8855 0.006369427
5143 0.006369427
10649 0.031847134
11932 0.006369427
16031 0.006369427
2335 0.006369427
4512 0.006369427
3104 0.006369427
18209 0.006369427
15011 0.006369427
9892 0.006369427
14757 0.006369427
11049 0.006369427
1577 0.006369427
18731 0.006369427
12206 0.012738854
17327 0.006369427
19249 0.006369427
15154 0.006369427
9139 0.006369427
14650 0.012738854
16572 0.006369427
9918 0.006369427
15422 0.012738854
16064 0.006369427
21312 0.006369427
4161 0.012738854
14402 0.01910828
8259 0.12101911
8263 0.006369427
5959 0.006369427
12489 0.006369427
1482 0.006369427
716 0.006369427
17741 0.006369427
9935 0.01910828
1488 0.006369427
5585 0.006369427
8274 0.006369427
20434 0.012738854
2390 0.006369427
12502 0.006369427
17751 0.006369427
18263 0.006369427
20696 0.070063695
14682 0.012738854
21595 0.006369427
13532 0.01910828
16605 0.006369427
7007 0.006369427
1376 0.006369427
17633 0.006369427
13410 0.006369427
13155 0.006369427
8163 0.006369427
10083 0.006369427
13927 0.006369427
359 0.006369427
10344 0.006369427
233 0.006369427
1130 0.006369427
3306 0.012738854
107 0.006369427
21483 0.006369427
16495 0.006369427
11504 0.006369427
12016 0.012738854
13041 0.012738854
20723 0.006369427
11635 0.070063695
884 0.006369427
18932 0.006369427
7412 0.006369427
1399 0.006369427
12153 0.006369427
2041 0.006369427
5631 0.006369427
3199 0.006369427
