8194 0.0051282053
5892 0.0051282053
19717 0.0051282053
5893 0.010256411
11527 0.0051282053
17415 0.010256411
4874 0.010256411
10763 0.015384615
14860 0.010256411
14349 0.0051282053
10767 0.0051282053
18960 0.0051282053
6162 0.0051282053
8468 0.0051282053
15902 0.0051282053
5920 0.0051282053
22050 0.0051282053
9250 0.0051282053
5924 0.0051282053
17446 0.0051282053
6952 0.010256411
298 0.010256411
7211 0.0051282053
18731 0.0051282053
8493 0.0051282053
20020 0.015384615
311 0.0051282053
7479 0.0051282053
8251 0.0051282053
12606 0.0051282053
12095 0.0051282053
12351 0.0051282053
7487 0.0051282053
21570 0.0051282053
1858 0.010256411
8259 0.010256411
10821 0.025641026
16454 0.0051282053
18758 0.0051282053
19531 0.0051282053
16717 0.010256411
9041 0.0051282053
3922 0.0051282053
17751 0.0051282053
18263 0.010256411
4440 0.0051282053
16729 0.0051282053
15963 0.0051282053
15196 0.015384615
9310 0.0051282053
6239 0.0051282053
1376 0.0051282053
7265 0.010256411
20065 0.051282052
20579 0.0051282053
10083 0.010256411
13670 0.0051282053
15208 0.0051282053
15209 0.0051282053
8297 0.010256411
11883 0.010256411
8561 0.0051282053
18291 0.0051282053
11635 0.0051282053
884 0.0051282053
21621 0.010256411
19062 0.0051282053
1399 0.0051282053
12664 0.0051282053
5502 0.0051282053
16003 0.010256411
11141 0.0051282053
21125 0.0051282053
13958 0.0051282053
1671 0.0051282053
6286 0.0051282053
20367 0.0051282053
10896 0.0051282053
9363 0.010256411
8342 0.010256411
7830 0.010256411
8343 0.010256411
3224 0.0051282053
153 0.010256411
12446 0.0051282053
3745 0.010256411
5033 0.015384615
19886 0.0051282053
12464 0.0051282053
8113 0.0051282053
6836 0.0051282053
19137 0.0051282053
5825 0.015384615
3522 0.010256411
10691 0.0051282053
13764 0.0051282053
2758 0.0051282053
16582 0.010256411
6091 0.010256411
13260 0.025641026
19917 0.010256411
11215 0.0051282053
20434 0.010256411
20437 0.0051282053
9685 0.010256411
1241 0.0051282053
7642 0.0051282053
18394 0.0051282053
7131 0.0051282053
14300 0.0051282053
20450 0.0051282053
8163 0.0051282053
3300 0.0051282053
16356 0.0051282053
6116 0.010256411
8422 0.010256411
2791 0.0051282053
8168 0.025641026
20203 0.0051282053
10988 0.0051282053
11504 0.0051282053
1524 0.0051282053
2293 0.0051282053
19190 0.0051282053
5623 0.0051282053
7160 0.0051282053
3323 0.041025642
