4874 0.010204081
10763 0.010204081
17553 0.010204081
10897 0.020408163
3730 0.010204081
4371 0.010204081
22035 0.010204081
20883 0.020408163
13844 0.010204081
8343 0.030612245
16408 0.010204081
153 0.010204081
19737 0.010204081
3611 0.010204081
19104 0.010204081
2721 0.020408163
9250 0.010204081
3106 0.010204081
163 0.010204081
3619 0.010204081
20516 0.030612245
14757 0.010204081
5926 0.010204081
5159 0.010204081
8743 0.010204081
11048 0.010204081
5033 0.010204081
1195 0.010204081
9772 0.010204081
13613 0.020408163
18222 0.010204081
19632 0.010204081
14515 0.010204081
2740 0.010204081
9143 0.010204081
8887 0.020408163
12728 0.010204081
14650 0.010204081
6459 0.010204081
3645 0.010204081
19518 0.010204081
16064 0.010204081
4161 0.020408163
21570 0.010204081
10691 0.010204081
8259 0.010204081
323 0.030612245
3268 0.010204081
15429 0.010204081
21445 0.010204081
2758 0.010204081
6215 0.010204081
4680 0.010204081
4556 0.010204081
13260 0.010204081
21324 0.010204081
3922 0.010204081
10963 0.020408163
18263 0.030612245
20696 0.020408163
21465 0.020408163
19806 0.020408163
10467 0.010204081
20579 0.020408163
6116 0.010204081
15336 0.010204081
20712 0.020408163
10988 0.010204081
1261 0.010204081
1006 0.010204081
11635 0.010204081
14451 0.010204081
884 0.010204081
1399 0.010204081
3191 0.010204081
14330 0.010204081
8573 0.010204081
18047 0.010204081
