3842 0.004651163
17156 0.004651163
13316 0.037209302
20231 0.004651163
519 0.004651163
9226 0.004651163
4874 0.013953488
10767 0.009302326
10512 0.004651163
3859 0.004651163
12830 0.009302326
11298 0.018604651
6435 0.004651163
11049 0.023255814
18731 0.004651163
7211 0.009302326
13613 0.009302326
22064 0.009302326
12594 0.004651163
10546 0.009302326
20020 0.004651163
21562 0.004651163
14650 0.009302326
7486 0.013953488
319 0.004651163
65 0.004651163
14402 0.004651163
2372 0.004651163
10821 0.041860465
8263 0.004651163
13640 0.009302326
4169 0.009302326
19020 0.004651163
12365 0.004651163
14671 0.004651163
337 0.004651163
9041 0.004651163
18260 0.004651163
2390 0.023255814
347 0.004651163
11611 0.004651163
15196 0.060465116
5981 0.004651163
13405 0.013953488
8288 0.004651163
6497 0.046511628
15208 0.013953488
4205 0.004651163
10350 0.004651163
884 0.004651163
21621 0.055813953
1399 0.009302326
4471 0.037209302
16508 0.004651163
11644 0.004651163
21123 0.004651163
11141 0.004651163
8070 0.013953488
1671 0.004651163
9352 0.004651163
1683 0.004651163
5268 0.004651163
20886 0.004651163
6298 0.004651163
10651 0.013953488
11932 0.013953488
12705 0.004651163
5030 0.004651163
12710 0.027906977
19886 0.004651163
9392 0.004651163
14514 0.004651163
16563 0.004651163
19127 0.004651163
16058 0.009302326
6336 0.009302326
3268 0.013953488
13260 0.004651163
14798 0.004651163
462 0.004651163
20942 0.004651163
19408 0.004651163
1488 0.018604651
721 0.004651163
21203 0.004651163
9431 0.004651163
731 0.004651163
6364 0.004651163
6623 0.004651163
9696 0.004651163
11233 0.009302326
6116 0.004651163
3814 0.004651163
16871 0.023255814
20712 0.004651163
16621 0.004651163
21487 0.004651163
18159 0.004651163
12016 0.009302326
13041 0.004651163
241 0.004651163
12278 0.004651163
9975 0.004651163
16892 0.004651163
17661 0.004651163
6143 0.013953488
