22147 0.023809524
16003 0.041666668
8836 0.005952381
12037 0.005952381
20102 0.017857144
519 0.005952381
3596 0.011904762
2061 0.005952381
17549 0.011904762
9230 0.005952381
10897 0.011904762
1682 0.035714287
4371 0.011904762
5396 0.017857144
8853 0.005952381
22294 0.071428575
18968 0.005952381
153 0.005952381
10651 0.011904762
11932 0.029761905
6944 0.005952381
3105 0.005952381
163 0.04761905
16676 0.005952381
38 0.005952381
4649 0.005952381
11049 0.029761905
18731 0.005952381
7211 0.017857144
6444 0.005952381
1837 0.005952381
17327 0.005952381
2864 0.005952381
9393 0.005952381
14514 0.005952381
14515 0.005952381
20148 0.029761905
21813 0.005952381
20150 0.005952381
16699 0.005952381
14402 0.017857144
9925 0.017857144
3525 0.017857144
4934 0.005952381
1482 0.005952381
9041 0.011904762
337 0.011904762
10065 0.017857144
2390 0.005952381
3288 0.005952381
6491 0.005952381
5083 0.011904762
2269 0.005952381
6237 0.005952381
9565 0.011904762
13664 0.011904762
13152 0.017857144
19425 0.005952381
10083 0.005952381
12259 0.017857144
20579 0.017857144
3044 0.005952381
2404 0.011904762
4452 0.017857144
2662 0.023809524
7914 0.011904762
4714 0.011904762
7916 0.005952381
18544 0.005952381
16496 0.005952381
2674 0.005952381
11635 0.005952381
21621 0.035714287
9975 0.005952381
3323 0.005952381
4477 0.005952381
3839 0.029761905
