2176 0.022900764
3466 0.007633588
3210 0.007633588
5900 0.007633588
10767 0.007633588
3215 0.007633588
7952 0.007633588
10897 0.030534351
4371 0.007633588
275 0.007633588
20883 0.022900764
15003 0.030534351
5788 0.007633588
11932 0.015267176
17949 0.007633588
9250 0.007633588
20516 0.007633588
21541 0.007633588
2086 0.007633588
13480 0.007633588
6952 0.015267176
11049 0.007633588
7082 0.045801528
18731 0.007633588
7211 0.015267176
20780 0.053435113
2736 0.007633588
22064 0.03816794
9393 0.007633588
8113 0.015267176
12594 0.007633588
10803 0.007633588
17588 0.007633588
180 0.022900764
5557 0.015267176
12601 0.015267176
14650 0.007633588
22206 0.007633588
14402 0.007633588
10821 0.007633588
7110 0.007633588
18758 0.015267176
4811 0.030534351
6862 0.015267176
10065 0.007633588
10321 0.007633588
9298 0.007633588
17238 0.007633588
11607 0.007633588
10072 0.007633588
3288 0.015267176
15323 0.007633588
5083 0.03816794
17885 0.007633588
6623 0.015267176
16736 0.007633588
13155 0.007633588
2915 0.007633588
6116 0.007633588
4836 0.007633588
12522 0.045801528
11883 0.007633588
7916 0.007633588
17004 0.030534351
1391 0.007633588
3439 0.007633588
12016 0.007633588
13041 0.007633588
13426 0.007633588
2674 0.007633588
9971 0.007633588
11635 0.045801528
2169 0.007633588
2043 0.007633588
