13952 0.012345679
13316 0.061728396
519 0.012345679
9613 0.012345679
11151 0.012345679
10897 0.012345679
150 0.012345679
8343 0.012345679
16024 0.012345679
11932 0.012345679
5149 0.012345679
12830 0.037037037
21410 0.024691358
16676 0.012345679
13610 0.012345679
298 0.024691358
7211 0.024691358
4524 0.024691358
9392 0.012345679
10546 0.012345679
11574 0.012345679
16313 0.012345679
4669 0.012345679
14402 0.012345679
8259 0.024691358
3268 0.024691358
10821 0.024691358
1488 0.024691358
6097 0.012345679
20434 0.012345679
2390 0.037037037
9431 0.012345679
3288 0.012345679
11482 0.024691358
6364 0.012345679
13532 0.012345679
15196 0.061728396
13405 0.049382716
6623 0.024691358
1376 0.012345679
16871 0.012345679
6888 0.012345679
2281 0.012345679
874 0.012345679
10350 0.012345679
21875 0.012345679
21621 0.024691358
1399 0.049382716
20729 0.024691358
20218 0.012345679
19838 0.012345679
