18432 0.005181347
2176 0.025906736
1410 0.005181347
15876 0.005181347
19461 0.005181347
6153 0.051813472
9100 0.005181347
14223 0.005181347
10897 0.015544041
19089 0.025906736
20883 0.005181347
20886 0.005181347
15900 0.005181347
11932 0.020725388
19357 0.005181347
13343 0.005181347
3745 0.005181347
2721 0.010362694
8097 0.05699482
9892 0.005181347
9509 0.005181347
2854 0.015544041
11303 0.005181347
7464 0.005181347
11049 0.010362694
6444 0.005181347
13870 0.005181347
19886 0.005181347
9903 0.005181347
14515 0.005181347
15027 0.005181347
2356 0.005181347
13621 0.005181347
21813 0.005181347
311 0.005181347
20151 0.010362694
21944 0.005181347
8890 0.005181347
14650 0.005181347
19006 0.005181347
6336 0.010362694
3649 0.005181347
4547 0.005181347
8259 0.015544041
7114 0.005181347
4682 0.005181347
2509 0.010362694
9041 0.010362694
10581 0.005181347
9813 0.025906736
20438 0.015544041
21465 0.005181347
20315 0.07253886
13532 0.005181347
15580 0.005181347
14556 0.010362694
6237 0.005181347
9951 0.005181347
6623 0.005181347
5855 0.005181347
1376 0.005181347
13152 0.005181347
18912 0.005181347
22112 0.010362694
13410 0.005181347
10083 0.005181347
2915 0.005181347
2662 0.005181347
4454 0.005181347
8422 0.015544041
10344 0.005181347
8297 0.005181347
11883 0.005181347
17004 0.005181347
16621 0.005181347
1006 0.005181347
7024 0.005181347
14704 0.05699482
13426 0.005181347
5619 0.010362694
21621 0.005181347
21109 0.11398964
3191 0.005181347
9975 0.015544041
15610 0.005181347
18298 0.005181347
21628 0.005181347
7421 0.010362694
10111 0.005181347
19711 0.020725388
