8832 0.007518797
7938 0.007518797
16003 0.007518797
20613 0.05263158
6032 0.007518797
17553 0.007518797
10897 0.015037594
19603 0.007518797
8468 0.007518797
8853 0.030075189
8343 0.007518797
2199 0.015037594
153 0.007518797
14620 0.007518797
2975 0.007518797
31 0.02255639
13343 0.02255639
12321 0.007518797
38 0.075187966
4903 0.007518797
13097 0.007518797
11049 0.015037594
5290 0.015037594
11692 0.02255639
19886 0.007518797
4654 0.007518797
7087 0.007518797
8113 0.007518797
14514 0.015037594
22067 0.007518797
17588 0.007518797
1976 0.007518797
22206 0.015037594
14402 0.007518797
12355 0.007518797
12099 0.007518797
9412 0.007518797
10821 0.007518797
4166 0.007518797
6864 0.007518797
1488 0.007518797
9685 0.015037594
2390 0.037593983
16599 0.007518797
15067 0.015037594
15196 0.007518797
19805 0.007518797
7007 0.007518797
6368 0.007518797
21473 0.007518797
9057 0.015037594
20579 0.015037594
13155 0.015037594
3044 0.007518797
6116 0.015037594
2662 0.007518797
20198 0.015037594
15208 0.007518797
7914 0.007518797
4714 0.04511278
7916 0.007518797
16621 0.007518797
8048 0.007518797
16496 0.030075189
499 0.015037594
884 0.007518797
21621 0.007518797
2293 0.007518797
17017 0.007518797
13817 0.007518797
3323 0.02255639
11644 0.007518797
3455 0.015037594
3199 0.02255639
19199 0.030075189
