1410 0.012658228
16390 0.025316456
10763 0.012658228
17549 0.012658228
400 0.012658228
10897 0.025316456
8468 0.025316456
22294 0.012658228
12823 0.012658228
8343 0.025316456
7193 0.012658228
2459 0.012658228
14620 0.012658228
14365 0.012658228
12830 0.012658228
31 0.012658228
12710 0.012658228
19884 0.012658228
18222 0.012658228
17714 0.012658228
8243 0.012658228
4405 0.012658228
5690 0.012658228
14650 0.025316456
19902 0.012658228
4161 0.025316456
3522 0.012658228
195 0.012658228
8259 0.012658228
17476 0.012658228
12871 0.025316456
1482 0.012658228
7501 0.012658228
16717 0.012658228
15310 0.012658228
3922 0.012658228
9940 0.012658228
7637 0.025316456
18263 0.025316456
20696 0.025316456
3288 0.03797468
21465 0.012658228
20571 0.012658228
15196 0.012658228
6239 0.012658228
16481 0.012658228
17633 0.012658228
21345 0.025316456
8163 0.012658228
20579 0.012658228
16356 0.025316456
359 0.012658228
7789 0.012658228
21875 0.012658228
10868 0.025316456
19062 0.012658228
1399 0.012658228
3323 0.025316456
15228 0.012658228
15484 0.025316456
382 0.012658228
18431 0.012658228
