1410 0.007751938
20482 0.007751938
7938 0.031007752
2690 0.054263566
11141 0.007751938
18693 0.03875969
779 0.007751938
15120 0.007751938
8208 0.007751938
10897 0.007751938
22035 0.007751938
12180 0.007751938
6934 0.007751938
22294 0.007751938
8343 0.007751938
5788 0.015503876
11932 0.015503876
4509 0.007751938
17949 0.015503876
18208 0.015503876
9250 0.007751938
17315 0.007751938
21541 0.007751938
38 0.007751938
11049 0.031007752
13613 0.015503876
13870 0.015503876
8752 0.007751938
10546 0.007751938
180 0.015503876
19126 0.007751938
16058 0.069767445
11068 0.007751938
16064 0.007751938
19137 0.015503876
2372 0.007751938
10821 0.007751938
18117 0.03875969
16582 0.007751938
15435 0.069767445
16717 0.007751938
3405 0.007751938
14798 0.007751938
9041 0.007751938
84 0.007751938
16981 0.007751938
22102 0.007751938
18391 0.007751938
6623 0.015503876
13410 0.007751938
13155 0.007751938
2662 0.007751938
5990 0.023255814
2791 0.007751938
10600 0.023255814
6378 0.023255814
6509 0.046511628
19054 0.007751938
20721 0.031007752
10101 0.007751938
9975 0.007751938
3579 0.007751938
21628 0.007751938
11644 0.007751938
17661 0.015503876
21757 0.023255814
5631 0.007751938
