1410 0.011235955
2690 0.011235955
7811 0.011235955
12037 0.011235955
17415 0.011235955
16519 0.02247191
15374 0.011235955
10767 0.033707865
10897 0.011235955
18834 0.02247191
20883 0.02247191
7830 0.011235955
153 0.011235955
16282 0.011235955
15900 0.011235955
11932 0.011235955
4383 0.011235955
8355 0.02247191
19622 0.011235955
8103 0.011235955
6952 0.011235955
7211 0.011235955
2731 0.011235955
8497 0.011235955
8371 0.033707865
4286 0.011235955
4416 0.011235955
13249 0.011235955
22210 0.011235955
1858 0.011235955
16324 0.04494382
21447 0.011235955
4556 0.033707865
6477 0.011235955
21837 0.011235955
1105 0.13483146
84 0.011235955
9046 0.011235955
15959 0.011235955
16729 0.011235955
6237 0.011235955
9441 0.056179777
13410 0.011235955
10083 0.011235955
6243 0.011235955
2915 0.011235955
3044 0.011235955
2662 0.011235955
16871 0.011235955
6888 0.011235955
15208 0.011235955
2674 0.011235955
13170 0.011235955
884 0.02247191
2293 0.011235955
19062 0.02247191
1399 0.011235955
2041 0.011235955
5631 0.011235955
