11905 0.009803922
21121 0.019607844
9988 0.019607844
9352 0.039215688
4874 0.009803922
9100 0.009803922
13714 0.009803922
4371 0.009803922
7699 0.009803922
5396 0.05882353
15765 0.009803922
8342 0.009803922
150 0.019607844
22294 0.029411765
17949 0.009803922
20127 0.009803922
17184 0.009803922
11298 0.009803922
15528 0.019607844
9642 0.009803922
10154 0.009803922
3243 0.009803922
9901 0.009803922
19886 0.029411765
9393 0.009803922
19250 0.009803922
4915 0.009803922
11701 0.009803922
311 0.009803922
14650 0.04901961
17724 0.009803922
4797 0.009803922
4286 0.009803922
14402 0.009803922
8259 0.019607844
13508 0.009803922
3268 0.019607844
9157 0.009803922
8263 0.009803922
21706 0.009803922
1354 0.009803922
6222 0.009803922
9935 0.009803922
18263 0.009803922
3288 0.009803922
20696 0.05882353
21465 0.029411765
4314 0.009803922
13275 0.009803922
10467 0.009803922
20579 0.019607844
6116 0.009803922
20453 0.019607844
5990 0.009803922
6886 0.019607844
744 0.009803922
4841 0.009803922
16236 0.009803922
14189 0.009803922
12016 0.009803922
10868 0.009803922
1524 0.009803922
21621 0.009803922
4342 0.009803922
1399 0.009803922
2041 0.029411765
5242 0.009803922
3323 0.009803922
