897 0.011235955
13313 0.011235955
17026 0.011235955
16003 0.011235955
16390 0.011235955
2188 0.011235955
17294 0.011235955
10897 0.02247191
20883 0.011235955
13844 0.011235955
8468 0.02247191
7830 0.033707865
8343 0.02247191
19865 0.011235955
20890 0.011235955
13983 0.011235955
13343 0.02247191
3105 0.011235955
2721 0.011235955
15011 0.011235955
419 0.011235955
16676 0.011235955
13349 0.011235955
21287 0.011235955
18731 0.011235955
19884 0.011235955
13485 0.011235955
12848 0.011235955
19249 0.011235955
20275 0.011235955
20020 0.011235955
9141 0.011235955
14650 0.02247191
7483 0.011235955
6459 0.033707865
8384 0.011235955
4161 0.011235955
8259 0.033707865
21445 0.011235955
10054 0.02247191
18121 0.011235955
4169 0.011235955
5835 0.011235955
1483 0.011235955
14672 0.011235955
15313 0.011235955
1105 0.011235955
21713 0.011235955
3922 0.011235955
20052 0.011235955
18263 0.02247191
2393 0.011235955
2905 0.011235955
16474 0.011235955
1242 0.011235955
18394 0.02247191
8797 0.011235955
2785 0.011235955
22114 0.011235955
13410 0.011235955
13155 0.011235955
1507 0.011235955
20453 0.011235955
9061 0.011235955
8422 0.011235955
14314 0.011235955
12016 0.011235955
241 0.011235955
9971 0.011235955
7029 0.011235955
6646 0.011235955
1399 0.011235955
10104 0.011235955
20473 0.011235955
20349 0.011235955
