1026 0.006134969
16003 0.061349694
11141 0.006134969
9227 0.006134969
2061 0.012269938
14349 0.012269938
10767 0.006134969
6032 0.006134969
10897 0.006134969
4371 0.018404908
9363 0.12883435
8853 0.006134969
8342 0.012269938
8343 0.006134969
153 0.006134969
11932 0.006134969
6684 0.006134969
12830 0.006134969
16032 0.006134969
12321 0.006134969
6435 0.006134969
16676 0.006134969
38 0.006134969
11049 0.006134969
5033 0.012269938
2089 0.024539877
4906 0.006134969
1072 0.012269938
15154 0.006134969
14514 0.006134969
8371 0.06748466
8759 0.006134969
17336 0.006134969
6456 0.006134969
14650 0.006134969
4923 0.006134969
17595 0.006134969
17083 0.012269938
18877 0.012269938
7486 0.006134969
15808 0.006134969
13249 0.006134969
5825 0.012269938
3522 0.006134969
8259 0.006134969
20163 0.012269938
10821 0.036809817
14793 0.006134969
3530 0.012269938
13260 0.006134969
6222 0.006134969
9295 0.012269938
9041 0.024539877
18003 0.006134969
8019 0.012269938
7124 0.012269938
22102 0.006134969
2390 0.018404908
18263 0.006134969
3288 0.012269938
1242 0.006134969
6237 0.006134969
13405 0.012269938
4831 0.006134969
7265 0.012269938
13922 0.006134969
13410 0.012269938
10083 0.006134969
20195 0.006134969
20579 0.006134969
2915 0.006134969
3044 0.006134969
6116 0.012269938
5990 0.006134969
18536 0.006134969
7914 0.006134969
3058 0.006134969
6132 0.006134969
2293 0.006134969
15093 0.006134969
21621 0.024539877
1399 0.006134969
9975 0.012269938
20217 0.012269938
6143 0.006134969
5631 0.006134969
