16002 0.020134227
21254 0.0067114094
13191 0.013422819
3210 0.0067114094
10763 0.013422819
5900 0.0067114094
3982 0.0067114094
10767 0.026845638
10896 0.0067114094
10897 0.0067114094
4371 0.060402684
13844 0.0067114094
12180 0.013422819
7830 0.0067114094
8342 0.0067114094
8087 0.020134227
153 0.0067114094
9374 0.0067114094
13343 0.0067114094
17952 0.0067114094
18208 0.0067114094
12321 0.0067114094
21541 0.0067114094
12710 0.046979867
11049 0.013422819
2602 0.0067114094
21291 0.0067114094
9387 0.013422819
6444 0.0067114094
13613 0.0067114094
13872 0.0067114094
15538 0.026845638
7220 0.0067114094
18996 0.0067114094
311 0.0067114094
11706 0.0067114094
3130 0.11409396
12987 0.0067114094
6336 0.0067114094
14657 0.0067114094
4161 0.0067114094
19137 0.026845638
14402 0.013422819
10691 0.0067114094
9412 0.013422819
16582 0.013422819
1482 0.013422819
337 0.0067114094
15954 0.040268455
723 0.0067114094
9813 0.033557046
2390 0.0067114094
21464 0.013422819
3288 0.013422819
21465 0.0067114094
1114 0.0067114094
4314 0.0067114094
14300 0.0067114094
13152 0.0067114094
16736 0.0067114094
18656 0.020134227
20579 0.0067114094
2915 0.0067114094
20196 0.0067114094
3044 0.033557046
8422 0.0067114094
7914 0.0067114094
11883 0.013422819
16621 0.0067114094
12016 0.0067114094
13041 0.0067114094
22004 0.0067114094
884 0.0067114094
14584 0.0067114094
20217 0.0067114094
18298 0.0067114094
3323 0.0067114094
6143 0.013422819
