3969 0.013071896
15362 0.006535948
11141 0.006535948
18566 0.013071896
13832 0.006535948
15241 0.013071896
2188 0.006535948
16396 0.006535948
5646 0.006535948
8208 0.006535948
10897 0.013071896
18834 0.013071896
16787 0.013071896
18070 0.013071896
17689 0.006535948
922 0.006535948
11932 0.013071896
13341 0.019607844
4513 0.006535948
3745 0.006535948
7333 0.006535948
12710 0.006535948
11303 0.006535948
11049 0.006535948
2473 0.006535948
6571 0.026143791
4012 0.013071896
13613 0.006535948
13870 0.03267974
16431 0.006535948
22064 0.006535948
13744 0.006535948
12594 0.006535948
20404 0.006535948
20020 0.006535948
16948 0.019607844
20150 0.006535948
18872 0.11764706
4025 0.006535948
6716 0.006535948
21570 0.026143791
8259 0.019607844
17990 0.006535948
16582 0.006535948
12744 0.026143791
20426 0.006535948
3530 0.013071896
19917 0.006535948
14798 0.006535948
5711 0.006535948
3922 0.026143791
2390 0.026143791
18263 0.006535948
8791 0.006535948
9431 0.006535948
10200 0.013071896
4314 0.006535948
11482 0.006535948
12891 0.006535948
2140 0.019607844
18397 0.019607844
6623 0.006535948
13152 0.006535948
16736 0.013071896
8163 0.006535948
6116 0.013071896
20325 0.006535948
2662 0.006535948
14311 0.006535948
4713 0.006535948
14441 0.019607844
3058 0.006535948
20723 0.006535948
5236 0.006535948
884 0.006535948
14838 0.019607844
10231 0.03267974
14584 0.006535948
21752 0.006535948
4477 0.006535948
16381 0.006535948
6143 0.013071896
11775 0.019607844
