19200 0.022222223
3842 0.0055555557
773 0.0055555557
3850 0.0055555557
4874 0.0055555557
10763 0.0055555557
5900 0.0055555557
2061 0.0055555557
9230 0.0055555557
21008 0.0055555557
5396 0.12222222
22294 0.0055555557
8219 0.0055555557
16669 0.0055555557
12321 0.0055555557
13090 0.0055555557
11298 0.011111111
13349 0.0055555557
11815 0.011111111
10284 0.011111111
1837 0.0055555557
4141 0.016666668
2864 0.011111111
22064 0.016666668
21297 0.027777778
2867 0.011111111
11060 0.016666668
21813 0.0055555557
311 0.0055555557
10813 0.0055555557
21073 0.0055555557
9041 0.011111111
21076 0.0055555557
2390 0.022222223
13146 0.0055555557
1370 0.044444446
11611 0.0055555557
2139 0.0055555557
15964 0.016666668
1376 0.0055555557
13152 0.0055555557
16736 0.011111111
21346 0.0055555557
6243 0.0055555557
2662 0.0055555557
5990 0.016666668
15209 0.0055555557
14185 0.0055555557
4714 0.0055555557
3950 0.0055555557
21617 0.0055555557
12659 0.0055555557
21621 0.0055555557
16503 0.0055555557
21368 0.0055555557
13176 0.016666668
5500 0.0055555557
20349 0.011111111
8573 0.011111111
3199 0.016666668
18305 0.0055555557
16003 0.022222223
5512 0.016666668
3976 0.027777778
9100 0.0055555557
10897 0.0055555557
6806 0.0055555557
14490 0.0055555557
17566 0.0055555557
4259 0.0055555557
163 0.011111111
19886 0.0055555557
14514 0.0055555557
14515 0.0055555557
11447 0.0055555557
17336 0.0055555557
6336 0.0055555557
19408 0.011111111
9425 0.0055555557
9685 0.0055555557
7381 0.022222223
20696 0.0055555557
19676 0.0055555557
6623 0.0055555557
5855 0.0055555557
2020 0.0055555557
3044 0.0055555557
18148 0.0055555557
8422 0.011111111
8935 0.0055555557
16621 0.0055555557
21235 0.0055555557
9973 0.0055555557
15093 0.0055555557
2293 0.011111111
4856 0.0055555557
20218 0.0055555557
3322 0.0055555557
3323 0.0055555557
16892 0.0055555557
7935 0.0055555557
3839 0.011111111
