20096 0.012820513
8834 0.012820513
11141 0.012820513
3464 0.012820513
4874 0.012820513
10767 0.012820513
15120 0.012820513
8343 0.012820513
3097 0.012820513
18975 0.012820513
2465 0.012820513
2721 0.025641026
9250 0.025641026
5801 0.012820513
21679 0.012820513
180 0.025641026
21813 0.03846154
11447 0.012820513
19257 0.012820513
14650 0.012820513
4923 0.012820513
8508 0.012820513
7999 0.025641026
6336 0.012820513
192 0.012820513
11073 0.012820513
5825 0.025641026
18114 0.012820513
14402 0.025641026
19909 0.012820513
16582 0.012820513
1488 0.012820513
10321 0.012820513
2390 0.012820513
5083 0.012820513
17885 0.012820513
4573 0.012820513
6623 0.051282052
8163 0.012820513
12771 0.03846154
17252 0.012820513
3044 0.012820513
5861 0.012820513
8422 0.012820513
16871 0.012820513
7914 0.012820513
20587 0.012820513
14831 0.012820513
8434 0.012820513
2674 0.012820513
9971 0.06410257
19188 0.012820513
21621 0.012820513
1399 0.03846154
14584 0.012820513
3449 0.012820513
6525 0.012820513
17661 0.012820513
5631 0.012820513
