7680 0.012345679
641 0.012345679
20360 0.012345679
4371 0.012345679
14868 0.012345679
5396 0.037037037
1814 0.024691358
150 0.012345679
22294 0.024691358
19865 0.012345679
13983 0.012345679
13855 0.012345679
11049 0.012345679
7211 0.012345679
9772 0.024691358
17325 0.012345679
8368 0.049382716
12977 0.012345679
8371 0.012345679
20020 0.012345679
311 0.024691358
14650 0.037037037
4923 0.012345679
7486 0.012345679
12734 0.012345679
13503 0.012345679
8767 0.024691358
8259 0.012345679
10821 0.012345679
10184 0.012345679
1482 0.012345679
716 0.024691358
17741 0.012345679
462 0.012345679
1488 0.012345679
2390 0.049382716
20696 0.086419754
15193 0.012345679
21465 0.037037037
13532 0.012345679
14300 0.012345679
19806 0.012345679
20579 0.012345679
10083 0.012345679
3306 0.012345679
6509 0.012345679
1006 0.012345679
13041 0.012345679
10868 0.012345679
2293 0.012345679
1399 0.012345679
21886 0.012345679
3839 0.061728396
