15744 0.008403362
2690 0.008403362
11396 0.008403362
16390 0.025210084
9352 0.016806724
4874 0.025210084
16781 0.008403362
20879 0.008403362
17039 0.008403362
1295 0.042016808
10897 0.025210084
13714 0.008403362
4371 0.008403362
281 0.008403362
16543 0.008403362
3745 0.008403362
9250 0.016806724
20263 0.008403362
13610 0.008403362
2602 0.008403362
13613 0.008403362
21679 0.016806724
8111 0.016806724
20402 0.008403362
15154 0.008403362
14514 0.008403362
15027 0.008403362
20020 0.008403362
9141 0.016806724
12470 0.016806724
2231 0.008403362
14650 0.016806724
6588 0.008403362
12734 0.008403362
6722 0.008403362
21570 0.016806724
8259 0.042016808
18758 0.016806724
9293 0.008403362
19917 0.008403362
14798 0.033613447
1488 0.008403362
10065 0.008403362
9041 0.008403362
18263 0.067226894
5083 0.008403362
14173 0.016806724
20959 0.008403362
17378 0.008403362
8163 0.008403362
20579 0.008403362
1507 0.05042017
20453 0.008403362
6888 0.008403362
14185 0.008403362
4329 0.008403362
7915 0.008403362
20203 0.008403362
12011 0.008403362
1006 0.033613447
17906 0.016806724
12020 0.008403362
884 0.016806724
2293 0.008403362
17653 0.008403362
1399 0.025210084
7160 0.008403362
5114 0.016806724
16379 0.008403362
3579 0.008403362
6143 0.008403362
8575 0.008403362
