4100 0.008928572
16390 0.004464286
12038 0.008928572
17415 0.035714287
4874 0.004464286
14860 0.008928572
2061 0.004464286
15629 0.004464286
20750 0.004464286
4371 0.008928572
2836 0.004464286
7193 0.004464286
21529 0.004464286
5658 0.004464286
18975 0.004464286
9250 0.004464286
2595 0.004464286
12835 0.004464286
8999 0.004464286
18731 0.004464286
7211 0.004464286
6444 0.004464286
13613 0.004464286
8237 0.12053572
18990 0.004464286
17456 0.004464286
11825 0.004464286
10546 0.004464286
7474 0.008928572
22067 0.008928572
21044 0.008928572
21558 0.004464286
14650 0.004464286
14394 0.013392857
1858 0.004464286
14402 0.004464286
8259 0.017857144
8260 0.004464286
17476 0.004464286
10821 0.004464286
19531 0.008928572
2380 0.004464286
16717 0.004464286
3922 0.004464286
8021 0.008928572
17751 0.004464286
18263 0.017857144
11611 0.004464286
9310 0.004464286
19806 0.008928572
21855 0.004464286
7265 0.004464286
16481 0.013392857
13410 0.004464286
20579 0.013392857
10083 0.013392857
2662 0.008928572
11883 0.004464286
22126 0.004464286
19054 0.008928572
11635 0.004464286
15734 0.004464286
630 0.004464286
1399 0.017857144
15484 0.004464286
11141 0.008928572
20367 0.008928572
6032 0.008928572
19601 0.004464286
11923 0.004464286
917 0.004464286
8342 0.004464286
17559 0.004464286
8343 0.017857144
153 0.004464286
5025 0.004464286
3745 0.004464286
5034 0.004464286
1707 0.004464286
13485 0.004464286
17327 0.004464286
8371 0.004464286
2231 0.004464286
16058 0.004464286
12987 0.004464286
18109 0.004464286
6336 0.004464286
3522 0.004464286
9666 0.004464286
10691 0.004464286
16582 0.004464286
2758 0.02232143
18122 0.004464286
12234 0.004464286
18378 0.004464286
8140 0.004464286
13260 0.004464286
5329 0.004464286
1746 0.004464286
2259 0.004464286
7124 0.004464286
20696 0.008928572
1754 0.004464286
20956 0.004464286
12765 0.004464286
8163 0.004464286
6116 0.004464286
5092 0.004464286
20453 0.017857144
2791 0.004464286
7914 0.004464286
10988 0.004464286
8175 0.004464286
13041 0.013392857
16625 0.017857144
20723 0.013392857
19188 0.004464286
13556 0.013392857
17653 0.004464286
2293 0.008928572
2041 0.004464286
22009 0.008928572
16379 0.004464286
17661 0.004464286
22270 0.004464286
767 0.004464286
6143 0.017857144
3327 0.03125
