7680 0.0061728396
12033 0.0061728396
8193 0.0061728396
5122 0.018518519
5892 0.030864198
15496 0.0061728396
4874 0.0061728396
17549 0.0061728396
4237 0.037037037
7567 0.0061728396
13841 0.0061728396
10897 0.012345679
13844 0.012345679
7830 0.0061728396
150 0.018518519
10780 0.0061728396
17949 0.0061728396
3745 0.0061728396
4387 0.0061728396
16547 0.012345679
9509 0.0061728396
38 0.024691358
6567 0.0061728396
8743 0.0061728396
15528 0.0061728396
11049 0.030864198
7211 0.012345679
6444 0.0061728396
4141 0.0061728396
9517 0.012345679
11822 0.0061728396
9903 0.0061728396
8368 0.0061728396
12208 0.0061728396
9393 0.012345679
10546 0.0061728396
14514 0.0061728396
6579 0.018518519
10164 0.0061728396
20020 0.012345679
2740 0.012345679
18741 0.0061728396
21813 0.061728396
311 0.0061728396
954 0.0061728396
14650 0.018518519
18875 0.0061728396
21819 0.12345679
11068 0.0061728396
18877 0.0061728396
17341 0.012345679
22206 0.0061728396
8254 0.0061728396
5698 0.012345679
9412 0.0061728396
9157 0.0061728396
12744 0.0061728396
20426 0.0061728396
14798 0.0061728396
7246 0.012345679
5711 0.0061728396
9813 0.018518519
18263 0.0061728396
21465 0.0061728396
15196 0.0061728396
13152 0.0061728396
16736 0.012345679
21346 0.0061728396
10083 0.0061728396
5990 0.024691358
2791 0.024691358
5608 0.0061728396
15209 0.0061728396
7916 0.012345679
16621 0.012345679
12016 0.0061728396
7024 0.0061728396
14193 0.0061728396
21621 0.012345679
14838 0.012345679
22009 0.0061728396
4477 0.012345679
11902 0.018518519
