10882 0.0053475937
3842 0.010695187
9100 0.0053475937
17676 0.026737968
20493 0.0053475937
10767 0.021390375
22294 0.0053475937
13335 0.0053475937
5912 0.0053475937
5400 0.0053475937
22169 0.0053475937
8860 0.010695187
11932 0.01604278
6816 0.010695187
3105 0.0053475937
15011 0.0053475937
8739 0.0053475937
7843 0.0053475937
8355 0.021390375
38 0.0053475937
8743 0.0053475937
17704 0.01604278
11049 0.021390375
18731 0.0053475937
7211 0.010695187
4654 0.0053475937
14514 0.0053475937
6962 0.037433155
17715 0.0053475937
15667 0.0053475937
1081 0.010695187
14650 0.010695187
3130 0.069518715
7227 0.0053475937
1851 0.0053475937
9918 0.0053475937
5825 0.0053475937
13249 0.0053475937
19137 0.0053475937
14402 0.0053475937
9413 0.0053475937
10821 0.026737968
19020 0.0053475937
13260 0.053475935
12365 0.0053475937
17614 0.0053475937
6862 0.010695187
19408 0.0053475937
1488 0.010695187
20434 0.0053475937
1237 0.021390375
2390 0.026737968
15703 0.01604278
3288 0.021390375
21465 0.0053475937
20571 0.0053475937
5083 0.01604278
14300 0.0053475937
15196 0.026737968
6623 0.0053475937
7007 0.0053475937
7135 0.010695187
1376 0.0053475937
13410 0.010695187
20579 0.0053475937
13155 0.01604278
6886 0.0053475937
8297 0.0053475937
20458 0.0053475937
11242 0.10695187
10605 0.0053475937
14189 0.0053475937
13041 0.01604278
11891 0.0053475937
4084 0.0053475937
15093 0.0053475937
21621 0.010695187
19062 0.0053475937
1399 0.01604278
8569 0.0053475937
20217 0.0053475937
4988 0.0053475937
7421 0.0053475937
10879 0.0053475937
6143 0.0053475937
