21123 0.004878049
17415 0.009756098
9100 0.004878049
17935 0.019512195
10896 0.004878049
400 0.004878049
13841 0.004878049
17682 0.004878049
16018 0.004878049
20883 0.004878049
4371 0.014634146
13844 0.004878049
20501 0.004878049
11925 0.25853658
150 0.004878049
8857 0.009756098
13210 0.004878049
11932 0.019512195
14365 0.004878049
15903 0.004878049
13343 0.009756098
19104 0.004878049
9250 0.019512195
163 0.009756098
9508 0.004878049
21541 0.004878049
7333 0.004878049
38 0.014634146
15528 0.004878049
13480 0.014634146
11049 0.004878049
2602 0.004878049
18731 0.004878049
8365 0.004878049
19886 0.004878049
4654 0.024390243
8497 0.004878049
2359 0.004878049
16058 0.004878049
14011 0.009756098
4923 0.009756098
6459 0.034146342
6336 0.004878049
9412 0.004878049
15429 0.004878049
18758 0.004878049
15305 0.004878049
20434 0.004878049
4821 0.034146342
2390 0.014634146
6489 0.004878049
11482 0.004878049
5083 0.009756098
9951 0.004878049
5855 0.009756098
6623 0.024390243
1376 0.004878049
21345 0.004878049
7265 0.03902439
1890 0.004878049
13538 0.014634146
6243 0.004878049
5990 0.004878049
2662 0.019512195
16871 0.014634146
19433 0.009756098
4714 0.014634146
1006 0.009756098
1007 0.019512195
19184 0.004878049
13041 0.009756098
12020 0.024390243
21621 0.004878049
14838 0.004878049
16375 0.004878049
15608 0.004878049
7160 0.004878049
3579 0.004878049
6780 0.009756098
8573 0.004878049
19199 0.004878049
