18432 0.0034364262
8709 0.0034364262
5893 0.010309278
1030 0.0068728523
10246 0.0068728523
20231 0.0034364262
14090 0.013745705
10767 0.0034364262
1295 0.0068728523
19216 0.0034364262
3089 0.0034364262
2836 0.0068728523
12823 0.0034364262
19736 0.0068728523
4635 0.010309278
18208 0.0034364262
16161 0.010309278
9250 0.0034364262
38 0.01718213
20520 0.0034364262
4649 0.0068728523
17196 0.0034364262
13613 0.0034364262
21044 0.0068728523
21813 0.0034364262
14650 0.010309278
4923 0.0034364262
18239 0.0068728523
18501 0.0034364262
10821 0.058419243
11591 0.0068728523
3144 0.0068728523
3154 0.0034364262
19027 0.0034364262
21845 0.0034364262
16728 0.0034364262
15196 0.020618556
9821 0.0034364262
11617 0.0034364262
10083 0.010309278
20579 0.010309278
13929 0.0034364262
9065 0.0034364262
18544 0.0068728523
11635 0.0034364262
884 0.013745705
15221 0.010309278
21621 0.041237112
19062 0.0068728523
19581 0.013745705
9862 0.010309278
21136 0.0034364262
10896 0.0068728523
13457 0.0034364262
17553 0.0034364262
9361 0.010309278
3730 0.0034364262
2964 0.0034364262
7830 0.0034364262
20886 0.0034364262
150 0.0034364262
8343 0.0068728523
21401 0.0034364262
19865 0.0034364262
921 0.0068728523
5020 0.0034364262
11932 0.010309278
5025 0.0034364262
10149 0.0034364262
20648 0.096219935
10417 0.0034364262
19122 0.0034364262
14514 0.0034364262
20405 0.010309278
21432 0.0068728523
3004 0.0034364262
4286 0.0034364262
16064 0.0068728523
9665 0.0034364262
5825 0.0034364262
10949 0.0034364262
2758 0.0034364262
9926 0.0034364262
16841 0.0034364262
18378 0.0034364262
716 0.010309278
13260 0.085910656
1488 0.0034364262
1744 0.0034364262
10451 0.030927835
20437 0.0034364262
16599 0.03436426
14808 0.0034364262
20696 0.024054984
21465 0.0034364262
11488 0.0034364262
2785 0.0034364262
6115 0.0034364262
6116 0.0034364262
5349 0.0068728523
2791 0.0034364262
16871 0.0068728523
4074 0.010309278
1006 0.010309278
19183 0.0034364262
19186 0.0034364262
18932 0.0034364262
11512 0.05154639
2041 0.0034364262
6654 0.0034364262
19199 0.0034364262
