3969 0.016260162
1542 0.008130081
17288 0.008130081
2698 0.008130081
4874 0.016260162
9100 0.008130081
16396 0.024390243
17549 0.024390243
11151 0.008130081
1174 0.008130081
150 0.008130081
13855 0.008130081
3745 0.008130081
13601 0.008130081
7211 0.008130081
1324 0.008130081
8237 0.05691057
15154 0.008130081
8371 0.008130081
14515 0.008130081
13235 0.040650405
13621 0.008130081
19126 0.008130081
14903 0.008130081
17336 0.008130081
14011 0.008130081
12604 0.008130081
11837 0.008130081
6336 0.008130081
8259 0.008130081
15429 0.008130081
10821 0.008130081
16582 0.008130081
12614 0.008130081
6862 0.016260162
3538 0.008130081
10453 0.008130081
9813 0.008130081
7381 0.016260162
2390 0.016260162
11607 0.12195122
21465 0.016260162
11611 0.024390243
14300 0.008130081
18397 0.008130081
9951 0.016260162
16736 0.06504065
21346 0.008130081
17894 0.008130081
2662 0.032520324
6886 0.040650405
10344 0.016260162
12393 0.008130081
9836 0.008130081
17004 0.008130081
16621 0.008130081
1006 0.008130081
15727 0.008130081
12016 0.008130081
3191 0.008130081
2167 0.008130081
6393 0.016260162
18298 0.008130081
15994 0.008130081
18684 0.024390243
4477 0.008130081
6143 0.016260162
