3456 0.008547009
19584 0.017094018
1410 0.017094018
2435 0.042735044
5380 0.008547009
8837 0.008547009
20998 0.008547009
14217 0.008547009
3721 0.008547009
18698 0.008547009
7567 0.008547009
8208 0.008547009
18064 0.008547009
10896 0.008547009
10897 0.008547009
13457 0.008547009
15506 0.008547009
20883 0.017094018
535 0.008547009
8343 0.025641026
13721 0.008547009
5913 0.017094018
2459 0.008547009
5788 0.008547009
9245 0.008547009
8735 0.008547009
3104 0.008547009
21665 0.008547009
3745 0.025641026
9250 0.017094018
4645 0.025641026
12710 0.017094018
8743 0.008547009
298 0.008547009
7211 0.008547009
15019 0.008547009
4654 0.008547009
8111 0.008547009
22064 0.025641026
10546 0.008547009
21300 0.008547009
20020 0.008547009
311 0.008547009
2231 0.008547009
14650 0.008547009
16826 0.008547009
17724 0.008547009
6588 0.017094018
13503 0.017094018
4930 0.008547009
19012 0.008547009
18758 0.025641026
12745 0.008547009
18378 0.008547009
13260 0.017094018
16717 0.017094018
5585 0.008547009
10451 0.008547009
5843 0.008547009
17751 0.008547009
20696 0.034188036
17244 0.008547009
6237 0.008547009
6623 0.008547009
6239 0.008547009
18656 0.008547009
20579 0.008547009
2662 0.025641026
18410 0.017094018
1006 0.008547009
12016 0.008547009
13041 0.008547009
2293 0.025641026
2805 0.034188036
22134 0.008547009
20598 0.025641026
4471 0.008547009
11001 0.008547009
3579 0.008547009
17661 0.008547009
