3456 0.009090909
10115 0.009090909
16772 0.009090909
8709 0.009090909
4617 0.009090909
9738 0.009090909
14860 0.018181818
2061 0.009090909
18064 0.009090909
8592 0.009090909
20625 0.018181818
10897 0.06363636
1427 0.009090909
4371 0.009090909
5396 0.027272727
13334 0.009090909
8343 0.009090909
153 0.009090909
5019 0.009090909
5788 0.009090909
11932 0.009090909
15900 0.009090909
21541 0.009090909
38 0.009090909
12710 0.018181818
18731 0.018181818
19884 0.009090909
13613 0.009090909
1198 0.009090909
18222 0.009090909
9139 0.009090909
8756 0.009090909
19126 0.009090909
14650 0.018181818
22206 0.018181818
13503 0.018181818
8000 0.009090909
21697 0.009090909
4930 0.009090909
14402 0.009090909
8259 0.036363635
7748 0.009090909
21445 0.009090909
20550 0.009090909
4934 0.009090909
12871 0.009090909
6215 0.027272727
4808 0.009090909
14027 0.009090909
7500 0.009090909
13260 0.018181818
1488 0.009090909
9041 0.009090909
9810 0.009090909
13778 0.009090909
3922 0.009090909
20437 0.009090909
2390 0.009090909
18263 0.018181818
20696 0.018181818
21081 0.009090909
21465 0.009090909
13532 0.009090909
5727 0.009090909
18528 0.009090909
9057 0.009090909
19810 0.018181818
5859 0.009090909
8935 0.009090909
20712 0.009090909
10344 0.009090909
15337 0.009090909
2284 0.009090909
1006 0.009090909
16495 0.009090909
20723 0.009090909
884 0.009090909
2677 0.009090909
7669 0.009090909
15606 0.009090909
2041 0.009090909
20217 0.009090909
14330 0.009090909
21244 0.009090909
20349 0.009090909
5631 0.009090909
