8194 0.0069444445
3842 0.013888889
16003 0.07638889
5892 0.0069444445
11141 0.013888889
4362 0.0069444445
4874 0.013888889
3339 0.0069444445
6796 0.0069444445
14988 0.013888889
5262 0.0069444445
9230 0.013888889
15120 0.0069444445
17553 0.0069444445
10897 0.0069444445
4371 0.013888889
13844 0.020833334
8468 0.034722224
22294 0.0069444445
5789 0.020833334
6944 0.0069444445
16160 0.0069444445
2602 0.0069444445
7211 0.0069444445
13485 0.0069444445
8243 0.0069444445
14515 0.0069444445
6325 0.013888889
20150 0.0069444445
311 0.0069444445
14903 0.013888889
14650 0.027777778
4923 0.0069444445
7227 0.0069444445
4286 0.0069444445
19646 0.0069444445
319 0.013888889
21696 0.0069444445
15808 0.0069444445
4161 0.0069444445
21570 0.0069444445
14402 0.0069444445
19781 0.0069444445
6215 0.0069444445
8263 0.0069444445
18760 0.0069444445
2632 0.0069444445
19917 0.013888889
1229 0.027777778
14926 0.0069444445
11215 0.0069444445
1488 0.0069444445
10065 0.034722224
19154 0.0069444445
10963 0.0625
7252 0.0069444445
18774 0.0069444445
8278 0.0069444445
21465 0.0069444445
6237 0.0069444445
1376 0.0069444445
10467 0.0069444445
2915 0.0069444445
20196 0.013888889
6116 0.048611112
16871 0.0069444445
13160 0.0069444445
4714 0.0069444445
7914 0.0069444445
4971 0.0069444445
7659 0.0069444445
8172 0.013888889
6512 0.0069444445
2674 0.013888889
7669 0.0069444445
21621 0.013888889
4342 0.0069444445
14838 0.0069444445
9975 0.0069444445
1399 0.013888889
22008 0.0069444445
3323 0.027777778
12798 0.0069444445
3839 0.0069444445
