11141 0.007575758
2693 0.15151516
7175 0.007575758
3210 0.007575758
4874 0.015151516
16396 0.015151516
2061 0.007575758
13709 0.015151516
10767 0.022727273
10897 0.015151516
5275 0.007575758
10140 0.007575758
11932 0.015151516
15902 0.007575758
13345 0.007575758
2721 0.007575758
8097 0.015151516
12321 0.030303031
11298 0.007575758
15011 0.007575758
13480 0.007575758
15528 0.007575758
6952 0.007575758
11049 0.015151516
5801 0.015151516
6828 0.007575758
13870 0.007575758
22064 0.053030305
8497 0.007575758
4789 0.007575758
15669 0.007575758
4024 0.007575758
17336 0.007575758
4025 0.007575758
4665 0.015151516
11706 0.015151516
3262 0.007575758
7486 0.007575758
21696 0.007575758
8259 0.015151516
9412 0.007575758
15429 0.007575758
10821 0.015151516
2758 0.015151516
10695 0.007575758
4169 0.015151516
9813 0.007575758
11479 0.007575758
3288 0.007575758
20315 0.007575758
14556 0.007575758
15196 0.007575758
16605 0.007575758
1376 0.007575758
13664 0.007575758
22112 0.007575758
21346 0.007575758
738 0.007575758
3044 0.007575758
6116 0.03787879
21606 0.007575758
8422 0.015151516
2662 0.03787879
2791 0.007575758
7916 0.007575758
10476 0.015151516
16621 0.007575758
1006 0.015151516
1391 0.007575758
7024 0.007575758
13041 0.007575758
884 0.022727273
19062 0.007575758
22009 0.007575758
15486 0.007575758
