17665 0.004347826
5893 0.02173913
10246 0.004347826
5900 0.004347826
15629 0.004347826
11538 0.004347826
22294 0.004347826
19736 0.008695652
4635 0.004347826
12321 0.008695652
9250 0.004347826
38 0.008695652
4903 0.008695652
16168 0.004347826
6952 0.008695652
10284 0.004347826
7724 0.004347826
13613 0.004347826
8493 0.008695652
305 0.004347826
14129 0.004347826
10546 0.004347826
4658 0.004347826
20020 0.004347826
2102 0.004347826
14903 0.004347826
6716 0.004347826
3645 0.008695652
8254 0.004347826
16958 0.004347826
11327 0.008695652
10821 0.008695652
4934 0.004347826
583 0.008695652
2119 0.008695652
8263 0.013043478
14153 0.013043478
17751 0.013043478
13659 0.004347826
9565 0.004347826
9310 0.004347826
11617 0.004347826
21345 0.004347826
16481 0.004347826
7265 0.02173913
20579 0.004347826
614 0.004347826
2662 0.017391304
10344 0.004347826
13160 0.004347826
4714 0.008695652
109 0.004347826
11635 0.004347826
15484 0.008695652
19581 0.030434782
16003 0.09565217
13958 0.004347826
9862 0.017391304
19593 0.004347826
18064 0.004347826
9362 0.004347826
19603 0.004347826
8343 0.017391304
18585 0.004347826
18842 0.004347826
11932 0.004347826
7331 0.004347826
9904 0.008695652
11697 0.004347826
9393 0.008695652
10674 0.004347826
14515 0.004347826
13491 0.004347826
6325 0.004347826
20405 0.013043478
19126 0.004347826
18872 0.004347826
16568 0.004347826
17338 0.004347826
14011 0.004347826
14525 0.004347826
18623 0.008695652
2497 0.004347826
5825 0.004347826
19137 0.004347826
14533 0.004347826
456 0.004347826
16587 0.004347826
19917 0.004347826
11215 0.004347826
13009 0.004347826
10451 0.026086956
7124 0.004347826
18134 0.004347826
20696 0.004347826
21465 0.004347826
4314 0.004347826
14300 0.008695652
16093 0.004347826
21218 0.004347826
6116 0.004347826
5349 0.004347826
20453 0.004347826
7398 0.004347826
2534 0.034782607
2279 0.004347826
6888 0.004347826
20712 0.013043478
3306 0.004347826
16621 0.004347826
1006 0.013043478
12016 0.004347826
12020 0.004347826
2292 0.004347826
17653 0.004347826
14838 0.013043478
21752 0.013043478
11512 0.06521739
4095 0.004347826
5631 0.004347826
6143 0.013043478
3839 0.017391304
