2690 0.015625
8194 0.015625
2061 0.015625
10767 0.015625
20624 0.03125
6162 0.078125
150 0.015625
13600 0.015625
8097 0.015625
3745 0.03125
9250 0.03125
10275 0.03125
292 0.015625
20516 0.015625
8237 0.015625
180 0.015625
1716 0.015625
11575 0.015625
12473 0.015625
8890 0.015625
14650 0.03125
3262 0.015625
1858 0.015625
8259 0.015625
2372 0.015625
6215 0.015625
16841 0.015625
18891 0.03125
10572 0.015625
12624 0.015625
9041 0.015625
20306 0.015625
21076 0.015625
20696 0.015625
10083 0.015625
6116 0.015625
14309 0.015625
6886 0.03125
13160 0.015625
20712 0.015625
8297 0.015625
7914 0.015625
11504 0.015625
2674 0.015625
14067 0.015625
20723 0.015625
11635 0.015625
2293 0.015625
19062 0.015625
6266 0.015625
3327 0.015625
6143 0.03125
