8194 0.005050505
15620 0.01010101
8070 0.005050505
5900 0.01010101
15374 0.005050505
21775 0.01010101
7952 0.005050505
10897 0.02020202
13844 0.005050505
10005 0.005050505
3483 0.005050505
14620 0.005050505
11932 0.005050505
19356 0.015151516
17949 0.005050505
2721 0.005050505
13345 0.02020202
13349 0.04040404
38 0.005050505
21030 0.015151516
13480 0.030303031
12205 0.01010101
9903 0.005050505
14515 0.055555556
180 0.005050505
21044 0.030303031
21813 0.005050505
4405 0.01010101
19126 0.005050505
1846 0.015151516
4025 0.005050505
4665 0.025252525
14650 0.025252525
7486 0.005050505
192 0.005050505
6336 0.01010101
14402 0.005050505
3522 0.01010101
21570 0.11111111
15939 0.005050505
8259 0.01010101
7110 0.005050505
13255 0.005050505
21322 0.01010101
12364 0.005050505
13904 0.005050505
6098 0.01010101
8149 0.030303031
3671 0.005050505
18263 0.01010101
6491 0.005050505
13403 0.005050505
8668 0.005050505
15580 0.005050505
13532 0.01010101
16605 0.005050505
21470 0.005050505
22112 0.005050505
5728 0.025252525
1635 0.005050505
6116 0.005050505
3044 0.005050505
15461 0.01010101
13159 0.015151516
18536 0.005050505
9324 0.01010101
1006 0.005050505
19183 0.005050505
12016 0.005050505
14704 0.005050505
17520 0.015151516
2674 0.005050505
11635 0.030303031
12918 0.005050505
10231 0.02020202
9975 0.060606062
10234 0.005050505
18298 0.005050505
19707 0.015151516
6142 0.005050505
6143 0.005050505
13439 0.005050505
