8194 0.0058479533
15362 0.0058479533
3204 0.0116959065
11141 0.0116959065
3080 0.0058479533
9100 0.0058479533
17549 0.0058479533
20750 0.0058479533
10897 0.029239766
5396 0.07602339
22294 0.046783626
14490 0.0058479533
21786 0.0058479533
10651 0.0058479533
11932 0.0058479533
15902 0.0058479533
3745 0.0058479533
3105 0.0058479533
8739 0.0058479533
17318 0.0116959065
10025 0.0116959065
11049 0.01754386
6570 0.03508772
21295 0.0058479533
9139 0.0058479533
17587 0.0058479533
20020 0.0116959065
6325 0.03508772
20150 0.0058479533
14650 0.03508772
7486 0.0058479533
1473 0.0058479533
14401 0.0058479533
13249 0.12280702
9157 0.0058479533
4682 0.0058479533
1482 0.03508772
14156 0.029239766
11215 0.0116959065
1488 0.0116959065
9680 0.0116959065
6484 0.0058479533
2390 0.0058479533
20696 0.0058479533
217 0.0058479533
13532 0.0058479533
17628 0.0058479533
7647 0.0058479533
5345 0.0058479533
10083 0.0058479533
6116 0.0058479533
20198 0.0058479533
15338 0.0058479533
7916 0.01754386
3950 0.0058479533
1134 0.0058479533
13041 0.0058479533
14833 0.0058479533
2674 0.0058479533
10101 0.0058479533
7669 0.0058479533
21621 0.029239766
1399 0.0116959065
13176 0.0058479533
3323 0.01754386
20989 0.0116959065
382 0.0058479533
6143 0.0058479533
19199 0.0058479533
3839 0.0877193
