11141 0.007751938
11527 0.007751938
20493 0.015503876
14223 0.007751938
10767 0.023255814
15120 0.023255814
10897 0.015503876
9361 0.015503876
22035 0.007751938
22294 0.007751938
19356 0.007751938
11932 0.007751938
15902 0.007751938
16032 0.007751938
2723 0.007751938
10787 0.007751938
12325 0.007751938
17318 0.007751938
8743 0.023255814
12583 0.046511628
11049 0.007751938
17705 0.015503876
7211 0.007751938
6444 0.007751938
12205 0.007751938
4654 0.015503876
12206 0.015503876
22064 0.007751938
14514 0.015503876
21813 0.007751938
15416 0.007751938
7227 0.007751938
4286 0.007751938
21696 0.007751938
6336 0.03875969
14402 0.007751938
21570 0.015503876
10821 0.046511628
13260 0.046511628
19149 0.007751938
2509 0.03875969
18391 0.007751938
2393 0.007751938
5083 0.007751938
3419 0.015503876
13532 0.007751938
15196 0.093023255
16605 0.007751938
1373 0.007751938
9951 0.015503876
16736 0.023255814
227 0.007751938
13927 0.007751938
10474 0.007751938
874 0.015503876
18410 0.031007752
10859 0.023255814
7916 0.007751938
11884 0.03875969
16621 0.007751938
18414 0.007751938
13041 0.007751938
21621 0.007751938
7160 0.007751938
2173 0.007751938
12413 0.007751938
19199 0.007751938
