7680 0.0065789474
8070 0.05263158
11527 0.013157895
20750 0.013157895
1295 0.0065789474
10767 0.013157895
2704 0.0065789474
15120 0.0065789474
4371 0.019736841
10261 0.0065789474
22294 0.0065789474
10651 0.019736841
12830 0.013157895
3105 0.0065789474
3745 0.013157895
6435 0.0065789474
12583 0.0065789474
11049 0.019736841
19886 0.0065789474
4783 0.013157895
10417 0.059210528
180 0.013157895
13621 0.019736841
14650 0.0065789474
22206 0.0065789474
5696 0.0065789474
19137 0.0065789474
10821 0.059210528
6215 0.0065789474
8135 0.0065789474
4169 0.0065789474
4682 0.013157895
716 0.0065789474
13260 0.08552632
15949 0.0065789474
19917 0.0065789474
12623 0.0065789474
5329 0.0065789474
10065 0.0065789474
11986 0.0065789474
6995 0.0065789474
8275 0.0065789474
2390 0.02631579
18263 0.0065789474
16599 0.0065789474
20696 0.0065789474
2393 0.0065789474
14556 0.0065789474
14300 0.013157895
15196 0.013157895
13532 0.032894738
9310 0.0065789474
13155 0.0065789474
5859 0.0065789474
10083 0.019736841
6116 0.0065789474
3044 0.013157895
8422 0.0065789474
6886 0.013157895
16871 0.0065789474
10344 0.0065789474
4329 0.039473683
10605 0.0065789474
1006 0.0065789474
13041 0.0065789474
11635 0.0065789474
21493 0.0065789474
21621 0.02631579
6646 0.0065789474
22134 0.032894738
1399 0.019736841
9720 0.0065789474
3323 0.0065789474
18046 0.0065789474
