13952 0.0049261083
21121 0.0049261083
17156 0.0049261083
4100 0.0049261083
11141 0.0049261083
5512 0.0049261083
20104 0.0049261083
14860 0.0049261083
10125 0.0049261083
17933 0.0049261083
11151 0.0049261083
8208 0.0049261083
4371 0.0049261083
8851 0.0049261083
12436 0.0049261083
22294 0.009852217
11932 0.009852217
3356 0.12807882
14365 0.0049261083
7070 0.0049261083
6687 0.0049261083
15903 0.0049261083
15519 0.009852217
19104 0.06403941
8097 0.0049261083
8739 0.0049261083
7331 0.0049261083
15011 0.009852217
163 0.113300495
38 0.024630541
4903 0.0049261083
11944 0.0049261083
18731 0.0049261083
10284 0.0049261083
1837 0.009852217
2864 0.014778325
8752 0.019704433
11825 0.02955665
14514 0.0049261083
14515 0.0049261083
12852 0.009852217
4025 0.009852217
4923 0.0049261083
14267 0.0049261083
59 0.009852217
6716 0.0049261083
7486 0.0049261083
22206 0.0049261083
16064 0.009852217
14402 0.024630541
18758 0.0049261083
3530 0.0049261083
21965 0.0049261083
2901 0.0049261083
5845 0.014778325
9685 0.014778325
2390 0.039408866
6491 0.0049261083
5083 0.009852217
6364 0.0049261083
9951 0.009852217
6623 0.009852217
14560 0.0049261083
1249 0.0049261083
5859 0.0049261083
10083 0.0049261083
6116 0.0049261083
18148 0.009852217
2662 0.009852217
13927 0.0049261083
20712 0.0049261083
17384 0.0049261083
7659 0.009852217
16621 0.009852217
15854 0.0049261083
19183 0.0049261083
16496 0.009852217
13041 0.0049261083
11635 0.02955665
884 0.0049261083
19829 0.0049261083
21621 0.009852217
16375 0.0049261083
16503 0.009852217
7160 0.0049261083
8573 0.0049261083
3839 0.0049261083
19711 0.0049261083
19199 0.014778325
