7680 0.006329114
9603 0.006329114
17156 0.012658228
1670 0.006329114
5512 0.006329114
13450 0.006329114
779 0.006329114
10896 0.012658228
10897 0.006329114
18452 0.012658228
8343 0.006329114
13335 0.006329114
535 0.006329114
3735 0.006329114
2327 0.006329114
6936 0.006329114
153 0.006329114
8090 0.012658228
14365 0.012658228
15902 0.006329114
12830 0.012658228
13343 0.012658228
16032 0.006329114
5921 0.006329114
2721 0.03797468
7331 0.006329114
38 0.012658228
17447 0.006329114
7208 0.006329114
11049 0.025316456
18731 0.006329114
7211 0.006329114
10284 0.03797468
4654 0.012658228
8752 0.006329114
10546 0.006329114
16818 0.006329114
12594 0.012658228
180 0.006329114
14650 0.006329114
20538 0.006329114
59 0.006329114
6588 0.006329114
1084 0.006329114
7486 0.03164557
319 0.006329114
16064 0.01898734
4161 0.006329114
14402 0.025316456
10821 0.006329114
19013 0.006329114
21061 0.01898734
7110 0.006329114
13255 0.006329114
20942 0.006329114
1488 0.012658228
6353 0.006329114
3538 0.006329114
3026 0.006329114
9813 0.01898734
2390 0.03797468
19799 0.006329114
21465 0.006329114
22106 0.006329114
13532 0.006329114
3164 0.012658228
2140 0.03797468
6623 0.006329114
5859 0.006329114
6243 0.006329114
3300 0.006329114
2662 0.006329114
5990 0.006329114
8680 0.006329114
7914 0.006329114
107 0.006329114
21483 0.006329114
7916 0.006329114
18414 0.006329114
19183 0.006329114
5231 0.012658228
1007 0.025316456
2674 0.01898734
11635 0.025316456
15348 0.006329114
2293 0.006329114
21621 0.03797468
4471 0.012658228
3579 0.006329114
11644 0.006329114
4477 0.006329114
3455 0.006329114
19199 0.006329114
3199 0.006329114
6143 0.006329114
