13952 0.008474576
16003 0.008474576
16390 0.008474576
20231 0.008474576
4874 0.008474576
10763 0.008474576
14860 0.025423728
10767 0.008474576
8592 0.008474576
6032 0.016949153
15121 0.008474576
17553 0.008474576
10897 0.008474576
4371 0.008474576
20501 0.008474576
153 0.008474576
21786 0.008474576
3354 0.008474576
11932 0.008474576
21662 0.008474576
13343 0.008474576
9250 0.008474576
21667 0.016949153
12710 0.12711865
15528 0.008474576
2731 0.008474576
7979 0.008474576
13613 0.008474576
19249 0.008474576
4273 0.008474576
10546 0.008474576
9139 0.042372882
21044 0.008474576
20150 0.008474576
8890 0.008474576
12730 0.008474576
12987 0.008474576
7227 0.008474576
3262 0.008474576
5696 0.008474576
4161 0.008474576
14402 0.016949153
8259 0.008474576
14788 0.06779661
10821 0.008474576
14918 0.008474576
4934 0.008474576
16582 0.016949153
8263 0.016949153
3530 0.008474576
13260 0.008474576
1488 0.033898305
337 0.008474576
9041 0.008474576
9046 0.008474576
2390 0.016949153
18263 0.008474576
20696 0.059322033
11611 0.008474576
20959 0.025423728
11617 0.008474576
8163 0.008474576
6886 0.008474576
14694 0.008474576
16871 0.008474576
8557 0.008474576
9710 0.008474576
10095 0.008474576
8561 0.008474576
13041 0.008474576
20217 0.008474576
3323 0.008474576
20349 0.008474576
5631 0.008474576
