9217 0.008474576
1410 0.008474576
8194 0.008474576
16387 0.008474576
2435 0.008474576
11141 0.008474576
17415 0.008474576
10887 0.008474576
14855 0.016949153
6153 0.008474576
16396 0.008474576
21007 0.008474576
14607 0.008474576
17807 0.008474576
8208 0.008474576
20883 0.076271184
2836 0.008474576
7830 0.050847456
17559 0.008474576
8343 0.016949153
20506 0.008474576
19612 0.008474576
18342 0.008474576
19622 0.008474576
4903 0.008474576
7209 0.008474576
17327 0.008474576
17840 0.008474576
21813 0.008474576
8630 0.008474576
14903 0.016949153
17336 0.016949153
4025 0.008474576
1858 0.008474576
8259 0.008474576
18501 0.008474576
18758 0.008474576
18633 0.008474576
10699 0.008474576
4556 0.033898305
16717 0.008474576
6477 0.025423728
1105 0.084745765
20438 0.008474576
7254 0.008474576
18263 0.008474576
20696 0.016949153
7130 0.008474576
5083 0.008474576
6237 0.008474576
19806 0.008474576
18014 0.008474576
5092 0.033898305
2662 0.008474576
6886 0.008474576
13929 0.008474576
15209 0.008474576
3306 0.008474576
18410 0.042372882
11883 0.016949153
18414 0.008474576
16367 0.008474576
5231 0.008474576
2288 0.016949153
13041 0.008474576
13170 0.016949153
20723 0.016949153
2293 0.025423728
19062 0.008474576
1399 0.008474576
21752 0.008474576
11644 0.008474576
21628 0.008474576
