19842 0.008064516
5892 0.008064516
19461 0.008064516
11141 0.016129032
16390 0.008064516
8070 0.04032258
17415 0.008064516
10763 0.008064516
17291 0.09677419
14349 0.008064516
10897 0.008064516
8468 0.008064516
22294 0.008064516
150 0.008064516
153 0.008064516
1181 0.008064516
17949 0.008064516
4513 0.008064516
13351 0.008064516
11049 0.008064516
10283 0.008064516
17196 0.008064516
1837 0.008064516
4654 0.032258064
19249 0.008064516
7474 0.008064516
14514 0.008064516
12594 0.04032258
20020 0.016129032
7486 0.008064516
3522 0.008064516
1858 0.008064516
14402 0.016129032
579 0.024193548
10821 0.024193548
16582 0.008064516
13260 0.04032258
9041 0.016129032
3288 0.008064516
21464 0.032258064
18394 0.008064516
14684 0.008064516
16605 0.008064516
16736 0.008064516
13152 0.008064516
9057 0.008064516
21730 0.008064516
13155 0.008064516
5219 0.008064516
20579 0.008064516
3044 0.024193548
5990 0.008064516
13670 0.008064516
8422 0.016129032
16871 0.016129032
2410 0.008064516
11883 0.032258064
4333 0.008064516
10605 0.008064516
9710 0.008064516
884 0.008064516
19188 0.008064516
21621 0.10483871
22134 0.008064516
1399 0.008064516
17661 0.008064516
6143 0.016129032
