18561 0.010309278
21001 0.020618556
5900 0.010309278
17549 0.010309278
1166 0.010309278
11151 0.010309278
10897 0.010309278
402 0.010309278
18834 0.020618556
4371 0.010309278
10260 0.041237112
20501 0.010309278
22294 0.030927835
8860 0.010309278
10655 0.010309278
16032 0.010309278
21536 0.010309278
8097 0.010309278
20516 0.020618556
7211 0.010309278
13613 0.020618556
4654 0.010309278
15662 0.030927835
21679 0.010309278
8113 0.010309278
19250 0.010309278
12594 0.020618556
2740 0.010309278
20792 0.010309278
4025 0.010309278
14394 0.010309278
8890 0.030927835
9147 0.010309278
830 0.020618556
9791 0.010309278
21696 0.010309278
4161 0.010309278
10561 0.010309278
15172 0.010309278
8263 0.010309278
5580 0.010309278
19917 0.010309278
84 0.010309278
2390 0.041237112
18263 0.041237112
21464 0.010309278
16346 0.010309278
14556 0.010309278
13533 0.010309278
3551 0.072164945
5989 0.010309278
16871 0.020618556
8296 0.010309278
2921 0.010309278
7914 0.010309278
8811 0.020618556
8556 0.020618556
16621 0.010309278
14704 0.010309278
2674 0.010309278
18290 0.010309278
21235 0.010309278
21621 0.010309278
4471 0.010309278
14330 0.020618556
3455 0.010309278
