8194 0.00729927
5892 0.010948905
5893 0.040145986
5900 0.003649635
781 0.003649635
10767 0.003649635
13844 0.003649635
2836 0.003649635
19736 0.010948905
8474 0.003649635
21786 0.003649635
4635 0.01459854
6685 0.003649635
31 0.003649635
13855 0.003649635
13343 0.003649635
18208 0.010948905
9250 0.003649635
21541 0.003649635
38 0.003649635
4903 0.003649635
10025 0.003649635
2089 0.003649635
18217 0.003649635
2602 0.003649635
298 0.003649635
17965 0.003649635
14650 0.01459854
21563 0.003649635
11327 0.003649635
18239 0.02919708
10821 0.003649635
18758 0.003649635
8263 0.00729927
20813 0.003649635
10065 0.003649635
3922 0.003649635
7510 0.003649635
18263 0.003649635
13659 0.003649635
3419 0.003649635
6239 0.00729927
7265 0.00729927
21345 0.010948905
5732 0.003649635
17252 0.003649635
3430 0.00729927
8561 0.003649635
884 0.003649635
21621 0.00729927
19062 0.00729927
12919 0.00729927
5752 0.003649635
8573 0.003649635
6525 0.003649635
19581 0.032846715
5502 0.003649635
18814 0.003649635
16003 0.040145986
14980 0.003649635
8840 0.003649635
20104 0.010948905
6281 0.003649635
6286 0.003649635
11151 0.003649635
6032 0.003649635
10896 0.003649635
10897 0.003649635
6033 0.003649635
19603 0.00729927
3220 0.003649635
8343 0.003649635
11932 0.003649635
20648 0.003649635
19886 0.02189781
15024 0.00729927
14514 0.003649635
5043 0.003649635
9139 0.00729927
9141 0.003649635
20405 0.04379562
18872 0.010948905
19385 0.003649635
14011 0.003649635
16064 0.025547445
3522 0.003649635
18116 0.003649635
16582 0.00729927
13255 0.003649635
3271 0.003649635
1480 0.003649635
19917 0.00729927
462 0.003649635
6862 0.003649635
718 0.00729927
1488 0.010948905
13778 0.003649635
10451 0.03649635
20696 0.04379562
15067 0.003649635
9951 0.003649635
4319 0.003649635
5859 0.00729927
3300 0.003649635
20453 0.003649635
20198 0.003649635
8422 0.003649635
6888 0.003649635
10728 0.010948905
13801 0.003649635
7914 0.010948905
20203 0.003649635
8172 0.00729927
16621 0.003649635
1006 0.018248174
8175 0.003649635
12016 0.00729927
499 0.003649635
12020 0.003649635
21493 0.003649635
17653 0.003649635
21752 0.003649635
11512 0.08759124
18170 0.003649635
8698 0.003649635
3323 0.003649635
20734 0.003649635
5631 0.003649635
4351 0.003649635
