19712 0.031007752
16003 0.007751938
20613 0.023255814
8070 0.007751938
519 0.007751938
10888 0.007751938
6153 0.03875969
10897 0.007751938
19603 0.08527132
21398 0.007751938
150 0.015503876
3735 0.007751938
10651 0.007751938
31 0.007751938
19104 0.007751938
9250 0.007751938
163 0.007751938
38 0.023255814
11049 0.023255814
5290 0.054263566
7211 0.007751938
11692 0.007751938
10284 0.03875969
19246 0.007751938
19886 0.007751938
1072 0.046511628
20402 0.007751938
17588 0.007751938
7220 0.015503876
18615 0.007751938
14650 0.015503876
22206 0.031007752
16064 0.015503876
14402 0.007751938
12355 0.007751938
18372 0.015503876
10821 0.007751938
4169 0.007751938
20426 0.007751938
19531 0.007751938
3792 0.007751938
17874 0.007751938
7124 0.015503876
9685 0.007751938
2390 0.015503876
17500 0.007751938
19805 0.007751938
11233 0.007751938
2915 0.007751938
10083 0.015503876
20579 0.015503876
13155 0.031007752
6116 0.007751938
6758 0.007751938
874 0.007751938
7914 0.007751938
4714 0.015503876
20074 0.015503876
21621 0.093023255
21752 0.007751938
17017 0.007751938
3323 0.007751938
3199 0.007751938
