16003 0.053691275
18566 0.0067114094
20231 0.0067114094
19847 0.0067114094
10888 0.046979867
19594 0.0067114094
10380 0.0067114094
5900 0.020134227
17549 0.020134227
11151 0.013422819
10767 0.013422819
4371 0.013422819
13844 0.013422819
2836 0.026845638
2197 0.0067114094
22294 0.020134227
153 0.0067114094
11932 0.013422819
12830 0.0067114094
12321 0.0067114094
9250 0.0067114094
21541 0.0067114094
38 0.0067114094
4903 0.0067114094
4652 0.0067114094
10284 0.040268455
13613 0.0067114094
14514 0.013422819
4025 0.013422819
16058 0.0067114094
14650 0.013422819
22206 0.020134227
15554 0.0067114094
14402 0.013422819
8259 0.026845638
10821 0.0067114094
2758 0.0067114094
13255 0.0067114094
3530 0.013422819
3916 0.0067114094
1104 0.0067114094
10963 0.0067114094
1494 0.0067114094
2390 0.040268455
3927 0.0067114094
10200 0.0067114094
3288 0.033557046
5850 0.0067114094
14300 0.0067114094
6237 0.013422819
6623 0.0067114094
4963 0.0067114094
10083 0.0067114094
8163 0.0067114094
6243 0.013422819
6116 0.0067114094
2662 0.087248325
13927 0.0067114094
16871 0.0067114094
13802 0.0067114094
4714 0.0067114094
15085 0.0067114094
17389 0.026845638
16496 0.0067114094
14704 0.013422819
12016 0.013422819
2674 0.0067114094
11635 0.020134227
884 0.0067114094
9973 0.0067114094
21621 0.0067114094
14455 0.0067114094
1399 0.0067114094
3579 0.0067114094
18685 0.0067114094
18814 0.0067114094
19199 0.0067114094
