16002 0.011111111
16003 0.033333335
17415 0.011111111
5512 0.022222223
13327 0.022222223
9361 0.011111111
10897 0.033333335
13714 0.011111111
4371 0.011111111
150 0.011111111
22294 0.033333335
8218 0.011111111
163 0.011111111
38 0.011111111
9383 0.011111111
7211 0.011111111
13870 0.011111111
8497 0.011111111
8371 0.022222223
22067 0.022222223
11447 0.011111111
4923 0.011111111
17604 0.011111111
19781 0.011111111
11590 0.011111111
455 0.011111111
1488 0.011111111
4821 0.011111111
2390 0.022222223
21464 0.011111111
9434 0.011111111
5083 0.011111111
10331 0.011111111
5085 0.011111111
18397 0.011111111
6623 0.011111111
8163 0.011111111
14691 0.011111111
13155 0.033333335
2662 0.011111111
5990 0.022222223
16871 0.011111111
21736 0.011111111
7914 0.022222223
21739 0.011111111
14444 0.011111111
17389 0.011111111
12783 0.011111111
14704 0.011111111
13041 0.011111111
14705 0.011111111
3697 0.15555556
21621 0.011111111
14838 0.033333335
9975 0.011111111
4856 0.011111111
7032 0.011111111
20985 0.011111111
6780 0.022222223
