16003 0.006451613
5380 0.006451613
11141 0.012903226
13448 0.038709678
11151 0.006451613
10767 0.012903226
10897 0.032258064
4371 0.012903226
2197 0.006451613
8853 0.006451613
3862 0.006451613
150 0.006451613
18968 0.006451613
153 0.006451613
10651 0.006451613
18975 0.006451613
16032 0.012903226
2721 0.006451613
11298 0.006451613
38 0.012903226
6952 0.21290323
11049 0.006451613
2089 0.012903226
1194 0.006451613
13485 0.012903226
4654 0.006451613
19886 0.006451613
21679 0.006451613
2864 0.032258064
10033 0.006451613
9394 0.006451613
5939 0.006451613
8371 0.006451613
17589 0.006451613
311 0.006451613
16824 0.006451613
4923 0.006451613
5825 0.012903226
10821 0.006451613
16582 0.006451613
13255 0.012903226
3530 0.025806451
14798 0.006451613
21327 0.006451613
337 0.019354839
10450 0.006451613
8021 0.006451613
3671 0.006451613
10200 0.006451613
3288 0.012903226
21465 0.006451613
8668 0.006451613
9309 0.006451613
20193 0.006451613
7265 0.045161292
10083 0.012903226
13155 0.025806451
3044 0.012903226
2662 0.006451613
8422 0.012903226
13927 0.006451613
4714 0.006451613
9836 0.006451613
19183 0.006451613
18159 0.006451613
10866 0.006451613
14579 0.006451613
11635 0.006451613
5236 0.006451613
884 0.006451613
9975 0.032258064
13178 0.006451613
21243 0.006451613
3323 0.006451613
21884 0.006451613
19711 0.006451613
6143 0.019354839
