3842 0.008403362
3333 0.008403362
4107 0.008403362
9227 0.008403362
17935 0.008403362
10767 0.008403362
10897 0.025210084
20114 0.008403362
6162 0.016806724
4371 0.008403362
11027 0.008403362
150 0.008403362
7830 0.05882353
8343 0.008403362
4510 0.008403362
20638 0.008403362
13855 0.008403362
16032 0.025210084
8097 0.008403362
3105 0.008403362
3745 0.016806724
11298 0.008403362
20770 0.008403362
20516 0.008403362
21541 0.008403362
7211 0.025210084
13613 0.008403362
13870 0.008403362
12594 0.008403362
11827 0.008403362
14515 0.05042017
2231 0.008403362
14650 0.008403362
6336 0.008403362
11073 0.008403362
5569 0.008403362
5825 0.016806724
3522 0.008403362
14402 0.008403362
10691 0.008403362
8259 0.008403362
9412 0.008403362
4550 0.008403362
3530 0.008403362
21194 0.008403362
19917 0.008403362
21464 0.008403362
5083 0.016806724
14300 0.008403362
6239 0.008403362
13919 0.008403362
21346 0.008403362
20579 0.008403362
3044 0.008403362
8422 0.008403362
6886 0.008403362
15078 0.008403362
16871 0.008403362
20712 0.008403362
7914 0.008403362
20461 0.008403362
10350 0.008403362
12016 0.008403362
7024 0.008403362
13041 0.008403362
884 0.008403362
12020 0.025210084
501 0.008403362
2293 0.008403362
4471 0.008403362
9975 0.15966387
7160 0.008403362
21752 0.016806724
14330 0.008403362
15610 0.025210084
