19712 0.013333334
20613 0.013333334
2310 0.006666667
5512 0.10666667
18058 0.013333334
10763 0.013333334
5646 0.046666667
13327 0.006666667
15120 0.006666667
19603 0.006666667
22294 0.053333335
2199 0.013333334
153 0.006666667
13343 0.013333334
10016 0.033333335
4897 0.006666667
8739 0.006666667
14628 0.046666667
2471 0.006666667
21287 0.006666667
4903 0.006666667
11049 0.006666667
11178 0.013333334
5290 0.026666667
19886 0.033333335
11825 0.006666667
12594 0.006666667
14514 0.006666667
19127 0.006666667
311 0.006666667
10043 0.013333334
7486 0.013333334
192 0.006666667
3522 0.006666667
14402 0.026666667
12355 0.006666667
10821 0.046666667
11590 0.006666667
14022 0.006666667
18760 0.006666667
1737 0.013333334
716 0.006666667
10065 0.013333334
15313 0.033333335
7381 0.013333334
20696 0.013333334
10331 0.006666667
6237 0.006666667
1376 0.006666667
17762 0.013333334
13541 0.006666667
5990 0.013333334
2662 0.02
4714 0.006666667
874 0.006666667
17004 0.006666667
7916 0.02
19183 0.006666667
16496 0.04
241 0.006666667
21621 0.013333334
1399 0.006666667
22009 0.006666667
3323 0.006666667
12413 0.006666667
4477 0.006666667
5502 0.006666667
