19072 0.009708738
15744 0.009708738
11396 0.009708738
19718 0.009708738
14855 0.009708738
20360 0.009708738
4874 0.009708738
5900 0.009708738
17039 0.009708738
10767 0.029126214
15120 0.009708738
5392 0.009708738
6033 0.009708738
10897 0.048543688
3730 0.009708738
20883 0.029126214
7830 0.029126214
8343 0.009708738
17559 0.019417476
19736 0.009708738
10651 0.009708738
18972 0.009708738
413 0.009708738
15902 0.009708738
13983 0.009708738
38 0.009708738
10791 0.009708738
1192 0.009708738
15528 0.019417476
1961 0.009708738
7082 0.009708738
19884 0.009708738
9772 0.009708738
2605 0.019417476
430 0.009708738
19886 0.019417476
10417 0.009708738
6836 0.009708738
9141 0.009708738
22198 0.009708738
19127 0.009708738
20279 0.009708738
14650 0.029126214
3645 0.009708738
4161 0.009708738
8259 0.009708738
10821 0.009708738
14277 0.009708738
6215 0.009708738
8263 0.009708738
14536 0.009708738
10442 0.009708738
4556 0.029126214
2765 0.019417476
2639 0.009708738
3922 0.009708738
1235 0.009708738
3412 0.009708738
9813 0.009708738
20566 0.009708738
18263 0.009708738
20696 0.009708738
19034 0.009708738
19805 0.009708738
1507 0.009708738
20579 0.019417476
6116 0.009708738
20453 0.009708738
13672 0.009708738
11883 0.009708738
18414 0.009708738
19183 0.009708738
8433 0.009708738
8177 0.009708738
10993 0.009708738
16371 0.009708738
3956 0.009708738
21367 0.009708738
1399 0.029126214
6266 0.009708738
20223 0.009708738
