13952 0.011627907
640 0.011627907
2690 0.011627907
11141 0.011627907
8837 0.023255814
20231 0.046511628
9101 0.011627907
15629 0.011627907
10896 0.011627907
8208 0.011627907
13844 0.023255814
20501 0.011627907
8343 0.011627907
14363 0.011627907
11932 0.023255814
15903 0.011627907
9250 0.011627907
12710 0.023255814
4007 0.046511628
3240 0.011627907
13613 0.011627907
11825 0.011627907
14778 0.011627907
14650 0.011627907
13883 0.011627907
4160 0.011627907
8259 0.011627907
10821 0.011627907
18758 0.011627907
8263 0.011627907
20167 0.023255814
13260 0.011627907
20942 0.011627907
18768 0.011627907
9041 0.011627907
3922 0.011627907
6104 0.24418604
13405 0.023255814
21346 0.011627907
10083 0.011627907
20579 0.011627907
5861 0.011627907
1254 0.011627907
13927 0.023255814
6389 0.011627907
1399 0.034883723
18298 0.011627907
3323 0.011627907
8573 0.011627907
6143 0.023255814
