256 0.0055555557
5892 0.0055555557
9988 0.0055555557
1540 0.0055555557
20493 0.0055555557
4371 0.0055555557
7193 0.0055555557
14365 0.0055555557
6688 0.0055555557
12321 0.0055555557
8743 0.0055555557
4903 0.0055555557
13097 0.011111111
4649 0.011111111
7211 0.0055555557
17196 0.0055555557
7724 0.0055555557
13613 0.0055555557
4654 0.0055555557
2098 0.0055555557
15154 0.0055555557
22067 0.011111111
20020 0.011111111
6201 0.0055555557
14650 0.0055555557
59 0.011111111
17724 0.0055555557
3645 0.0055555557
21822 0.0055555557
21826 0.0055555557
6722 0.0055555557
1858 0.0055555557
14402 0.011111111
5698 0.022222223
21827 0.0055555557
8259 0.03888889
7748 0.016666668
10821 0.022222223
12871 0.0055555557
8263 0.0055555557
15178 0.0055555557
11598 0.0055555557
21584 0.0055555557
9041 0.011111111
21076 0.0055555557
21588 0.0055555557
15703 0.0055555557
17751 0.011111111
18263 0.044444446
1370 0.0055555557
15196 0.0055555557
14173 0.0055555557
9310 0.0055555557
21346 0.0055555557
15971 0.0055555557
14953 0.0055555557
11370 0.0055555557
17262 0.011111111
21872 0.0055555557
884 0.0055555557
22134 0.0055555557
1399 0.022222223
8826 0.016666668
19579 0.0055555557
10114 0.0055555557
1922 0.011111111
8837 0.0055555557
14727 0.0055555557
9352 0.0055555557
3464 0.0055555557
2188 0.0055555557
20622 0.0055555557
10897 0.0055555557
3735 0.0055555557
8855 0.0055555557
8343 0.011111111
5788 0.0055555557
11932 0.027777778
11423 0.0055555557
3745 0.011111111
18342 0.011111111
2731 0.011111111
1966 0.0055555557
4270 0.0055555557
17327 0.0055555557
9139 0.011111111
8630 0.0055555557
13503 0.0055555557
18623 0.0055555557
10691 0.0055555557
21445 0.0055555557
16582 0.0055555557
1482 0.0055555557
18378 0.016666668
6091 0.0055555557
17100 0.0055555557
13260 0.055555556
20434 0.0055555557
20437 0.0055555557
11734 0.011111111
20696 0.016666668
3288 0.016666668
20956 0.011111111
11746 0.0055555557
16356 0.0055555557
6116 0.0055555557
20712 0.0055555557
20456 0.011111111
1006 0.011111111
8433 0.0055555557
20723 0.0055555557
12789 0.0055555557
2041 0.011111111
8699 0.0055555557
15359 0.0055555557
