6658 0.00990099
19588 0.00990099
10372 0.00990099
21765 0.02970297
14854 0.00990099
16390 0.01980198
17415 0.00990099
19207 0.00990099
13833 0.00990099
9737 0.01980198
14218 0.01980198
15629 0.00990099
11150 0.00990099
2958 0.00990099
10897 0.00990099
19218 0.00990099
20502 0.00990099
8854 0.00990099
9750 0.02970297
1563 0.00990099
19229 0.00990099
3742 0.00990099
5919 0.01980198
7712 0.00990099
15265 0.00990099
2338 0.00990099
16418 0.00990099
163 0.07920792
3495 0.00990099
21800 0.00990099
13485 0.00990099
21422 0.00990099
8623 0.01980198
7600 0.00990099
13364 0.00990099
21301 0.00990099
21813 0.00990099
2742 0.00990099
15929 0.01980198
12602 0.00990099
15034 0.00990099
2749 0.02970297
15038 0.00990099
11966 0.00990099
15040 0.00990099
1729 0.00990099
580 0.01980198
69 0.00990099
4934 0.00990099
20044 0.00990099
4431 0.01980198
10577 0.00990099
17617 0.01980198
12499 0.00990099
855 0.00990099
5208 0.00990099
3544 0.01980198
20569 0.00990099
5594 0.01980198
9436 0.00990099
15201 0.00990099
10209 0.00990099
16998 0.00990099
16615 0.00990099
9452 0.00990099
17645 0.00990099
18293 0.00990099
7541 0.01980198
9337 0.01980198
14202 0.00990099
1274 0.00990099
4349 0.00990099
15870 0.00990099
10110 0.01980198
