2049 0.026595745
8194 0.005319149
1410 0.010638298
15110 0.015957447
21254 0.015957447
21639 0.005319149
18183 0.015957447
12937 0.005319149
2442 0.005319149
14730 0.010638298
5387 0.03723404
2061 0.005319149
9230 0.005319149
13454 0.005319149
13327 0.015957447
10897 0.015957447
1812 0.005319149
18582 0.005319149
150 0.005319149
16278 0.010638298
15768 0.015957447
8474 0.026595745
15771 0.005319149
11932 0.005319149
12446 0.005319149
414 0.010638298
287 0.010638298
16799 0.04255319
10272 0.005319149
13857 0.005319149
8355 0.005319149
7588 0.005319149
38 0.005319149
12710 0.010638298
4903 0.015957447
13610 0.015957447
9899 0.005319149
18731 0.015957447
15405 0.005319149
13870 0.005319149
22064 0.021276595
14769 0.005319149
14515 0.005319149
1716 0.005319149
3383 0.005319149
21817 0.026595745
18877 0.015957447
8254 0.026595745
6463 0.021276595
19008 0.005319149
1858 0.005319149
8259 0.005319149
9413 0.010638298
3781 0.010638298
9157 0.010638298
1991 0.026595745
7752 0.005319149
1224 0.010638298
17481 0.005319149
1226 0.010638298
1227 0.015957447
16717 0.005319149
14798 0.010638298
465 0.021276595
14676 0.005319149
18263 0.010638298
9048 0.005319149
9176 0.015957447
11611 0.010638298
13532 0.005319149
6237 0.005319149
6623 0.015957447
1376 0.005319149
20192 0.005319149
16736 0.005319149
2915 0.005319149
6116 0.005319149
20325 0.005319149
5861 0.005319149
15590 0.005319149
6888 0.005319149
14441 0.005319149
2927 0.021276595
12016 0.015957447
13041 0.005319149
2674 0.010638298
19060 0.005319149
5109 0.010638298
20982 0.005319149
9975 0.005319149
7032 0.005319149
20218 0.005319149
18428 0.005319149
10111 0.015957447
8703 0.015957447
