6660 0.005988024
11141 0.005988024
646 0.005988024
17415 0.005988024
4874 0.005988024
5006 0.005988024
910 0.005988024
11151 0.035928145
15120 0.005988024
22288 0.005988024
10897 0.017964073
1937 0.023952097
6162 0.005988024
4371 0.005988024
22294 0.011976048
3990 0.017964073
8343 0.005988024
9880 0.005988024
3867 0.005988024
14620 0.005988024
10780 0.005988024
11932 0.011976048
15903 0.011976048
16032 0.005988024
8097 0.017964073
2721 0.035928145
11298 0.011976048
7331 0.005988024
6435 0.011976048
9509 0.005988024
38 0.005988024
6444 0.005988024
13870 0.005988024
19886 0.011976048
3895 0.005988024
311 0.005988024
4024 0.011976048
4025 0.005988024
6201 0.005988024
12601 0.017964073
11706 0.011976048
21178 0.011976048
14650 0.017964073
8254 0.005988024
21696 0.005988024
4161 0.005988024
5825 0.011976048
14402 0.005988024
17858 0.005988024
18243 0.005988024
15429 0.005988024
10821 0.023952097
10310 0.017964073
8263 0.005988024
1737 0.005988024
4169 0.017964073
9931 0.005988024
6988 0.005988024
10072 0.011976048
15196 0.005988024
5212 0.029940119
9951 0.005988024
6623 0.005988024
8672 0.005988024
20192 0.005988024
22112 0.017964073
12001 0.005988024
13155 0.005988024
6116 0.005988024
8422 0.023952097
2791 0.005988024
7914 0.005988024
10476 0.005988024
16495 0.005988024
12016 0.005988024
7024 0.005988024
14704 0.005988024
2674 0.08982036
11635 0.011976048
19188 0.005988024
12020 0.005988024
21236 0.005988024
15348 0.005988024
4596 0.029940119
2293 0.005988024
20085 0.011976048
21752 0.005988024
22009 0.005988024
11644 0.005988024
22268 0.005988024
13566 0.005988024
15486 0.029940119
6143 0.005988024
