8259 0.02173913
6215 0.02173913
4874 0.02173913
6286 0.02173913
14672 0.02173913
1488 0.02173913
10897 0.08695652
9362 0.02173913
11922 0.02173913
3922 0.02173913
14226 0.02173913
1235 0.02173913
19733 0.02173913
18263 0.02173913
8343 0.04347826
20696 0.04347826
13721 0.02173913
7645 0.02173913
8422 0.02173913
1192 0.02173913
22249 0.02173913
7082 0.06521739
7211 0.02173913
1324 0.02173913
13613 0.02173913
14638 0.02173913
12206 0.02173913
1006 0.06521739
6639 0.02173913
5488 0.02173913
19250 0.02173913
18677 0.02173913
9591 0.02173913
1399 0.04347826
6009 0.02173913
6143 0.02173913
