512 0.021276595
5892 0.021276595
17029 0.08510638
21510 0.010638298
22154 0.010638298
10763 0.021276595
14860 0.021276595
3982 0.010638298
8592 0.010638298
6032 0.010638298
9361 0.010638298
10897 0.010638298
16789 0.010638298
21909 0.010638298
153 0.021276595
11932 0.05319149
4384 0.010638298
3745 0.010638298
2721 0.010638298
3105 0.010638298
11685 0.010638298
38 0.010638298
6444 0.010638298
20402 0.010638298
311 0.010638298
8259 0.021276595
17476 0.010638298
10821 0.021276595
8263 0.010638298
6215 0.010638298
12871 0.021276595
19913 0.010638298
13260 0.07446808
20941 0.010638298
19917 0.010638298
10065 0.010638298
14550 0.010638298
22102 0.021276595
21464 0.010638298
3288 0.010638298
6623 0.010638298
9951 0.010638298
18528 0.021276595
10083 0.010638298
13155 0.010638298
3044 0.010638298
5990 0.010638298
8422 0.010638298
2662 0.021276595
16871 0.010638298
7914 0.010638298
7916 0.021276595
19183 0.010638298
13041 0.010638298
12020 0.010638298
884 0.010638298
2293 0.010638298
21621 0.04255319
17015 0.010638298
7160 0.010638298
17661 0.010638298
4477 0.010638298
