8194 0.0044444446
7938 0.0044444446
9478 0.0044444446
14855 0.0044444446
17928 0.0044444446
3850 0.0044444446
4874 0.013333334
10763 0.0044444446
16396 0.0044444446
15374 0.0044444446
10767 0.013333334
13590 0.0044444446
22294 0.008888889
22296 0.008888889
10780 0.0044444446
14365 0.0044444446
17949 0.013333334
15903 0.0044444446
18208 0.0044444446
3105 0.0044444446
12321 0.008888889
6435 0.0044444446
16676 0.0044444446
38 0.008888889
4903 0.013333334
6952 0.035555556
7211 0.0044444446
6444 0.0044444446
2864 0.031111112
21813 0.0044444446
19769 0.0044444446
6201 0.0044444446
13883 0.0044444446
12603 0.0044444446
8254 0.0044444446
19268 0.0044444446
10821 0.022222223
6215 0.0044444446
13904 0.0044444446
14930 0.0044444446
14420 0.0044444446
2390 0.035555556
15703 0.008888889
7007 0.0044444446
13152 0.0044444446
14691 0.0044444446
17252 0.008888889
6758 0.0044444446
6509 0.035555556
17262 0.0044444446
4466 0.0044444446
2674 0.053333335
11635 0.0044444446
4471 0.031111112
1413 0.0044444446
18566 0.0044444446
19847 0.0044444446
9352 0.0044444446
3982 0.008888889
11151 0.017777778
10897 0.013333334
2197 0.008888889
13461 0.017777778
16279 0.022222223
153 0.0044444446
2459 0.0044444446
19356 0.008888889
11934 0.008888889
11427 0.0044444446
7331 0.0044444446
15011 0.008888889
17318 0.0044444446
21158 0.0044444446
9383 0.013333334
10154 0.0044444446
9387 0.0044444446
2731 0.0044444446
20396 0.0044444446
14515 0.008888889
16564 0.075555556
4025 0.008888889
5050 0.013333334
15554 0.008888889
9412 0.0044444446
1732 0.008888889
20934 0.0044444446
19917 0.022222223
1488 0.0044444446
11987 0.0044444446
15828 0.0044444446
10200 0.0044444446
6881 0.0044444446
16869 0.0044444446
7144 0.0044444446
17896 0.0044444446
18153 0.0044444446
7914 0.0044444446
16621 0.0044444446
1006 0.008888889
18677 0.0044444446
9975 0.053333335
22268 0.0044444446
16892 0.0044444446
5631 0.0044444446
6143 0.008888889
