16000 0.016949153
1410 0.008474576
11141 0.008474576
9352 0.008474576
5900 0.008474576
11151 0.008474576
17167 0.008474576
10767 0.025423728
6032 0.008474576
8208 0.008474576
10896 0.008474576
10897 0.016949153
4371 0.025423728
7317 0.025423728
8343 0.008474576
3354 0.008474576
13210 0.008474576
5788 0.033898305
13983 0.008474576
2721 0.008474576
9250 0.008474576
19620 0.008474576
11049 0.016949153
7082 0.06779661
22064 0.008474576
10417 0.008474576
4658 0.008474576
818 0.016949153
18615 0.008474576
6714 0.008474576
14650 0.042372882
14525 0.008474576
4669 0.008474576
22206 0.008474576
5825 0.016949153
963 0.008474576
18243 0.008474576
18756 0.008474576
16582 0.008474576
18246 0.033898305
7751 0.008474576
13255 0.008474576
12746 0.008474576
10442 0.008474576
19020 0.008474576
6477 0.033898305
11598 0.008474576
11215 0.008474576
3538 0.008474576
17751 0.008474576
21464 0.008474576
15193 0.008474576
13532 0.033898305
6237 0.016949153
15966 0.008474576
5859 0.008474576
20579 0.016949153
6116 0.008474576
16356 0.008474576
3044 0.008474576
5861 0.008474576
3430 0.008474576
6886 0.016949153
4456 0.008474576
13672 0.025423728
13929 0.008474576
20203 0.008474576
1006 0.016949153
6255 0.008474576
8175 0.008474576
884 0.008474576
2293 0.008474576
21621 0.008474576
1399 0.008474576
2041 0.008474576
12413 0.008474576
17661 0.008474576
3327 0.008474576
