22277 0.008333334
20360 0.025
14222 0.008333334
10254 0.008333334
20750 0.008333334
7950 0.025
8592 0.008333334
10897 0.06666667
8851 0.008333334
4371 0.025
5396 0.008333334
917 0.008333334
22294 0.008333334
8343 0.008333334
409 0.008333334
153 0.025
11932 0.008333334
15902 0.008333334
12830 0.008333334
18975 0.008333334
13855 0.008333334
14753 0.008333334
9250 0.008333334
21797 0.008333334
13349 0.008333334
38 0.008333334
20648 0.008333334
5033 0.008333334
18731 0.008333334
11443 0.008333334
8630 0.016666668
8887 0.008333334
311 0.008333334
15287 0.016666668
4024 0.008333334
20281 0.025
2874 0.008333334
12091 0.016666668
4669 0.008333334
11837 0.008333334
18623 0.008333334
4930 0.008333334
10691 0.016666668
8259 0.033333335
12357 0.008333334
6215 0.008333334
12871 0.008333334
1354 0.008333334
10442 0.008333334
13260 0.008333334
14798 0.008333334
3922 0.016666668
7124 0.016666668
18263 0.016666668
6359 0.033333335
20696 0.041666668
2525 0.008333334
3805 0.008333334
7135 0.008333334
5088 0.008333334
15200 0.008333334
18657 0.008333334
6116 0.008333334
16356 0.008333334
6886 0.008333334
2791 0.008333334
2792 0.008333334
6888 0.008333334
7022 0.008333334
11504 0.008333334
13556 0.008333334
21621 0.008333334
2293 0.008333334
1399 0.008333334
18681 0.008333334
6266 0.008333334
3579 0.008333334
3323 0.008333334
1276 0.008333334
21501 0.008333334
6525 0.008333334
14333 0.025
13566 0.008333334
16895 0.008333334
