3969 0.0053475937
7938 0.01604278
16003 0.010695187
17156 0.0053475937
12037 0.010695187
19847 0.010695187
5512 0.0053475937
3596 0.0053475937
5646 0.021390375
6032 0.0053475937
10897 0.0053475937
4371 0.0053475937
3860 0.0053475937
20501 0.0053475937
26 0.0053475937
13722 0.010695187
8218 0.026737968
13343 0.0053475937
13983 0.0053475937
15903 0.0053475937
38 0.010695187
21415 0.0053475937
5671 0.021390375
15528 0.0053475937
11049 0.0053475937
15017 0.0053475937
7211 0.010695187
10284 0.010695187
2864 0.0053475937
8752 0.0053475937
22064 0.01604278
14514 0.0053475937
14515 0.0053475937
22067 0.010695187
18360 0.0053475937
4665 0.0053475937
6459 0.0053475937
10813 0.0053475937
10302 0.01604278
6336 0.0053475937
5825 0.0053475937
3522 0.0053475937
14402 0.021390375
11971 0.0053475937
10821 0.01604278
16582 0.0053475937
11590 0.01604278
10570 0.010695187
3530 0.01604278
16717 0.0053475937
6222 0.010695187
6862 0.010695187
19407 0.0053475937
19535 0.010695187
1488 0.0053475937
4947 0.13368984
7510 0.010695187
2390 0.037433155
18904 0.0053475937
13532 0.0053475937
2140 0.010695187
9951 0.0053475937
1635 0.0053475937
6243 0.0053475937
13155 0.01604278
7140 0.010695187
2404 0.01604278
5861 0.0053475937
6758 0.01604278
20841 0.0053475937
8297 0.010695187
7914 0.0053475937
1006 0.0053475937
16496 0.0053475937
14704 0.010695187
11635 0.0053475937
21621 0.026737968
10101 0.037433155
16375 0.0053475937
9975 0.0053475937
3191 0.0053475937
7032 0.037433155
12413 0.0053475937
19710 0.010695187
3199 0.010695187
6143 0.01604278
19199 0.01604278
