15360 0.0064935065
3969 0.0064935065
7938 0.019480519
15362 0.025974026
16003 0.0064935065
17156 0.0064935065
18566 0.0064935065
15626 0.0064935065
10763 0.0064935065
779 0.0064935065
16396 0.019480519
3596 0.032467533
10897 0.012987013
1682 0.012987013
22294 0.0064935065
153 0.0064935065
11932 0.0064935065
20766 0.019480519
10016 0.0064935065
18208 0.012987013
6562 0.012987013
11298 0.012987013
8739 0.0064935065
163 0.012987013
3491 0.019480519
12710 0.0064935065
17318 0.012987013
38 0.025974026
4903 0.0064935065
19368 0.0064935065
11049 0.0064935065
6444 0.0064935065
10284 0.019480519
13997 0.0064935065
6190 0.0064935065
8752 0.0064935065
2864 0.012987013
14515 0.0064935065
17587 0.0064935065
21813 0.0064935065
4789 0.0064935065
8630 0.0064935065
14011 0.0064935065
7486 0.0064935065
8254 0.0064935065
5825 0.025974026
14402 0.0064935065
15554 0.012987013
3268 0.0064935065
17604 0.025974026
10821 0.0064935065
3400 0.0064935065
19658 0.0064935065
14027 0.019480519
19917 0.0064935065
10321 0.0064935065
9041 0.012987013
2390 0.032467533
18263 0.0064935065
4825 0.0064935065
3419 0.0064935065
17883 0.0064935065
10331 0.012987013
13532 0.0064935065
9565 0.025974026
9951 0.0064935065
16993 0.0064935065
9441 0.0064935065
6243 0.0064935065
20579 0.0064935065
6116 0.0064935065
5990 0.0064935065
6758 0.012987013
14311 0.0064935065
20074 0.0064935065
874 0.0064935065
4714 0.038961038
21483 0.0064935065
7659 0.0064935065
747 0.025974026
17262 0.0064935065
16496 0.0064935065
14833 0.0064935065
9076 0.012987013
21621 0.012987013
17654 0.0064935065
9975 0.0064935065
2167 0.0064935065
4477 0.0064935065
19199 0.0064935065
6143 0.012987013
3839 0.032467533
