22147 0.0058479533
17156 0.0058479533
5892 0.0058479533
17029 0.0058479533
11525 0.0116959065
11141 0.023391813
6153 0.040935673
4874 0.0058479533
10763 0.0058479533
16653 0.0058479533
20750 0.0058479533
10767 0.01754386
6032 0.03508772
15377 0.0058479533
10897 0.0116959065
8468 0.023391813
153 0.0058479533
5788 0.0058479533
14620 0.0058479533
10140 0.0058479533
8097 0.0058479533
2721 0.0058479533
11298 0.0058479533
9250 0.0116959065
15011 0.0058479533
21541 0.0058479533
38 0.0058479533
1580 0.0058479533
6828 0.0116959065
14514 0.0058479533
20404 0.0058479533
21813 0.0058479533
8630 0.0058479533
54 0.0058479533
14903 0.0058479533
311 0.023391813
1081 0.0058479533
16441 0.0058479533
4025 0.0058479533
14650 0.0116959065
12987 0.0058479533
3389 0.0058479533
8254 0.0058479533
1854 0.0116959065
16064 0.0116959065
5825 0.01754386
21570 0.0058479533
8259 0.0058479533
2372 0.0058479533
16582 0.0116959065
3530 0.0058479533
14027 0.0058479533
10059 0.0058479533
19917 0.0116959065
462 0.0058479533
11215 0.03508772
3922 0.0116959065
9813 0.023391813
2390 0.01754386
20696 0.023391813
21465 0.0058479533
20571 0.0116959065
15196 0.0058479533
15966 0.0058479533
6239 0.0058479533
7135 0.0116959065
2784 0.0058479533
9441 0.0058479533
21346 0.0058479533
2915 0.0058479533
13155 0.0116959065
6116 0.0058479533
2662 0.0116959065
8422 0.01754386
7914 0.0058479533
11883 0.14619882
17004 0.0058479533
10605 0.0058479533
1006 0.023391813
11121 0.0058479533
4467 0.0058479533
20723 0.0058479533
5623 0.0058479533
1399 0.0058479533
7160 0.0058479533
18681 0.0058479533
6525 0.0058479533
6143 0.023391813
