11266 0.003012048
10758 0.006024096
9224 0.003012048
22024 0.018072288
8202 0.003012048
11276 0.003012048
13838 0.015060241
15887 0.006024096
6674 0.003012048
3091 0.003012048
10262 0.003012048
5148 0.003012048
10273 0.003012048
5668 0.003012048
11812 0.003012048
36 0.003012048
14373 0.024096385
13354 0.003012048
555 0.003012048
19503 0.003012048
11323 0.006024096
1601 0.003012048
8263 0.03313253
3657 0.003012048
11853 0.003012048
21582 0.006024096
6222 0.006024096
22095 0.003012048
21588 0.003012048
9813 0.003012048
10325 0.009036144
21591 0.003012048
9817 0.003012048
21083 0.003012048
10332 0.003012048
19036 0.006024096
16990 0.003012048
19555 0.003012048
102 0.003012048
10349 0.003012048
1648 0.003012048
4723 0.003012048
11893 0.003012048
20094 0.006024096
9858 0.003012048
19587 0.006024096
12425 0.006024096
20619 0.003012048
6285 0.015060241
10897 0.015060241
19091 0.003012048
7316 0.003012048
4247 0.003012048
19609 0.003012048
19097 0.003012048
1180 0.003012048
3228 0.003012048
9885 0.003012048
3231 0.003012048
3746 0.003012048
18595 0.003012048
5283 0.003012048
7339 0.003012048
13486 0.006024096
15535 0.003012048
4271 0.006024096
7344 0.003012048
16560 0.003012048
20147 0.003012048
18099 0.018072288
18102 0.018072288
22203 0.006024096
1724 0.003012048
700 0.006024096
11453 0.015060241
2753 0.003012048
8897 0.006024096
21186 0.003012048
16070 0.003012048
1224 0.012048192
11978 0.003012048
10955 0.006024096
2771 0.003012048
9939 0.003012048
16596 0.003012048
18132 0.003012048
2261 0.003012048
12507 0.012048192
3297 0.003012048
15588 0.003012048
5352 0.003012048
22248 0.006024096
12521 0.003012048
21230 0.030120483
12534 0.003012048
9465 0.003012048
20736 0.003012048
1792 0.015060241
18176 0.015060241
4353 0.003012048
19720 0.003012048
14088 0.003012048
16648 0.003012048
11019 0.003012048
13075 0.003012048
17691 0.003012048
17692 0.003012048
20253 0.009036144
12063 0.006024096
19239 0.003012048
12074 0.003012048
11051 0.003012048
14635 0.003012048
1326 0.003012048
13618 0.003012048
21316 0.003012048
6468 0.003012048
20804 0.015060241
15685 0.003012048
11593 0.003012048
8525 0.006024096
18263 0.003012048
348 0.003012048
4956 0.021084337
16734 0.003012048
14686 0.003012048
2911 0.003012048
19812 0.003012048
9064 0.003012048
12140 0.003012048
1390 0.003012048
8047 0.003012048
11631 0.003012048
3954 0.003012048
3443 0.003012048
11635 0.006024096
5492 0.006024096
21878 0.003012048
10616 0.003012048
8573 0.003012048
1919 0.003012048
19840 0.006024096
20354 0.003012048
13700 0.003012048
389 0.003012048
13702 0.003012048
3981 0.003012048
5005 0.003012048
14735 0.003012048
4496 0.003012048
11665 0.003012048
4497 0.003012048
19861 0.003012048
11671 0.006024096
15258 0.003012048
14234 0.012048192
10139 0.006024096
10142 0.003012048
5535 0.003012048
8096 0.003012048
20387 0.003012048
11171 0.024096385
15269 0.003012048
19365 0.006024096
14255 0.003012048
5555 0.003012048
15286 0.003012048
7609 0.003012048
13754 0.003012048
2495 0.003012048
3521 0.003012048
5575 0.006024096
10184 0.003012048
12232 0.006024096
3530 0.012048192
6603 0.003012048
14284 0.003012048
20433 0.003012048
8659 0.003012048
4053 0.003012048
3029 0.003012048
2006 0.012048192
13783 0.003012048
1497 0.003012048
12251 0.003012048
18921 0.003012048
19437 0.003012048
5613 0.003012048
20976 0.003012048
6640 0.006024096
7665 0.003012048
10740 0.003012048
3575 0.003012048
7671 0.003012048
1529 0.003012048
3066 0.003012048
14845 0.006024096
16382 0.006024096
14846 0.009036144
20479 0.003012048
