15362 0.0048076925
7938 0.0048076925
1411 0.01923077
20867 0.024038462
16003 0.033653848
10119 0.024038462
3464 0.0048076925
17544 0.07692308
2698 0.0048076925
12554 0.03846154
9100 0.0048076925
13709 0.0048076925
10767 0.0048076925
8591 0.01923077
10897 0.028846154
19603 0.0048076925
4371 0.0048076925
15509 0.0048076925
22294 0.0048076925
150 0.0048076925
10518 0.086538464
13210 0.0048076925
17949 0.0048076925
413 0.0048076925
13855 0.014423077
13343 0.024038462
2721 0.0048076925
4006 0.0048076925
1830 0.0048076925
6952 0.009615385
11690 0.0048076925
4394 0.0048076925
6444 0.0048076925
19886 0.0048076925
13870 0.009615385
431 0.009615385
2864 0.0048076925
21297 0.0048076925
9393 0.0048076925
14514 0.0048076925
11827 0.0048076925
16564 0.0048076925
9015 0.009615385
311 0.009615385
17336 0.0048076925
4025 0.0048076925
8890 0.0048076925
14394 0.009615385
4923 0.014423077
6459 0.048076924
19646 0.0048076925
7486 0.01923077
8001 0.0048076925
12481 0.0048076925
5825 0.024038462
14402 0.0048076925
21828 0.028846154
10821 0.0048076925
16582 0.0048076925
11081 0.0048076925
9036 0.0048076925
1488 0.0048076925
20434 0.0048076925
2390 0.0048076925
8278 0.0048076925
3288 0.0048076925
15067 0.0048076925
14300 0.0048076925
2269 0.0048076925
6623 0.0048076925
6240 0.0048076925
16736 0.0048076925
6368 0.009615385
13152 0.009615385
13664 0.009615385
9441 0.009615385
10083 0.0048076925
13155 0.009615385
3044 0.0048076925
484 0.0048076925
6116 0.009615385
6886 0.009615385
13159 0.0048076925
7914 0.0048076925
1006 0.0048076925
19183 0.0048076925
11121 0.0048076925
21621 0.028846154
12022 0.009615385
16886 0.009615385
9975 0.0048076925
13176 0.009615385
21502 0.009615385
