2176 0.0055555557
8193 0.0055555557
3842 0.0055555557
2690 0.0055555557
18054 0.027777778
14855 0.011111111
19592 0.0055555557
10248 0.0055555557
9867 0.0055555557
19724 0.0055555557
5900 0.0055555557
6415 0.0055555557
10767 0.022222223
4115 0.0055555557
150 0.0055555557
22294 0.0055555557
7830 0.0055555557
8984 0.0055555557
11932 0.016666668
12321 0.0055555557
8097 0.033333335
11298 0.0055555557
9892 0.0055555557
21541 0.0055555557
12710 0.022222223
11049 0.011111111
15279 0.016666668
14514 0.022222223
14515 0.08888889
22196 0.011111111
16821 0.011111111
19126 0.0055555557
17846 0.022222223
311 0.0055555557
14650 0.011111111
21696 0.0055555557
1473 0.0055555557
14402 0.016666668
195 0.011111111
17614 0.0055555557
9813 0.0055555557
9685 0.0055555557
2390 0.016666668
16599 0.0055555557
3288 0.016666668
21465 0.011111111
7642 0.0055555557
15196 0.011111111
6237 0.011111111
9951 0.011111111
6623 0.022222223
10083 0.011111111
6116 0.0055555557
3044 0.011111111
2917 0.0055555557
8422 0.0055555557
16871 0.0055555557
5608 0.011111111
874 0.0055555557
7914 0.0055555557
16621 0.0055555557
1006 0.0055555557
14704 0.05
2674 0.0055555557
11635 0.05
9460 0.011111111
884 0.0055555557
14069 0.0055555557
21109 0.0055555557
21621 0.011111111
14837 0.07777778
5623 0.0055555557
16375 0.011111111
9975 0.027777778
15608 0.0055555557
2043 0.0055555557
14587 0.011111111
11644 0.0055555557
13566 0.0055555557
6143 0.011111111
