2690 0.0062111802
16772 0.024844721
17029 0.0062111802
16390 0.0062111802
519 0.0124223605
6153 0.0062111802
3339 0.0062111802
10763 0.0062111802
9100 0.0062111802
3982 0.031055901
17039 0.0062111802
15120 0.0062111802
6032 0.0062111802
9875 0.0062111802
9497 0.0062111802
8474 0.0062111802
14365 0.0062111802
3745 0.0062111802
3105 0.0062111802
2721 0.099378884
18340 0.0124223605
550 0.0124223605
8743 0.0062111802
4903 0.0062111802
13097 0.0062111802
7211 0.0062111802
2731 0.0062111802
17327 0.0062111802
8111 0.0062111802
19249 0.0124223605
16818 0.0062111802
21558 0.0062111802
1720 0.0062111802
14650 0.0124223605
4541 0.0062111802
4669 0.0062111802
15934 0.0062111802
20287 0.0062111802
5698 0.0062111802
3522 0.0062111802
8259 0.0062111802
10821 0.0124223605
18246 0.0062111802
18758 0.0062111802
8263 0.0062111802
6599 0.0062111802
14795 0.0062111802
13260 0.099378884
3405 0.0062111802
19408 0.0124223605
9041 0.0124223605
20818 0.0062111802
19414 0.0062111802
5080 0.0062111802
2393 0.0124223605
21465 0.024844721
14682 0.055900622
479 0.0062111802
7007 0.0062111802
18528 0.0062111802
20065 0.0062111802
17633 0.0062111802
17378 0.0062111802
13410 0.0124223605
6116 0.0062111802
2791 0.0062111802
14185 0.0062111802
13545 0.0062111802
7914 0.04347826
11883 0.0062111802
18155 0.0124223605
8300 0.0062111802
1006 0.01863354
11759 0.0062111802
13041 0.0124223605
12530 0.0062111802
11635 0.01863354
17653 0.024844721
19062 0.0124223605
1399 0.0124223605
2041 0.0062111802
3323 0.0062111802
10236 0.0062111802
17661 0.0062111802
6143 0.0062111802
18431 0.0062111802
