8194 0.008
17415 0.008
14855 0.032
4617 0.008
6666 0.008
17167 0.008
4371 0.008
13844 0.008
2837 0.008
22294 0.008
14620 0.008
8477 0.008
14365 0.008
9250 0.008
12325 0.008
2854 0.008
7211 0.008
1324 0.008
13613 0.016
5682 0.008
20532 0.008
14650 0.008
13883 0.008
7233 0.008
14402 0.008
8259 0.008
4166 0.008
8263 0.008
4169 0.008
3148 0.008
16717 0.008
15952 0.008
19025 0.008
9046 0.008
2390 0.008
7513 0.008
1370 0.008
20579 0.008
21860 0.016
2662 0.008
14442 0.008
8556 0.024
2674 0.008
1907 0.008
11635 0.016
884 0.016
21621 0.008
10101 0.008
5237 0.008
4471 0.008
4477 0.008
3455 0.008
18054 0.04
9101 0.008
17553 0.008
10897 0.024
7314 0.008
20883 0.008
12180 0.008
4758 0.008
10651 0.008
5788 0.016
11932 0.024
9630 0.008
16032 0.008
8097 0.008
11682 0.008
17318 0.008
7082 0.008
9387 0.008
8368 0.008
8371 0.008
14520 0.008
17336 0.032
9147 0.008
12734 0.008
192 0.008
18882 0.008
11718 0.008
13255 0.008
13003 0.008
20942 0.008
20438 0.008
21464 0.008
5083 0.008
14556 0.008
6623 0.016
3044 0.008
16871 0.008
22255 0.024
12016 0.008
13041 0.016
18677 0.008
2293 0.016
14838 0.016
16892 0.008
17661 0.008
3327 0.008
