13952 0.0088495575
16000 0.0088495575
16129 0.0088495575
21123 0.0088495575
5892 0.017699115
11141 0.0088495575
4229 0.0088495575
9352 0.0088495575
9100 0.0088495575
5900 0.03539823
15374 0.0088495575
4750 0.0088495575
10767 0.0088495575
9616 0.0088495575
13841 0.0088495575
17553 0.0088495575
10897 0.0088495575
22035 0.0088495575
8852 0.0088495575
8343 0.017699115
2459 0.0088495575
11932 0.0088495575
19613 0.0088495575
11295 0.0088495575
13855 0.0088495575
6688 0.0088495575
3105 0.0088495575
2721 0.0088495575
3745 0.0088495575
11298 0.0088495575
11049 0.026548672
7082 0.07079646
7211 0.0088495575
1324 0.0088495575
9260 0.0088495575
20780 0.07079646
1455 0.0088495575
22064 0.0088495575
19250 0.0088495575
818 0.0088495575
5428 0.0088495575
20020 0.0088495575
7479 0.0088495575
2231 0.0088495575
19898 0.0088495575
14650 0.017699115
6459 0.0088495575
7485 0.0088495575
22206 0.0088495575
12734 0.0088495575
16064 0.0088495575
4161 0.026548672
14402 0.0088495575
8259 0.017699115
18758 0.017699115
10184 0.017699115
4169 0.017699115
3018 0.0088495575
20813 0.0088495575
9041 0.0088495575
2140 0.0088495575
16992 0.0088495575
13410 0.0088495575
20579 0.0088495575
11363 0.0088495575
100 0.0088495575
17252 0.0088495575
5608 0.0088495575
109 0.0088495575
21613 0.0088495575
12398 0.0088495575
1006 0.026548672
16367 0.0088495575
13041 0.026548672
13426 0.0088495575
2293 0.0088495575
21621 0.0088495575
19062 0.0088495575
2041 0.017699115
3579 0.0088495575
