2307 0.007575758
8068 0.007575758
5892 0.007575758
19461 0.007575758
11141 0.015151516
15240 0.007575758
9100 0.007575758
9230 0.007575758
10767 0.030303031
10897 0.015151516
20115 0.007575758
4371 0.007575758
15895 0.007575758
21785 0.007575758
11932 0.007575758
19356 0.007575758
10780 0.015151516
17949 0.007575758
12830 0.007575758
13855 0.007575758
3745 0.007575758
9250 0.007575758
18726 0.007575758
295 0.015151516
11049 0.022727273
10154 0.007575758
7082 0.015151516
7211 0.007575758
13870 0.007575758
9903 0.007575758
20914 0.007575758
12594 0.007575758
2740 0.015151516
21813 0.015151516
7737 0.007575758
14650 0.007575758
4923 0.007575758
22206 0.007575758
5825 0.022727273
14402 0.007575758
195 0.007575758
15429 0.007575758
21317 0.030303031
12614 0.007575758
1482 0.007575758
716 0.015151516
16719 0.007575758
853 0.007575758
18263 0.007575758
16599 0.007575758
11482 0.007575758
11611 0.007575758
20571 0.007575758
15196 0.015151516
13532 0.03787879
16605 0.007575758
6237 0.007575758
9951 0.007575758
6623 0.060606062
11104 0.007575758
1376 0.015151516
13152 0.022727273
2914 0.007575758
18146 0.007575758
2915 0.007575758
21348 0.007575758
6116 0.015151516
10981 0.03787879
17126 0.007575758
2662 0.030303031
5479 0.007575758
16871 0.045454547
15208 0.015151516
19563 0.007575758
7916 0.015151516
7024 0.007575758
12020 0.007575758
21236 0.007575758
15608 0.007575758
18298 0.007575758
22268 0.007575758
15869 0.007575758
3199 0.015151516
