8194 0.010204081
1410 0.010204081
19718 0.010204081
17415 0.010204081
20360 0.010204081
20883 0.010204081
22294 0.010204081
10651 0.010204081
19356 0.010204081
11932 0.08163265
21661 0.010204081
10270 0.010204081
21278 0.010204081
2721 0.010204081
3745 0.010204081
3105 0.010204081
15528 0.010204081
6952 0.030612245
3756 0.010204081
13613 0.010204081
2098 0.010204081
6962 0.010204081
8371 0.010204081
21044 0.020408163
21559 0.020408163
17340 0.010204081
12734 0.010204081
13503 0.010204081
8259 0.10204082
7748 0.010204081
4550 0.010204081
8263 0.020408163
11598 0.010204081
12495 0.010204081
9042 0.010204081
11221 0.010204081
20437 0.020408163
18263 0.030612245
20696 0.010204081
21465 0.010204081
1754 0.010204081
16736 0.020408163
7265 0.010204081
10083 0.010204081
20579 0.030612245
20580 0.010204081
20453 0.020408163
15975 0.010204081
20712 0.010204081
10350 0.010204081
1006 0.010204081
17263 0.010204081
19695 0.010204081
11504 0.010204081
8177 0.010204081
13041 0.020408163
10227 0.010204081
20979 0.010204081
11635 0.020408163
9716 0.010204081
884 0.010204081
19062 0.010204081
1399 0.05102041
12024 0.010204081
