2176 0.02189781
1410 0.00729927
15876 0.04379562
12037 0.00729927
4874 0.00729927
9100 0.00729927
22029 0.00729927
2061 0.00729927
3982 0.00729927
9999 0.01459854
6032 0.00729927
22288 0.01459854
9361 0.00729927
17553 0.00729927
10897 0.01459854
4371 0.00729927
18964 0.00729927
22294 0.01459854
7830 0.01459854
6294 0.04379562
5787 0.00729927
19356 0.00729927
11932 0.02189781
13855 0.00729927
15903 0.00729927
3489 0.00729927
8097 0.00729927
16161 0.00729927
7208 0.00729927
13480 0.03649635
17705 0.00729927
12458 0.00729927
7211 0.01459854
180 0.04379562
5685 0.13868614
14903 0.00729927
21438 0.00729927
22206 0.01459854
321 0.00729927
10821 0.02919708
2390 0.03649635
8922 0.01459854
2140 0.00729927
15196 0.03649635
17885 0.00729927
16605 0.00729927
6623 0.02189781
1376 0.00729927
2915 0.00729927
6116 0.00729927
13671 0.00729927
8556 0.01459854
5229 0.00729927
5743 0.00729927
1391 0.00729927
19183 0.01459854
3696 0.00729927
7024 0.00729927
14704 0.02919708
2674 0.01459854
11635 0.00729927
2293 0.00729927
14838 0.00729927
14455 0.00729927
16892 0.01459854
19069 0.00729927
13566 0.01459854
