16387 0.012345679
5892 0.012345679
8070 0.012345679
9352 0.012345679
20360 0.012345679
2573 0.012345679
21262 0.012345679
10897 0.049382716
3730 0.012345679
4371 0.012345679
278 0.012345679
22294 0.024691358
8855 0.012345679
13721 0.012345679
13722 0.012345679
16669 0.012345679
413 0.012345679
3745 0.012345679
3105 0.012345679
9250 0.012345679
2981 0.012345679
11174 0.012345679
12710 0.024691358
4903 0.024691358
2602 0.012345679
4273 0.012345679
10546 0.012345679
14514 0.012345679
19250 0.024691358
9141 0.024691358
14650 0.024691358
1858 0.012345679
10691 0.012345679
10821 0.012345679
21445 0.012345679
4550 0.024691358
8263 0.012345679
13260 0.012345679
19917 0.012345679
16717 0.012345679
20813 0.012345679
1997 0.012345679
11598 0.012345679
10321 0.012345679
5585 0.012345679
337 0.012345679
1114 0.012345679
1882 0.012345679
5085 0.012345679
12765 0.012345679
9310 0.012345679
6623 0.012345679
10463 0.012345679
1375 0.012345679
18657 0.012345679
1507 0.024691358
16356 0.012345679
6509 0.012345679
17262 0.012345679
11504 0.012345679
11121 0.012345679
11635 0.012345679
884 0.012345679
21621 0.012345679
19062 0.012345679
3323 0.012345679
16892 0.012345679
1278 0.012345679
8959 0.012345679
6143 0.012345679
