8834 0.009615385
2318 0.028846154
9999 0.009615385
10767 0.009615385
11151 0.03846154
10897 0.057692308
13844 0.009615385
11932 0.07692308
14632 0.009615385
7082 0.009615385
18731 0.009615385
20780 0.009615385
12205 0.009615385
8497 0.009615385
14387 0.009615385
21813 0.009615385
14650 0.009615385
4923 0.009615385
3902 0.009615385
22206 0.01923077
19006 0.01923077
11073 0.009615385
14402 0.009615385
8259 0.009615385
18758 0.009615385
10695 0.009615385
2390 0.01923077
20438 0.03846154
11607 0.009615385
18778 0.01923077
15323 0.009615385
6364 0.009615385
15196 0.009615385
16605 0.009615385
9951 0.009615385
6623 0.057692308
16482 0.03846154
10083 0.009615385
5859 0.009615385
1252 0.009615385
6116 0.01923077
8556 0.009615385
1134 0.009615385
1006 0.01923077
19183 0.009615385
22255 0.009615385
12016 0.009615385
7024 0.009615385
14704 0.028846154
241 0.009615385
8561 0.009615385
11635 0.09615385
18298 0.009615385
16892 0.009615385
22268 0.01923077
7421 0.01923077
3455 0.009615385
