7680 0.014705882
1858 0.014705882
8259 0.014705882
16387 0.029411765
4934 0.014705882
14022 0.014705882
6215 0.029411765
15690 0.014705882
1482 0.029411765
18891 0.014705882
4107 0.014705882
9100 0.029411765
17357 0.014705882
11598 0.014705882
10767 0.014705882
1488 0.014705882
9361 0.014705882
11986 0.014705882
5396 0.04411765
2390 0.029411765
22294 0.0882353
20696 0.029411765
14490 0.014705882
19806 0.014705882
13152 0.014705882
5025 0.014705882
20579 0.014705882
5859 0.014705882
6886 0.014705882
2342 0.014705882
3306 0.014705882
13485 0.014705882
1006 0.014705882
17327 0.014705882
19824 0.014705882
8368 0.0882353
18929 0.014705882
9139 0.014705882
1909 0.014705882
17142 0.014705882
311 0.014705882
1399 0.029411765
3323 0.014705882
3839 0.0882353
