12161 0.00862069
19457 0.00862069
11779 0.00862069
14851 0.00862069
11785 0.00862069
15625 0.00862069
21514 0.00862069
2573 0.01724138
10897 0.00862069
20626 0.00862069
9875 0.01724138
20883 0.01724138
5396 0.00862069
16789 0.00862069
8342 0.00862069
8343 0.00862069
10651 0.00862069
2459 0.01724138
10780 0.00862069
2721 0.00862069
9250 0.02586207
2982 0.00862069
15528 0.00862069
11049 0.01724138
5034 0.00862069
7211 0.00862069
8493 0.00862069
3117 0.00862069
18222 0.00862069
19886 0.00862069
12208 0.00862069
22196 0.00862069
436 0.00862069
21813 0.00862069
14650 0.01724138
6459 0.02586207
9789 0.00862069
4286 0.00862069
6336 0.00862069
13249 0.00862069
10691 0.01724138
8259 0.03448276
12100 0.00862069
18501 0.00862069
2632 0.00862069
16841 0.00862069
20426 0.00862069
20811 0.01724138
13260 0.00862069
19917 0.01724138
8654 0.00862069
8014 0.00862069
12495 0.00862069
10831 0.00862069
4048 0.00862069
1488 0.00862069
13778 0.00862069
3922 0.01724138
17875 0.00862069
21588 0.00862069
15061 0.00862069
11734 0.00862069
20696 0.04310345
7897 0.00862069
21465 0.00862069
11611 0.00862069
13532 0.02586207
20959 0.00862069
1376 0.00862069
13026 0.00862069
10083 0.00862069
15717 0.00862069
14183 0.00862069
2791 0.00862069
7528 0.00862069
17513 0.00862069
15209 0.00862069
14314 0.00862069
11883 0.00862069
1006 0.02586207
21487 0.01724138
884 0.01724138
1399 0.00862069
5753 0.00862069
11643 0.00862069
3323 0.00862069
8444 0.00862069
11902 0.00862069
18046 0.00862069
