5892 0.005882353
13316 0.01764706
11141 0.011764706
14855 0.01764706
15112 0.005882353
3464 0.005882353
6153 0.029411765
10763 0.01764706
5900 0.005882353
16396 0.005882353
17935 0.005882353
18064 0.005882353
10897 0.005882353
17553 0.005882353
18834 0.01764706
20883 0.011764706
13844 0.011764706
4758 0.011764706
535 0.005882353
18975 0.005882353
16032 0.005882353
2721 0.023529412
15266 0.005882353
11682 0.005882353
11049 0.005882353
13097 0.005882353
18731 0.005882353
1837 0.005882353
12206 0.005882353
17327 0.005882353
4783 0.005882353
11825 0.005882353
9139 0.011764706
22196 0.005882353
20660 0.011764706
21813 0.01764706
20151 0.005882353
311 0.005882353
7483 0.005882353
18877 0.011764706
11581 0.011764706
4161 0.005882353
5825 0.011764706
1858 0.005882353
10821 0.005882353
4550 0.005882353
6599 0.005882353
14027 0.005882353
13260 0.005882353
19917 0.005882353
6222 0.005882353
6097 0.011764706
8275 0.005882353
9813 0.005882353
2390 0.005882353
11734 0.023529412
18263 0.005882353
20696 0.005882353
15196 0.064705886
22238 0.005882353
6623 0.005882353
12640 0.01764706
18912 0.0882353
6116 0.011764706
20712 0.01764706
3561 0.023529412
18410 0.023529412
7916 0.01764706
12016 0.005882353
12272 0.005882353
14704 0.01764706
20338 0.005882353
12020 0.011764706
22005 0.005882353
2293 0.005882353
14838 0.03529412
12664 0.005882353
11259 0.07647059
5756 0.005882353
8573 0.005882353
1150 0.011764706
19199 0.005882353
