8194 0.0040816325
2061 0.012244898
10259 0.0040816325
4371 0.008163265
13844 0.012244898
5396 0.040816326
16149 0.0040816325
12055 0.008163265
10782 0.0040816325
12321 0.0040816325
9250 0.008163265
10275 0.008163265
38 0.0040816325
5926 0.008163265
13609 0.0040816325
298 0.0040816325
18731 0.0040816325
7211 0.008163265
13613 0.008163265
4654 0.008163265
4915 0.0040816325
21044 0.0040816325
21813 0.008163265
311 0.008163265
14650 0.008163265
6716 0.0040816325
11837 0.0040816325
2111 0.0040816325
8000 0.0040816325
9025 0.0040816325
579 0.0040816325
8259 0.012244898
10821 0.0040816325
12869 0.0040816325
8262 0.0040816325
4934 0.008163265
14153 0.0040816325
11598 0.0040816325
9041 0.0040816325
11348 0.0040816325
19542 0.0040816325
11350 0.008163265
17751 0.0040816325
18775 0.0040816325
18263 0.008163265
9309 0.0040816325
9310 0.0040816325
1376 0.0040816325
11360 0.008163265
21345 0.0040816325
13410 0.0040816325
6755 0.0040816325
10083 0.012244898
21092 0.0040816325
8297 0.0040816325
3950 0.008163265
13426 0.0040816325
14450 0.0040816325
11635 0.012244898
884 0.020408163
10868 0.028571429
1399 0.008163265
11131 0.0040816325
15233 0.0040816325
14979 0.0040816325
9101 0.0040816325
400 0.0040816325
10896 0.008163265
8851 0.0040816325
20883 0.0040816325
9875 0.012244898
6806 0.0040816325
150 0.008163265
8855 0.0040816325
17559 0.008163265
5016 0.0040816325
153 0.012244898
2459 0.0040816325
5788 0.0040816325
13983 0.0040816325
927 0.0040816325
2721 0.0040816325
163 0.012244898
19620 0.0040816325
6566 0.0040816325
20648 0.0040816325
9642 0.0040816325
5034 0.020408163
1966 0.0040816325
17327 0.0040816325
6325 0.008163265
8630 0.0040816325
20153 0.0040816325
17338 0.0040816325
3262 0.008163265
7615 0.0040816325
6336 0.008163265
5825 0.0040816325
9666 0.0040816325
18882 0.0040816325
10691 0.008163265
3268 0.0040816325
19908 0.0040816325
9157 0.0040816325
10949 0.0040816325
14022 0.0040816325
16841 0.008163265
1482 0.0040816325
6091 0.0040816325
19917 0.008163265
17614 0.0040816325
11215 0.0040816325
210 0.0040816325
9685 0.0040816325
15061 0.0040816325
20696 0.028571429
21465 0.0040816325
13532 0.0040816325
14300 0.0040816325
12765 0.0040816325
18657 0.0040816325
10467 0.0040816325
16356 0.0040816325
2533 0.0040816325
20453 0.01632653
18153 0.0040816325
7659 0.0040816325
7916 0.008163265
1006 0.01632653
11504 0.0040816325
5105 0.0040816325
13041 0.008163265
8434 0.0040816325
17906 0.008163265
20723 0.0040816325
2293 0.0040816325
17653 0.0040816325
9973 0.0040816325
20217 0.0040816325
3323 0.03265306
18172 0.0040816325
20220 0.0040816325
253 0.0040816325
16126 0.0040816325
21759 0.0040816325
6143 0.012244898
3839 0.040816326
