13316 0.024539877
19847 0.006134969
904 0.006134969
6666 0.11042945
6796 0.006134969
13327 0.006134969
20883 0.006134969
6294 0.012269938
8343 0.006134969
535 0.006134969
11932 0.012269938
17949 0.006134969
12830 0.006134969
13343 0.006134969
15903 0.006134969
8355 0.006134969
8100 0.018404908
14884 0.024539877
38 0.006134969
4903 0.006134969
426 0.006134969
7211 0.006134969
17196 0.006134969
13870 0.006134969
5939 0.006134969
15027 0.006134969
14515 0.012269938
22067 0.012269938
21813 0.012269938
4789 0.042944785
17207 0.006134969
4025 0.006134969
3258 0.006134969
14650 0.006134969
16058 0.09815951
4923 0.006134969
11581 0.006134969
8001 0.006134969
14402 0.006134969
10691 0.006134969
19268 0.006134969
13255 0.006134969
9547 0.030674847
18380 0.006134969
19917 0.006134969
1488 0.006134969
17235 0.006134969
20948 0.006134969
2390 0.042944785
15323 0.006134969
1627 0.006134969
6237 0.006134969
6623 0.018404908
13664 0.006134969
16736 0.024539877
3042 0.018404908
10083 0.006134969
5859 0.006134969
20579 0.006134969
2662 0.006134969
17513 0.006134969
3179 0.006134969
16621 0.006134969
240 0.006134969
14704 0.024539877
13171 0.006134969
884 0.006134969
1780 0.055214725
18677 0.006134969
10101 0.006134969
14838 0.018404908
9975 0.030674847
10232 0.006134969
8952 0.012269938
13564 0.006134969
6143 0.012269938
