21123 0.0065789474
5892 0.019736841
6021 0.0065789474
16390 0.059210528
10767 0.0065789474
6032 0.0065789474
19603 0.013157895
150 0.0065789474
8343 0.0065789474
15902 0.019736841
15903 0.032894738
3104 0.013157895
4513 0.032894738
12325 0.0065789474
15527 0.02631579
21545 0.0065789474
11049 0.013157895
7211 0.0065789474
6444 0.0065789474
13613 0.0065789474
12205 0.013157895
8630 0.0065789474
7227 0.0065789474
956 0.0065789474
11840 0.0065789474
10432 0.013157895
14402 0.019736841
21570 0.05263158
10821 0.013157895
1224 0.0065789474
6091 0.0065789474
716 0.0065789474
13260 0.039473683
3023 0.019736841
1488 0.0065789474
10065 0.0065789474
3922 0.0065789474
18771 0.0065789474
2390 0.02631579
18263 0.0065789474
16599 0.0065789474
20696 0.0065789474
21464 0.013157895
731 0.0065789474
15196 0.0065789474
20065 0.0065789474
10083 0.0065789474
2915 0.0065789474
3044 0.0065789474
20196 0.0065789474
2662 0.0065789474
8422 0.013157895
4329 0.13815789
14442 0.0065789474
7916 0.0065789474
16621 0.0065789474
4205 0.032894738
1006 0.0065789474
21621 0.059210528
15606 0.013157895
22134 0.019736841
1399 0.0065789474
10492 0.013157895
17661 0.013157895
6143 0.0065789474
