8194 0.007575758
16003 0.015151516
19461 0.007575758
7046 0.007575758
20231 0.015151516
9352 0.022727273
6409 0.007575758
11151 0.007575758
10767 0.022727273
785 0.007575758
913 0.007575758
10897 0.022727273
4371 0.007575758
2836 0.007575758
20501 0.007575758
278 0.007575758
20246 0.007575758
150 0.015151516
8473 0.007575758
17949 0.015151516
21407 0.007575758
12321 0.007575758
14884 0.022727273
38 0.015151516
6952 0.007575758
7337 0.007575758
298 0.007575758
6444 0.007575758
2348 0.007575758
1837 0.007575758
2864 0.015151516
178 0.007575758
18996 0.007575758
180 0.015151516
19126 0.007575758
311 0.007575758
2112 0.11363637
14273 0.007575758
4161 0.007575758
15554 0.007575758
18882 0.007575758
10691 0.007575758
8263 0.007575758
12871 0.030303031
14153 0.007575758
16717 0.007575758
2509 0.007575758
9041 0.015151516
1239 0.007575758
15706 0.015151516
20571 0.007575758
6364 0.015151516
5981 0.007575758
4702 0.045454547
6623 0.022727273
7265 0.10606061
13538 0.007575758
18148 0.007575758
3044 0.007575758
6116 0.030303031
9061 0.015151516
16871 0.007575758
7914 0.007575758
20203 0.007575758
1006 0.007575758
19184 0.022727273
16503 0.007575758
7032 0.007575758
17661 0.007575758
3839 0.007575758
6143 0.007575758
