5380 0.006329114
16390 0.006329114
4874 0.006329114
10763 0.01898734
9227 0.050632913
16396 0.006329114
2061 0.01898734
10896 0.006329114
13841 0.006329114
4371 0.006329114
5396 0.18987341
8342 0.006329114
22294 0.012658228
3735 0.006329114
19735 0.006329114
8855 0.03164557
153 0.012658228
8219 0.006329114
14620 0.01898734
15902 0.012658228
15903 0.006329114
11944 0.006329114
21545 0.006329114
11049 0.006329114
13613 0.012658228
7861 0.006329114
311 0.03164557
4408 0.006329114
14650 0.006329114
17724 0.006329114
18623 0.006329114
13249 0.012658228
14402 0.012658228
10691 0.006329114
8259 0.012658228
10821 0.025316456
16582 0.006329114
21703 0.006329114
1482 0.006329114
14156 0.044303797
19917 0.006329114
11215 0.006329114
9935 0.012658228
22102 0.006329114
9046 0.006329114
21464 0.006329114
20696 0.03164557
1241 0.006329114
21465 0.006329114
13532 0.006329114
11484 0.006329114
5340 0.006329114
21086 0.006329114
19806 0.006329114
9057 0.006329114
10083 0.006329114
13155 0.006329114
20579 0.006329114
2662 0.006329114
15078 0.006329114
6758 0.012658228
359 0.006329114
2791 0.006329114
4841 0.006329114
3306 0.006329114
7916 0.012658228
16621 0.006329114
2674 0.01898734
884 0.025316456
21621 0.006329114
2293 0.006329114
3833 0.006329114
2041 0.006329114
3323 0.006329114
5502 0.006329114
3199 0.006329114
6143 0.006329114
3839 0.01898734
