12547 0.002994012
5893 0.032934133
8454 0.002994012
10246 0.005988024
9227 0.002994012
17676 0.002994012
2061 0.002994012
15629 0.005988024
3859 0.002994012
19736 0.005988024
21786 0.002994012
4635 0.0149700595
14365 0.002994012
12321 0.005988024
9250 0.002994012
38 0.005988024
7208 0.002994012
6952 0.023952097
298 0.002994012
3882 0.002994012
6444 0.002994012
10284 0.002994012
15916 0.002994012
1324 0.005988024
1072 0.002994012
13616 0.002994012
19249 0.005988024
8243 0.002994012
14650 0.008982036
18239 0.005988024
11327 0.008982036
10821 0.002994012
8263 0.002994012
1863 0.002994012
12871 0.002994012
19020 0.002994012
8021 0.023952097
17751 0.002994012
19034 0.002994012
20571 0.002994012
15196 0.002994012
1885 0.002994012
7265 0.020958085
10083 0.002994012
20579 0.002994012
3430 0.008982036
15208 0.0149700595
4714 0.002994012
109 0.002994012
884 0.008982036
16503 0.002994012
5497 0.002994012
11643 0.002994012
19581 0.029940119
3969 0.002994012
2690 0.002994012
16003 0.2035928
8070 0.002994012
9862 0.008982036
11151 0.002994012
18064 0.002994012
2197 0.008982036
150 0.002994012
7830 0.002994012
8343 0.005988024
18329 0.002994012
11932 0.008982036
5025 0.002994012
2980 0.002994012
18340 0.002994012
17318 0.002994012
12710 0.008982036
7847 0.002994012
15528 0.008982036
2731 0.002994012
9387 0.002994012
2476 0.002994012
9393 0.005988024
14515 0.002994012
11188 0.002994012
20405 0.038922157
2231 0.002994012
17595 0.002994012
5567 0.002994012
6336 0.008982036
14529 0.008982036
5825 0.0149700595
5058 0.002994012
7110 0.005988024
2758 0.008982036
14022 0.011976048
13255 0.002994012
202 0.002994012
17355 0.002994012
20941 0.002994012
14798 0.002994012
20942 0.002994012
718 0.002994012
1488 0.002994012
10451 0.0149700595
9685 0.005988024
7381 0.008982036
20696 0.002994012
21465 0.005988024
4570 0.002994012
18394 0.008982036
20699 0.002994012
15323 0.005988024
14300 0.002994012
18656 0.002994012
3553 0.002994012
5861 0.002994012
6886 0.005988024
16872 0.002994012
6888 0.002994012
16621 0.002994012
15854 0.005988024
1006 0.017964073
19183 0.002994012
12016 0.002994012
20723 0.002994012
10228 0.002994012
14584 0.002994012
11512 0.06287425
3323 0.002994012
5374 0.002994012
6143 0.002994012
5631 0.002994012
