16772 0.0064102565
3333 0.0064102565
20360 0.012820513
7433 0.0064102565
2188 0.0064102565
15629 0.0064102565
9360 0.0064102565
8592 0.0064102565
4371 0.0064102565
1427 0.012820513
19990 0.012820513
17559 0.0064102565
8855 0.012820513
8343 0.01923077
10649 0.012820513
21786 0.0064102565
11932 0.012820513
14365 0.032051284
11422 0.0064102565
15902 0.012820513
15903 0.012820513
5025 0.0064102565
9250 0.0064102565
12839 0.0064102565
21289 0.0064102565
4649 0.0064102565
21932 0.0064102565
13613 0.0064102565
4654 0.0064102565
8368 0.01923077
19249 0.012820513
15154 0.0064102565
2994 0.0064102565
20402 0.012820513
8630 0.0064102565
4665 0.012820513
14650 0.0064102565
828 0.0064102565
9918 0.0064102565
9025 0.0064102565
1858 0.0064102565
8259 0.01923077
10821 0.0064102565
4934 0.0064102565
18758 0.0064102565
6215 0.0064102565
7624 0.0064102565
1482 0.0064102565
6091 0.0064102565
13003 0.0064102565
3915 0.0064102565
13260 0.0064102565
716 0.0064102565
2509 0.0064102565
16717 0.012820513
11215 0.0064102565
1488 0.01923077
10065 0.012820513
19282 0.0064102565
14675 0.0064102565
15829 0.0064102565
12248 0.0064102565
20696 0.08974359
10201 0.0064102565
21465 0.012820513
14682 0.03846154
10331 0.012820513
13532 0.0064102565
9565 0.0064102565
7005 0.012820513
15966 0.0064102565
15840 0.0064102565
18784 0.012820513
17121 0.0064102565
13929 0.012820513
7914 0.0064102565
4205 0.012820513
17262 0.0064102565
12398 0.0064102565
19183 0.0064102565
20723 0.01923077
11635 0.06410257
21236 0.0064102565
756 0.012820513
9973 0.0064102565
21621 0.012820513
4342 0.0064102565
15606 0.0064102565
1399 0.012820513
2041 0.012820513
8573 0.012820513
