22147 0.007518797
13315 0.007518797
8709 0.007518797
20360 0.007518797
9352 0.015037594
9100 0.015037594
15629 0.007518797
1295 0.015037594
9361 0.030075189
19603 0.02255639
4371 0.030075189
20501 0.007518797
22294 0.007518797
8343 0.007518797
19865 0.007518797
10651 0.02255639
14365 0.007518797
15903 0.007518797
10275 0.007518797
8739 0.007518797
19236 0.007518797
21541 0.007518797
12583 0.007518797
1321 0.007518797
5801 0.007518797
7211 0.007518797
16939 0.007518797
19886 0.05263158
17327 0.02255639
17840 0.007518797
8368 0.02255639
10417 0.007518797
8243 0.015037594
14650 0.007518797
17980 0.007518797
18623 0.007518797
18111 0.007518797
1858 0.007518797
14402 0.015037594
8259 0.037593983
15686 0.007518797
7110 0.007518797
13255 0.007518797
18760 0.067669176
9935 0.015037594
83 0.007518797
17751 0.007518797
21465 0.10526316
20571 0.007518797
13532 0.030075189
20447 0.007518797
6368 0.007518797
4576 0.007518797
20579 0.015037594
3300 0.007518797
1006 0.015037594
20336 0.007518797
12016 0.030075189
13041 0.007518797
20723 0.007518797
11635 0.007518797
21621 0.015037594
1399 0.02255639
3323 0.015037594
637 0.007518797
14333 0.007518797
3839 0.015037594
19199 0.015037594
