5893 0.009118541
16390 0.0030395137
10246 0.0060790274
20231 0.0030395137
21514 0.0030395137
5900 0.012158055
22029 0.0030395137
7950 0.0030395137
10767 0.012158055
13844 0.0060790274
22294 0.0060790274
13334 0.018237082
19736 0.009118541
4635 0.018237082
10780 0.0030395137
12830 0.012158055
11298 0.0030395137
802 0.0030395137
9250 0.0060790274
4900 0.0030395137
20516 0.015197569
21541 0.0060790274
4647 0.0030395137
7208 0.009118541
13097 0.0030395137
11818 0.0030395137
12843 0.0030395137
13611 0.0060790274
8493 0.0030395137
8237 0.0030395137
13613 0.0060790274
18991 0.0030395137
8497 0.0030395137
10546 0.0060790274
21044 0.0030395137
311 0.0030395137
7479 0.0030395137
19512 0.0030395137
14650 0.009118541
19518 0.0030395137
18239 0.015197569
11073 0.0030395137
11587 0.0030395137
10821 0.018237082
18758 0.018237082
6215 0.0060790274
8263 0.009118541
9544 0.0030395137
14153 0.0030395137
2121 0.0030395137
18251 0.018237082
21325 0.0030395137
21841 0.0030395137
8021 0.009118541
18263 0.0030395137
19032 0.0030395137
1370 0.0030395137
1117 0.0030395137
6239 0.0030395137
21345 0.009118541
10083 0.0030395137
3430 0.0030395137
2662 0.012158055
5735 0.0030395137
19048 0.0030395137
10344 0.0030395137
15209 0.0060790274
18539 0.0030395137
8811 0.027355623
9836 0.0030395137
12398 0.0030395137
16495 0.0030395137
9584 0.0030395137
10097 0.0030395137
11635 0.0060790274
884 0.0060790274
19062 0.0060790274
19581 0.02431611
2690 0.0030395137
16773 0.0030395137
11141 0.0060790274
9862 0.0060790274
1166 0.0030395137
3982 0.0060790274
11151 0.021276595
18064 0.0030395137
20624 0.0030395137
8592 0.0030395137
2197 0.0030395137
8342 0.0030395137
7830 0.030395137
8343 0.0060790274
20891 0.0030395137
11932 0.018237082
16032 0.0030395137
5025 0.0030395137
3745 0.009118541
930 0.0030395137
5288 0.0030395137
5801 0.0030395137
9387 0.0030395137
2731 0.0030395137
21677 0.0060790274
12205 0.0060790274
7599 0.0060790274
2226 0.0060790274
9139 0.0030395137
20405 0.015197569
20150 0.0030395137
12470 0.0030395137
8384 0.0030395137
19137 0.0030395137
20674 0.009118541
13251 0.0030395137
2758 0.0030395137
13255 0.012158055
6344 0.0030395137
5581 0.0060790274
718 0.0030395137
4048 0.0030395137
18385 0.009118541
13778 0.0030395137
10451 0.009118541
17366 0.0030395137
16599 0.0060790274
20696 0.012158055
21465 0.0030395137
3293 0.0030395137
9183 0.0060790274
6623 0.0060790274
6368 0.0030395137
5088 0.0030395137
16097 0.0030395137
20196 0.0030395137
5349 0.009118541
2791 0.0030395137
6888 0.0030395137
7914 0.0030395137
3306 0.0060790274
14314 0.0060790274
14060 0.0030395137
1261 0.0030395137
1006 0.021276595
12016 0.018237082
5105 0.0030395137
241 0.0060790274
15608 0.0030395137
11512 0.051671732
14330 0.0060790274
6654 0.0060790274
5631 0.02431611
