8194 0.003984064
14596 0.003984064
5892 0.015936255
5893 0.003984064
10246 0.003984064
16646 0.003984064
10767 0.01992032
15377 0.007968128
13334 0.003984064
19736 0.03187251
4635 0.003984064
10780 0.003984064
16669 0.003984064
12830 0.003984064
12321 0.003984064
9250 0.003984064
11298 0.007968128
20516 0.047808766
38 0.007968128
4903 0.003984064
21291 0.003984064
4141 0.003984064
15662 0.003984064
5428 0.003984064
14903 0.011952192
14650 0.011952192
3644 0.003984064
4669 0.003984064
18239 0.011952192
11327 0.015936255
18243 0.003984064
17476 0.003984064
18758 0.011952192
8263 0.003984064
12871 0.003984064
2119 0.003984064
1864 0.003984064
8779 0.003984064
18251 0.007968128
3922 0.003984064
20821 0.003984064
17751 0.003984064
18263 0.011952192
13659 0.003984064
15196 0.003984064
8797 0.003984064
7007 0.003984064
6239 0.015936255
8288 0.003984064
1376 0.007968128
21345 0.003984064
20579 0.003984064
2662 0.003984064
3430 0.011952192
15469 0.003984064
1134 0.003984064
12398 0.003984064
13426 0.003984064
11635 0.011952192
884 0.007968128
19062 0.003984064
19322 0.003984064
15484 0.003984064
7292 0.003984064
19581 0.023904383
8580 0.003984064
3204 0.003984064
8070 0.003984064
9862 0.007968128
8843 0.003984064
15244 0.003984064
11151 0.003984064
2197 0.003984064
2453 0.003984064
150 0.003984064
7830 0.007968128
8343 0.007968128
21401 0.003984064
1691 0.003984064
11932 0.003984064
8097 0.003984064
3745 0.011952192
3240 0.003984064
15528 0.003984064
10409 0.003984064
5801 0.01992032
7082 0.007968128
21679 0.003984064
15024 0.003984064
8368 0.01992032
20402 0.007968128
14515 0.007968128
11701 0.003984064
20405 0.027888447
12470 0.003984064
4025 0.003984064
18623 0.007968128
3522 0.003984064
9157 0.003984064
16582 0.007968128
13255 0.007968128
8140 0.003984064
19917 0.003984064
14798 0.003984064
12495 0.003984064
10451 0.023904383
17366 0.003984064
7638 0.003984064
20696 0.003984064
11482 0.003984064
4573 0.007968128
12765 0.007968128
3300 0.003984064
14565 0.003984064
5349 0.003984064
5861 0.003984064
8422 0.003984064
16871 0.011952192
6888 0.003984064
7914 0.003984064
14060 0.011952192
16621 0.007968128
1006 0.023904383
8175 0.007968128
12016 0.01992032
20723 0.011952192
13301 0.003984064
21752 0.003984064
11512 0.059760958
8444 0.003984064
5631 0.003984064
6143 0.003984064
