7680 0.003030303
8194 0.006060606
9988 0.012121212
5893 0.015151516
10246 0.009090909
20231 0.054545455
10763 0.003030303
1295 0.003030303
10767 0.006060606
22035 0.006060606
8468 0.003030303
13844 0.003030303
13334 0.003030303
19736 0.015151516
20504 0.024242423
6939 0.006060606
4635 0.006060606
13343 0.003030303
13855 0.006060606
6688 0.006060606
9250 0.009090909
6435 0.003030303
20516 0.009090909
21541 0.006060606
8743 0.003030303
2601 0.003030303
5929 0.003030303
10027 0.003030303
10284 0.003030303
8493 0.003030303
15407 0.003030303
15409 0.003030303
21044 0.003030303
13367 0.003030303
15415 0.003030303
14650 0.006060606
3645 0.003030303
9021 0.003030303
11327 0.009090909
18239 0.012121212
11073 0.012121212
1858 0.006060606
10821 0.009090909
18758 0.003030303
12871 0.006060606
8263 0.006060606
7752 0.003030303
4682 0.003030303
1354 0.003030303
1612 0.003030303
11341 0.003030303
337 0.009090909
3922 0.003030303
21588 0.003030303
7252 0.006060606
10326 0.003030303
18262 0.003030303
18263 0.021212121
15196 0.006060606
8797 0.003030303
13919 0.003030303
14431 0.003030303
6240 0.003030303
16481 0.003030303
10083 0.003030303
6243 0.003030303
20579 0.006060606
8549 0.003030303
2662 0.003030303
3430 0.006060606
13160 0.003030303
15465 0.003030303
10605 0.003030303
109 0.003030303
21872 0.009090909
8561 0.003030303
11635 0.003030303
884 0.003030303
19062 0.003030303
8314 0.003030303
8573 0.006060606
19581 0.009090909
18304 0.003030303
1922 0.003030303
16002 0.003030303
9862 0.006060606
8070 0.009090909
5006 0.003030303
17294 0.003030303
19086 0.006060606
11151 0.003030303
6032 0.006060606
10896 0.012121212
10897 0.009090909
917 0.003030303
6293 0.003030303
8342 0.003030303
13463 0.003030303
8343 0.006060606
9880 0.003030303
14490 0.003030303
19098 0.003030303
10651 0.006060606
21403 0.009090909
11932 0.009090909
4510 0.003030303
3745 0.003030303
14753 0.003030303
3491 0.009090909
12710 0.012121212
2473 0.003030303
5801 0.003030303
2731 0.003030303
13485 0.003030303
19886 0.006060606
17840 0.003030303
14257 0.003030303
7090 0.003030303
9139 0.003030303
20405 0.012121212
20150 0.003030303
19126 0.003030303
8630 0.003030303
2231 0.003030303
21432 0.006060606
4025 0.003030303
19385 0.009090909
703 0.003030303
1728 0.003030303
10691 0.003030303
14022 0.003030303
21190 0.003030303
1224 0.003030303
18378 0.018181818
6091 0.003030303
13260 0.027272727
10451 0.024242423
14550 0.006060606
3288 0.003030303
20696 0.012121212
9689 0.003030303
7897 0.003030303
7642 0.003030303
12765 0.003030303
16605 0.003030303
2269 0.003030303
18401 0.003030303
9441 0.003030303
12771 0.003030303
6116 0.009090909
16871 0.003030303
4842 0.003030303
3306 0.003030303
18410 0.006060606
12012 0.003030303
16621 0.003030303
749 0.003030303
18414 0.003030303
1006 0.021212121
19695 0.003030303
241 0.003030303
5105 0.006060606
8433 0.009090909
20723 0.006060606
21493 0.003030303
11512 0.036363635
2041 0.003030303
14330 0.003030303
9212 0.003030303
10492 0.003030303
2300 0.003030303
6654 0.003030303
6143 0.006060606
