7680 0.0024937657
7937 0.0024937657
8194 0.0024937657
8709 0.0074812965
5893 0.029925186
16390 0.0049875313
10246 0.012468828
10759 0.0024937657
17415 0.027431421
20744 0.0024937657
3339 0.0024937657
2061 0.0024937657
17167 0.0024937657
8463 0.0049875313
20496 0.0024937657
19216 0.0074812965
1041 0.0024937657
5396 0.019950125
5142 0.0024937657
22294 0.012468828
5911 0.0024937657
19736 0.0049875313
4635 0.009975063
16926 0.0049875313
6688 0.0049875313
9250 0.0074812965
7462 0.0024937657
13097 0.0049875313
298 0.0049875313
18731 0.0024937657
13613 0.0074812965
15662 0.0049875313
2607 0.0024937657
10546 0.0024937657
4915 0.0024937657
20020 0.0024937657
7732 0.0024937657
21044 0.0024937657
21813 0.0024937657
14650 0.0024937657
4669 0.0024937657
6206 0.0024937657
12095 0.0074812965
11327 0.009975063
18239 0.012468828
11073 0.0024937657
10817 0.0074812965
2114 0.0024937657
16707 0.0049875313
10821 0.0024937657
15941 0.0024937657
4934 0.0024937657
18758 0.0049875313
2119 0.0024937657
12871 0.0024937657
8263 0.017456358
4169 0.0024937657
73 0.0024937657
19020 0.0024937657
16717 0.0024937657
6222 0.0024937657
12371 0.0024937657
16981 0.0024937657
20821 0.0049875313
17238 0.0024937657
6999 0.0024937657
18263 0.0024937657
87 0.0024937657
17751 0.0049875313
15962 0.0024937657
11611 0.0024937657
13659 0.0024937657
14173 0.0049875313
6240 0.0024937657
21345 0.0049875313
2662 0.0049875313
3430 0.0074812965
5736 0.0024937657
13929 0.0024937657
109 0.0024937657
6509 0.0024937657
5999 0.0024937657
10868 0.0049875313
884 0.0049875313
20085 0.0024937657
19062 0.0024937657
13436 0.0024937657
19581 0.02244389
14462 0.0024937657
4736 0.0024937657
16002 0.0024937657
2690 0.0049875313
8070 0.0024937657
20360 0.0024937657
14729 0.0024937657
10380 0.0024937657
6032 0.0024937657
9361 0.0024937657
20883 0.0024937657
4758 0.009975063
8343 0.0074812965
16024 0.0024937657
21401 0.0024937657
19865 0.0074812965
17306 0.0024937657
13210 0.0049875313
10651 0.0024937657
11932 0.0049875313
20127 0.0024937657
3745 0.0024937657
5025 0.0049875313
7077 0.0074812965
18599 0.0024937657
15528 0.0024937657
20648 0.0024937657
168 0.0049875313
13480 0.0049875313
10412 0.0024937657
19886 0.0024937657
10415 0.0024937657
6063 0.0024937657
14256 0.0024937657
17840 0.0074812965
8368 0.02244389
10417 0.0024937657
9393 0.0049875313
1714 0.0024937657
14514 0.0024937657
20405 0.024937656
6588 0.0024937657
3262 0.0024937657
3520 0.0024937657
18369 0.0049875313
21698 0.0024937657
9670 0.0024937657
2758 0.0049875313
16841 0.0024937657
18123 0.0024937657
716 0.0024937657
19917 0.0024937657
20942 0.0024937657
8144 0.012468828
18385 0.0024937657
10451 0.029925186
20437 0.0049875313
20438 0.0024937657
8662 0.0049875313
16599 0.0024937657
20696 0.0648379
4314 0.0024937657
5083 0.0024937657
12764 0.0024937657
13532 0.0049875313
2273 0.0024937657
3300 0.0024937657
6116 0.009975063
16101 0.0024937657
2791 0.0024937657
16871 0.0024937657
7914 0.0024937657
6890 0.0024937657
20715 0.0024937657
14060 0.04488778
14061 0.0024937657
1261 0.009975063
17134 0.0024937657
1006 0.0074812965
19183 0.0024937657
21487 0.0074812965
11504 0.0024937657
3059 0.0024937657
20723 0.0024937657
500 0.0024937657
22005 0.0024937657
11512 0.047381546
2041 0.009975063
14330 0.0024937657
3323 0.012468828
