5893 0.006329114
10246 0.003164557
17415 0.00949367
19208 0.003164557
16396 0.003164557
6156 0.003164557
5900 0.006329114
15629 0.003164557
17935 0.003164557
10767 0.006329114
11795 0.003164557
275 0.006329114
3860 0.003164557
13844 0.006329114
22294 0.003164557
19736 0.015822785
4635 0.01898734
12830 0.003164557
9250 0.003164557
21541 0.012658228
16935 0.003164557
20520 0.006329114
18217 0.003164557
298 0.003164557
13613 0.006329114
4915 0.003164557
21044 0.003164557
14903 0.003164557
3130 0.003164557
14650 0.012658228
4923 0.003164557
22077 0.003164557
8254 0.003164557
18239 0.006329114
4416 0.00949367
1858 0.003164557
10821 0.00949367
8263 0.003164557
19020 0.003164557
16717 0.003164557
21325 0.003164557
6477 0.085443035
2897 0.003164557
21330 0.003164557
598 0.003164557
16736 0.006329114
8545 0.003164557
10083 0.003164557
20579 0.003164557
7267 0.003164557
3430 0.012658228
13929 0.003164557
109 0.003164557
17262 0.003164557
11635 0.003164557
884 0.015822785
21621 0.003164557
20858 0.003164557
21882 0.003164557
12156 0.003164557
15229 0.003164557
19581 0.012658228
3456 0.003164557
9862 0.00949367
3464 0.006329114
17036 0.003164557
14223 0.003164557
7567 0.003164557
11151 0.006329114
20624 0.003164557
10896 0.003164557
18064 0.003164557
6032 0.00949367
10897 0.00949367
18834 0.003164557
20883 0.00949367
150 0.006329114
8343 0.003164557
5275 0.003164557
11932 0.003164557
9631 0.003164557
3745 0.012658228
15011 0.006329114
15528 0.003164557
13480 0.006329114
10409 0.003164557
7082 0.006329114
2221 0.003164557
12205 0.003164557
19886 0.003164557
9394 0.003164557
14514 0.006329114
8371 0.00949367
20405 0.025316456
8890 0.003164557
14525 0.003164557
14273 0.003164557
5825 0.00949367
19137 0.012658228
10691 0.006329114
21444 0.003164557
3268 0.006329114
11718 0.003164557
16582 0.003164557
2758 0.003164557
17867 0.003164557
4556 0.01898734
718 0.006329114
6862 0.00949367
1488 0.006329114
21969 0.006329114
10451 0.047468353
6100 0.003164557
9940 0.003164557
20438 0.006329114
16599 0.003164557
3288 0.015822785
21465 0.003164557
14300 0.003164557
7135 0.003164557
9951 0.006329114
2785 0.003164557
3300 0.003164557
6116 0.006329114
5861 0.003164557
20453 0.00949367
6886 0.00949367
16871 0.003164557
11751 0.003164557
20712 0.003164557
18410 0.003164557
3306 0.006329114
14829 0.003164557
18414 0.00949367
1006 0.015822785
10993 0.003164557
241 0.003164557
8433 0.00949367
2292 0.003164557
9461 0.006329114
5623 0.003164557
11512 0.091772154
6143 0.003164557
