11266 0.0042918455
8709 0.0042918455
5 0.0042918455
10246 0.008583691
20231 0.012875536
2061 0.008583691
13844 0.0042918455
2836 0.012875536
278 0.008583691
19736 0.008583691
16409 0.0042918455
4635 0.0042918455
21787 0.0042918455
14625 0.0042918455
9250 0.0042918455
12325 0.0042918455
8743 0.0042918455
1065 0.0042918455
298 0.0042918455
13613 0.008583691
7474 0.0042918455
10546 0.0042918455
21813 0.008583691
7479 0.0042918455
21559 0.0042918455
14650 0.03862661
3130 0.047210302
8764 0.0042918455
18239 0.0042918455
8000 0.0042918455
10821 0.030042918
9797 0.051502146
8263 0.0042918455
16967 0.012875536
6985 0.0042918455
19795 0.0042918455
18263 0.0042918455
17751 0.0042918455
13146 0.0042918455
14173 0.017167382
15966 0.0042918455
20574 0.0042918455
9310 0.0042918455
6239 0.0042918455
13919 0.012875536
18528 0.0042918455
16736 0.017167382
20065 0.0042918455
20579 0.012875536
9061 0.0042918455
3430 0.012875536
14442 0.0042918455
8811 0.008583691
16749 0.0042918455
10605 0.012875536
3950 0.025751073
18544 0.0042918455
5235 0.0042918455
884 0.0042918455
4725 0.008583691
19062 0.0042918455
20854 0.008583691
19581 0.012875536
11905 0.0042918455
8837 0.0042918455
12165 0.0042918455
7567 0.0042918455
11151 0.0042918455
17553 0.0042918455
9363 0.0042918455
18325 0.008583691
8342 0.0042918455
8343 0.008583691
10651 0.012875536
4510 0.0042918455
13983 0.0042918455
8355 0.030042918
10916 0.0042918455
12710 0.0042918455
15528 0.0042918455
2731 0.0042918455
6828 0.0042918455
4274 0.0042918455
8371 0.0042918455
13235 0.0042918455
4276 0.0042918455
20405 0.008583691
6070 0.0042918455
20152 0.008583691
3515 0.012875536
3005 0.0042918455
16064 0.0042918455
2758 0.0042918455
14022 0.0042918455
3528 0.0042918455
3530 0.0042918455
6862 0.0042918455
14288 0.0042918455
1488 0.017167382
11475 0.008583691
10451 0.021459227
6612 0.0042918455
11220 0.0042918455
5845 0.0042918455
6359 0.0042918455
3288 0.0042918455
20696 0.0042918455
13532 0.0042918455
2785 0.0042918455
9441 0.0042918455
12001 0.008583691
20453 0.0042918455
5861 0.0042918455
6886 0.0042918455
16871 0.0042918455
2791 0.017167382
21483 0.0042918455
16621 0.0042918455
1261 0.008583691
1006 0.0042918455
12016 0.0042918455
8433 0.0042918455
20723 0.0042918455
11512 0.047210302
6143 0.0042918455
