8194 0.016997168
5892 0.0028328612
8709 0.0028328612
5893 0.016997168
7430 0.0028328612
10246 0.008498584
519 0.0028328612
17415 0.008498584
10763 0.0028328612
8972 0.0028328612
10767 0.014164306
8208 0.0028328612
18448 0.0028328612
15377 0.0028328612
22035 0.0028328612
13844 0.0028328612
19736 0.02266289
5913 0.0028328612
11291 0.0028328612
4635 0.0056657223
1054 0.0028328612
12321 0.0056657223
11298 0.0028328612
9250 0.008498584
12580 0.0028328612
20516 0.008498584
21541 0.0028328612
21291 0.0028328612
13611 0.0028328612
18731 0.0028328612
8493 0.0028328612
12595 0.0028328612
8243 0.0028328612
21044 0.0028328612
21813 0.0028328612
20538 0.0028328612
14650 0.011331445
22076 0.0028328612
15422 0.0056657223
18239 0.02266289
13377 0.0028328612
1858 0.0028328612
10821 0.0028328612
4169 0.0028328612
20554 0.0028328612
5196 0.0056657223
20813 0.0028328612
21325 0.0056657223
16717 0.0056657223
6222 0.0028328612
20047 0.0028328612
8528 0.0028328612
9810 0.0028328612
3922 0.0056657223
7252 0.0028328612
20309 0.0028328612
20821 0.0028328612
8021 0.0056657223
20566 0.0028328612
17751 0.0056657223
18263 0.0056657223
11612 0.0028328612
15196 0.0028328612
19548 0.0028328612
6239 0.0056657223
1376 0.0028328612
5472 0.0028328612
18528 0.0056657223
16736 0.011331445
97 0.0028328612
20579 0.0056657223
5990 0.0028328612
2662 0.0056657223
3430 0.011331445
13929 0.0028328612
4969 0.0056657223
8557 0.0028328612
10350 0.0028328612
10095 0.0028328612
18544 0.0028328612
8561 0.0028328612
884 0.0028328612
19060 0.0028328612
5237 0.0028328612
19062 0.0028328612
12664 0.0028328612
8569 0.008498584
8573 0.0056657223
19581 0.033994336
126 0.0028328612
6527 0.0028328612
2176 0.0028328612
3456 0.0056657223
22147 0.0056657223
1668 0.0028328612
11396 0.0028328612
8837 0.008498584
9862 0.0056657223
8070 0.0056657223
3464 0.0028328612
7560 0.0028328612
14217 0.0028328612
3982 0.0056657223
7567 0.011331445
17553 0.0028328612
10897 0.008498584
18834 0.0028328612
4758 0.0028328612
8342 0.0056657223
919 0.0028328612
8343 0.0056657223
3992 0.0028328612
8089 0.0028328612
15003 0.0028328612
7323 0.0028328612
11932 0.0056657223
4510 0.0028328612
6566 0.0028328612
12710 0.019830028
2731 0.0028328612
12205 0.0028328612
13485 0.0056657223
21677 0.0056657223
19886 0.0056657223
17840 0.0028328612
12208 0.008498584
20405 0.02549575
20150 0.0056657223
4023 0.0028328612
20155 0.0028328612
6588 0.0028328612
5820 0.0028328612
4286 0.0028328612
22210 0.0028328612
3522 0.0028328612
10691 0.0056657223
16582 0.0056657223
13255 0.019830028
18888 0.0028328612
21194 0.0028328612
20942 0.0028328612
10451 0.02266289
21204 0.0028328612
20437 0.0028328612
6359 0.0056657223
7897 0.0028328612
21465 0.0028328612
13532 0.0028328612
10972 0.0056657223
4573 0.0028328612
5859 0.0028328612
6115 0.011331445
6116 0.008498584
20453 0.0056657223
5861 0.0056657223
5349 0.011331445
16102 0.0028328612
2022 0.008498584
7912 0.0028328612
1006 0.0056657223
13039 0.0028328612
19695 0.014164306
241 0.0056657223
8433 0.008498584
2292 0.0028328612
15608 0.0028328612
11512 0.06798867
20218 0.0028328612
12798 0.0028328612
6654 0.0056657223
10750 0.036827195
