8194 0.003937008
5892 0.003937008
5893 0.035433073
19463 0.003937008
21003 0.003937008
10763 0.003937008
5900 0.01968504
5645 0.003937008
21262 0.003937008
8208 0.003937008
15121 0.003937008
18452 0.003937008
2836 0.003937008
22294 0.003937008
19736 0.003937008
2074 0.003937008
4635 0.003937008
18208 0.003937008
13857 0.003937008
22050 0.003937008
9250 0.007874016
6435 0.003937008
7460 0.003937008
12325 0.007874016
4903 0.003937008
18731 0.003937008
8237 0.003937008
13613 0.003937008
1837 0.015748031
18991 0.007874016
13621 0.003937008
14394 0.003937008
14650 0.01968504
4923 0.003937008
22076 0.003937008
319 0.003937008
11327 0.003937008
18239 0.015748031
10817 0.007874016
10821 0.003937008
18758 0.003937008
4934 0.011811024
4169 0.027559055
6477 0.003937008
16717 0.003937008
20813 0.007874016
11598 0.003937008
9810 0.003937008
18263 0.003937008
17751 0.007874016
10331 0.003937008
20571 0.003937008
6239 0.003937008
7007 0.003937008
13919 0.003937008
5219 0.003937008
20579 0.007874016
2662 0.003937008
3430 0.011811024
10344 0.003937008
11880 0.003937008
11116 0.003937008
6509 0.003937008
10350 0.003937008
17262 0.003937008
10095 0.003937008
884 0.007874016
19319 0.003937008
15993 0.003937008
20345 0.015748031
8314 0.003937008
15484 0.003937008
19581 0.01968504
21377 0.003937008
897 0.003937008
22147 0.007874016
11141 0.003937008
1166 0.003937008
8592 0.003937008
10896 0.007874016
7313 0.003937008
8343 0.003937008
5019 0.003937008
1948 0.003937008
8860 0.003937008
4510 0.003937008
20127 0.003937008
3489 0.003937008
18340 0.007874016
6828 0.003937008
16301 0.003937008
19886 0.003937008
14770 0.003937008
4787 0.003937008
20405 0.031496063
19385 0.003937008
6079 0.003937008
5825 0.003937008
7110 0.003937008
2765 0.003937008
18385 0.007874016
10451 0.027559055
214 0.003937008
20696 0.007874016
21465 0.011811024
1499 0.003937008
8927 0.003937008
4319 0.01968504
20196 0.003937008
6116 0.003937008
8422 0.003937008
6886 0.007874016
2791 0.003937008
6888 0.003937008
16621 0.003937008
1006 0.011811024
9455 0.003937008
19183 0.007874016
12016 0.003937008
5105 0.003937008
20723 0.011811024
21236 0.003937008
1524 0.003937008
15604 0.13385826
21496 0.003937008
11512 0.062992126
20217 0.003937008
7421 0.003937008
5631 0.003937008
