8194 0.004115226
16386 0.008230452
8709 0.004115226
5893 0.008230452
10246 0.012345679
17415 0.004115226
16396 0.004115226
8208 0.016460905
17431 0.004115226
19736 0.004115226
21786 0.004115226
4635 0.024691358
12830 0.020576132
13343 0.008230452
9250 0.016460905
16676 0.004115226
298 0.008230452
10284 0.004115226
13613 0.008230452
22064 0.008230452
14129 0.004115226
20020 0.004115226
13621 0.004115226
8250 0.004115226
14650 0.028806584
18239 0.004115226
11327 0.024691358
21312 0.004115226
8000 0.008230452
13377 0.004115226
1858 0.004115226
10821 0.012345679
1862 0.004115226
18758 0.008230452
8263 0.008230452
18506 0.004115226
21588 0.004115226
17751 0.004115226
18263 0.016460905
13659 0.004115226
7265 0.008230452
21345 0.008230452
20579 0.004115226
3430 0.008230452
15208 0.004115226
14185 0.004115226
9836 0.004115226
18544 0.004115226
21872 0.004115226
19312 0.004115226
11121 0.004115226
13426 0.004115226
11635 0.004115226
884 0.008230452
4469 0.004115226
19062 0.004115226
15484 0.008230452
15229 0.004115226
19581 0.008230452
13952 0.004115226
21377 0.004115226
2690 0.004115226
16003 0.037037037
11396 0.004115226
11141 0.012345679
19338 0.004115226
6286 0.004115226
3982 0.008230452
11151 0.004115226
6032 0.004115226
8592 0.004115226
17553 0.004115226
10897 0.004115226
1427 0.008230452
20883 0.008230452
8855 0.004115226
12952 0.004115226
21403 0.004115226
11932 0.004115226
18340 0.004115226
15525 0.004115226
3749 0.004115226
10409 0.004115226
11947 0.004115226
9393 0.004115226
14515 0.004115226
20405 0.024691358
10422 0.008230452
6073 0.004115226
18623 0.004115226
5825 0.004115226
3524 0.004115226
3268 0.004115226
2758 0.004115226
18890 0.004115226
8140 0.008230452
462 0.016460905
10451 0.024691358
7124 0.008230452
5077 0.004115226
11734 0.004115226
20696 0.03292181
5849 0.004115226
21465 0.004115226
1242 0.008230452
22235 0.004115226
16605 0.004115226
20453 0.004115226
8422 0.012345679
16871 0.037037037
6888 0.008230452
7914 0.004115226
14060 0.057613168
16622 0.004115226
1006 0.008230452
8175 0.004115226
12016 0.004115226
2288 0.004115226
3058 0.004115226
11512 0.04526749
16892 0.004115226
6143 0.008230452
