2048 0.008219178
258 0.002739726
9988 0.002739726
8709 0.002739726
5893 0.021917809
10246 0.005479452
4619 0.002739726
16396 0.002739726
13324 0.002739726
15117 0.002739726
15374 0.005479452
17679 0.002739726
10767 0.002739726
17681 0.038356163
13844 0.002739726
13334 0.002739726
19736 0.024657534
4635 0.002739726
15900 0.002739726
6688 0.002739726
12321 0.002739726
9250 0.008219178
38 0.002739726
12329 0.002739726
298 0.002739726
1324 0.002739726
10546 0.002739726
12595 0.002739726
7220 0.002739726
20020 0.005479452
14902 0.002739726
15417 0.002739726
14394 0.002739726
20794 0.002739726
11322 0.002739726
20538 0.002739726
14650 0.002739726
4669 0.002739726
19519 0.002739726
18239 0.019178081
11073 0.002739726
1091 0.002739726
10821 0.005479452
18758 0.002739726
4934 0.002739726
2119 0.002739726
8263 0.010958904
9544 0.005479452
18251 0.002739726
5196 0.005479452
12624 0.002739726
21588 0.002739726
17238 0.002739726
18263 0.008219178
13659 0.002739726
19549 0.002739726
14173 0.002739726
6239 0.002739726
13919 0.002739726
16736 0.005479452
21345 0.002739726
10083 0.002739726
9059 0.002739726
20579 0.005479452
9061 0.002739726
2662 0.002739726
5990 0.005479452
13926 0.010958904
1134 0.002739726
6255 0.002739726
11635 0.010958904
5236 0.002739726
884 0.005479452
19062 0.002739726
19581 0.01369863
18816 0.002739726
21377 0.002739726
2690 0.002739726
16773 0.002739726
9862 0.002739726
18566 0.024657534
17287 0.002739726
2700 0.002739726
17294 0.005479452
3982 0.008219178
6286 0.008219178
8592 0.002739726
6032 0.005479452
9361 0.002739726
17553 0.008219178
10897 0.021917809
5525 0.002739726
8855 0.002739726
8343 0.002739726
21401 0.008219178
8090 0.002739726
5019 0.005479452
16796 0.002739726
5025 0.002739726
6819 0.005479452
18340 0.002739726
2473 0.002739726
3243 0.010958904
8368 0.06575342
14514 0.002739726
7090 0.008219178
9139 0.002739726
8371 0.008219178
20405 0.021917809
2231 0.002739726
19127 0.002739726
19385 0.005479452
18874 0.002739726
16064 0.002739726
5314 0.05479452
10691 0.005479452
2758 0.002739726
16582 0.008219178
716 0.002739726
20175 0.010958904
1488 0.002739726
5585 0.002739726
10451 0.030136986
20696 0.008219178
1241 0.002739726
21465 0.008219178
7642 0.002739726
19674 0.002739726
1754 0.002739726
1242 0.01369863
731 0.002739726
476 0.002739726
20959 0.002739726
4319 0.008219178
11491 0.002739726
2531 0.002739726
6116 0.002739726
5861 0.002739726
742 0.002739726
6886 0.021917809
4329 0.01369863
14314 0.005479452
7914 0.01369863
1006 0.005479452
21744 0.002739726
16625 0.002739726
20723 0.002739726
1524 0.01369863
11512 0.038356163
6137 0.002739726
2041 0.002739726
6654 0.002739726
22270 0.008219178
18431 0.002739726
5631 0.005479452
