7680 0.0034965035
19461 0.0034965035
5893 0.04195804
10246 0.017482517
20231 0.013986014
15371 0.01048951
5900 0.013986014
13844 0.01048951
2836 0.017482517
19736 0.02097902
4635 0.01048951
14882 0.0034965035
12325 0.0034965035
6952 0.073426574
298 0.0034965035
13613 0.0034965035
11825 0.006993007
22068 0.0034965035
21813 0.0034965035
21559 0.02097902
14650 0.013986014
11327 0.017482517
18239 0.02097902
8000 0.0034965035
10821 0.0034965035
18758 0.0034965035
8263 0.01048951
20554 0.006993007
16717 0.0034965035
18263 0.0034965035
1370 0.0034965035
347 0.0034965035
20571 0.0034965035
19548 0.0034965035
15196 0.0034965035
13919 0.0034965035
16736 0.0034965035
7265 0.01048951
21345 0.01048951
20579 0.0034965035
3430 0.0034965035
2662 0.0034965035
4714 0.006993007
107 0.01048951
109 0.0034965035
10350 0.03846154
882 0.0034965035
19062 0.0034965035
16503 0.006993007
16505 0.006993007
8573 0.0034965035
19581 0.031468533
13958 0.0034965035
9862 0.01048951
7567 0.0034965035
18064 0.006993007
10897 0.006993007
4759 0.0034965035
5019 0.0034965035
10651 0.013986014
11932 0.01048951
20127 0.0034965035
16800 0.0034965035
3745 0.017482517
6052 0.0034965035
12710 0.006993007
17840 0.0034965035
14514 0.006993007
20405 0.031468533
7865 0.006993007
10691 0.006993007
19140 0.006993007
10949 0.0034965035
16582 0.0034965035
2758 0.006993007
13255 0.0034965035
16841 0.0034965035
716 0.0034965035
20942 0.0034965035
6862 0.0034965035
718 0.013986014
7377 0.0034965035
10451 0.045454547
7381 0.0034965035
20696 0.0034965035
7897 0.0034965035
10969 0.0034965035
6623 0.0034965035
6116 0.006993007
5349 0.0034965035
5861 0.006993007
20453 0.01048951
8422 0.0034965035
6886 0.01048951
20712 0.0034965035
6888 0.0034965035
7914 0.006993007
1006 0.013986014
241 0.006993007
3058 0.006993007
11512 0.045454547
22009 0.0034965035
2041 0.0034965035
3323 0.0034965035
16892 0.0034965035
18684 0.02097902
22270 0.0034965035
6654 0.0034965035
5631 0.0034965035
6143 0.006993007
