9988 0.005235602
5892 0.007853403
8709 0.005235602
5893 0.015706806
16390 0.007853403
10246 0.028795812
519 0.002617801
16396 0.002617801
5900 0.002617801
19980 0.002617801
4364 0.002617801
15629 0.002617801
1295 0.002617801
17935 0.007853403
21523 0.002617801
8468 0.002617801
6676 0.002617801
2836 0.013089005
13847 0.018324608
19736 0.013089005
4635 0.010471204
11292 0.002617801
14365 0.005235602
15902 0.002617801
12830 0.002617801
8735 0.007853403
22050 0.002617801
13090 0.005235602
9250 0.007853403
1572 0.005235602
8485 0.002617801
18217 0.002617801
13104 0.002617801
10546 0.002617801
12339 0.002617801
7479 0.002617801
3130 0.002617801
20538 0.002617801
14650 0.010471204
11327 0.002617801
18239 0.015706806
12357 0.002617801
10821 0.007853403
18758 0.002617801
2119 0.002617801
8263 0.007853403
12871 0.007853403
4169 0.002617801
17738 0.002617801
16717 0.005235602
11598 0.002617801
18000 0.002617801
337 0.002617801
9810 0.002617801
83 0.002617801
7252 0.002617801
20821 0.002617801
2138 0.002617801
19034 0.002617801
10331 0.002617801
13659 0.005235602
14173 0.010471204
13919 0.002617801
1119 0.002617801
14176 0.002617801
1376 0.005235602
16481 0.010471204
10083 0.002617801
15971 0.005235602
17252 0.002617801
2662 0.002617801
3430 0.005235602
14954 0.002617801
10605 0.002617801
1134 0.002617801
10095 0.005235602
21872 0.002617801
18545 0.002617801
2674 0.002617801
13426 0.005235602
11635 0.002617801
5236 0.002617801
884 0.007853403
19062 0.005235602
15484 0.002617801
6525 0.002617801
19581 0.015706806
14976 0.002617801
2176 0.002617801
21377 0.002617801
16002 0.002617801
13186 0.007853403
8070 0.002617801
9862 0.010471204
10896 0.002617801
20624 0.002617801
9616 0.002617801
10897 0.002617801
9361 0.002617801
16789 0.002617801
8342 0.002617801
7830 0.005235602
8343 0.007853403
21401 0.005235602
9370 0.028795812
21403 0.002617801
16796 0.002617801
11932 0.015706806
15011 0.002617801
9892 0.002617801
18340 0.002617801
3749 0.002617801
4007 0.005235602
5032 0.002617801
10409 0.036649216
3243 0.002617801
2731 0.002617801
19886 0.010471204
8111 0.002617801
20405 0.013089005
12470 0.002617801
19126 0.002617801
20150 0.005235602
2231 0.002617801
6584 0.002617801
16572 0.002617801
6588 0.005235602
12734 0.007853403
5313 0.002617801
14273 0.010471204
3268 0.002617801
16582 0.002617801
2758 0.002617801
13255 0.007853403
22216 0.002617801
18378 0.005235602
19917 0.002617801
2765 0.005235602
1742 0.002617801
6862 0.002617801
14288 0.002617801
18385 0.002617801
5585 0.002617801
7634 0.002617801
10451 0.018324608
6612 0.002617801
17365 0.002617801
8662 0.002617801
12759 0.002617801
3288 0.002617801
20696 0.054973822
7897 0.002617801
731 0.002617801
2785 0.002617801
18657 0.005235602
5859 0.002617801
8163 0.007853403
8422 0.005235602
2791 0.002617801
6119 0.005235602
4841 0.002617801
1261 0.007853403
21486 0.002617801
1006 0.007853403
21487 0.002617801
18159 0.002617801
496 0.002617801
12016 0.002617801
5105 0.002617801
1524 0.005235602
14070 0.002617801
4342 0.005235602
1527 0.002617801
11512 0.06282722
2041 0.002617801
18681 0.002617801
14329 0.005235602
14330 0.002617801
14843 0.002617801
3323 0.005235602
253 0.002617801
13566 0.002617801
