512 0.010600707
5892 0.014134276
6661 0.003533569
5893 0.007067138
16390 0.06713781
14860 0.007067138
10767 0.010600707
1295 0.06360424
8468 0.003533569
13844 0.007067138
14616 0.003533569
4635 0.010600707
10780 0.003533569
15900 0.003533569
14365 0.003533569
12830 0.007067138
13343 0.003533569
12832 0.003533569
12321 0.003533569
6435 0.003533569
12581 0.003533569
11303 0.003533569
18731 0.010600707
6444 0.003533569
10284 0.003533569
13613 0.003533569
11055 0.003533569
12079 0.003533569
22064 0.003533569
8241 0.003533569
21044 0.003533569
13876 0.003533569
21558 0.003533569
15673 0.003533569
14394 0.007067138
14650 0.010600707
11327 0.007067138
18239 0.021201413
15424 0.003533569
11073 0.003533569
4674 0.003533569
9538 0.003533569
19268 0.003533569
10821 0.010600707
18758 0.003533569
2119 0.003533569
8263 0.007067138
7752 0.003533569
15688 0.003533569
2134 0.003533569
18263 0.038869258
13659 0.003533569
6238 0.003533569
9310 0.003533569
19041 0.003533569
20579 0.003533569
10083 0.007067138
3430 0.014134276
5736 0.003533569
15209 0.003533569
14953 0.007067138
4714 0.003533569
109 0.003533569
21872 0.003533569
7793 0.003533569
14451 0.003533569
11635 0.028268551
5236 0.003533569
884 0.010600707
21621 0.003533569
19062 0.007067138
20349 0.003533569
19581 0.024734983
8575 0.003533569
13186 0.003533569
16003 0.003533569
8836 0.003533569
9862 0.024734983
5000 0.003533569
11149 0.003533569
20367 0.007067138
8335 0.007067138
19856 0.003533569
21136 0.003533569
6032 0.010600707
20883 0.003533569
8343 0.003533569
11672 0.010600707
14490 0.003533569
20127 0.007067138
3745 0.003533569
21679 0.010600707
19633 0.003533569
9141 0.003533569
20405 0.010600707
3259 0.003533569
21438 0.003533569
12734 0.007067138
3520 0.003533569
16064 0.003533569
19137 0.003533569
21698 0.003533569
10691 0.003533569
3524 0.003533569
1737 0.007067138
13260 0.010600707
12495 0.003533569
19408 0.003533569
10451 0.024734983
20437 0.003533569
14806 0.003533569
10200 0.003533569
21465 0.003533569
17114 0.003533569
13532 0.007067138
12765 0.003533569
6368 0.007067138
4321 0.003533569
7906 0.003533569
11235 0.003533569
8163 0.003533569
7907 0.003533569
6116 0.014134276
5861 0.003533569
20453 0.003533569
8422 0.003533569
6886 0.003533569
16871 0.003533569
1006 0.003533569
12016 0.003533569
20723 0.003533569
2292 0.003533569
9973 0.003533569
11512 0.077738516
3323 0.003533569
5631 0.007067138
