16002 0.005291005
4100 0.005291005
5893 0.02116402
20231 0.11111111
2312 0.005291005
7305 0.005291005
8843 0.005291005
10763 0.01058201
3982 0.005291005
20624 0.005291005
19736 0.037037037
4635 0.015873017
31 0.005291005
6687 0.005291005
6688 0.005291005
3745 0.005291005
13857 0.005291005
22050 0.005291005
13097 0.01058201
18731 0.01058201
4141 0.005291005
19886 0.01058201
17840 0.005291005
14514 0.005291005
10546 0.01058201
8243 0.005291005
10037 0.005291005
20405 0.031746034
311 0.005291005
18872 0.005291005
3130 0.005291005
14650 0.026455026
3645 0.005291005
703 0.005291005
11327 0.005291005
18239 0.015873017
1217 0.005291005
8257 0.005291005
1858 0.005291005
10691 0.026455026
10821 0.01058201
7878 0.005291005
18118 0.005291005
16582 0.005291005
2506 0.005291005
17867 0.01058201
12109 0.005291005
3149 0.005291005
14798 0.005291005
11598 0.005291005
15183 0.01058201
1488 0.015873017
3922 0.005291005
12626 0.01058201
10451 0.037037037
7252 0.005291005
5077 0.005291005
9685 0.02116402
17751 0.005291005
18263 0.005291005
3288 0.005291005
20696 0.01058201
2393 0.005291005
20185 0.015873017
4314 0.005291005
6364 0.005291005
13149 0.005291005
4573 0.005291005
9310 0.005291005
6239 0.01058201
2016 0.005291005
21345 0.005291005
20065 0.02116402
20579 0.005291005
20453 0.005291005
3430 0.01058201
2791 0.005291005
4714 0.005291005
12011 0.005291005
18414 0.005291005
241 0.005291005
18291 0.005291005
8179 0.01058201
11635 0.01058201
884 0.005291005
19445 0.005291005
21621 0.005291005
14838 0.005291005
15606 0.005291005
19062 0.005291005
1399 0.005291005
2552 0.005291005
11512 0.052910052
3323 0.04232804
19581 0.01058201
3839 0.005291005
