8193 0.0037593986
5893 0.037593983
4362 0.0037593986
15629 0.0037593986
20750 0.0037593986
20751 0.007518797
10512 0.0037593986
15379 0.0037593986
10005 0.007518797
15127 0.0037593986
19736 0.015037594
4635 0.018796992
16924 0.0037593986
21532 0.0037593986
14365 0.0037593986
12321 0.0037593986
7208 0.0037593986
298 0.0037593986
13610 0.0037593986
4652 0.0037593986
10284 0.011278195
13613 0.007518797
5170 0.0037593986
13108 0.0037593986
21813 0.0037593986
21558 0.0037593986
9527 0.0037593986
14650 0.011278195
15932 0.007518797
18239 0.0037593986
10303 0.0037593986
8001 0.08646616
13636 0.0037593986
11590 0.007518797
8263 0.015037594
3148 0.0037593986
2892 0.030075189
6222 0.0037593986
18263 0.0037593986
11607 0.007518797
1627 0.0037593986
16221 0.0037593986
3680 0.0037593986
16736 0.02631579
21345 0.0037593986
20579 0.0037593986
10083 0.0037593986
3430 0.0037593986
2662 0.011278195
5736 0.0037593986
1898 0.0037593986
8811 0.0037593986
12914 0.0037593986
884 0.011278195
21110 0.0037593986
19062 0.0037593986
5500 0.0037593986
19581 0.05263158
16003 0.007518797
9862 0.007518797
9356 0.0037593986
13709 0.0037593986
3982 0.0037593986
18064 0.011278195
913 0.007518797
17553 0.007518797
6549 0.0037593986
7830 0.0037593986
150 0.0037593986
8855 0.0037593986
8343 0.030075189
10651 0.0037593986
21403 0.007518797
11932 0.0037593986
13983 0.0037593986
1955 0.0037593986
18599 0.0037593986
8872 0.0037593986
3240 0.0037593986
15528 0.015037594
12713 0.0037593986
5036 0.0037593986
13485 0.0037593986
19886 0.0037593986
9393 0.011278195
8371 0.0037593986
14515 0.011278195
10677 0.0037593986
20405 0.018796992
11190 0.0037593986
2231 0.0037593986
16058 0.011278195
4542 0.0037593986
5569 0.0037593986
5825 0.007518797
4290 0.0037593986
3522 0.007518797
10691 0.007518797
3524 0.0037593986
2758 0.0037593986
4809 0.0037593986
8140 0.0037593986
20941 0.0037593986
15311 0.0037593986
1488 0.007518797
10451 0.02255639
20696 0.015037594
21465 0.0037593986
7642 0.007518797
9951 0.0037593986
6623 0.011278195
6368 0.011278195
20451 0.0037593986
6116 0.007518797
8422 0.0037593986
20712 0.0037593986
21483 0.007518797
18414 0.0037593986
18159 0.0037593986
8175 0.0037593986
10480 0.0037593986
2288 0.0037593986
241 0.0037593986
7160 0.007518797
11512 0.02631579
14587 0.0037593986
3323 0.018796992
4095 0.0037593986
