7680 0.0035714286
5121 0.0035714286
5893 0.017857144
10246 0.017857144
519 0.0035714286
9227 0.0035714286
5900 0.014285714
5390 0.0035714286
10767 0.0035714286
8208 0.0035714286
19216 0.0035714286
10518 0.0035714286
19736 0.035714287
8474 0.0035714286
8218 0.0035714286
4635 0.021428572
15900 0.0035714286
5405 0.0035714286
2592 0.0035714286
3104 0.007142857
9250 0.007142857
2854 0.0035714286
38 0.0035714286
2602 0.0035714286
298 0.007142857
20011 0.0035714286
1324 0.0035714286
13613 0.0035714286
14127 0.0035714286
16432 0.0035714286
21044 0.007142857
14650 0.0035714286
12603 0.0035714286
18239 0.007142857
11073 0.0035714286
10821 0.0035714286
4934 0.0035714286
12871 0.0035714286
8263 0.0035714286
12873 0.0035714286
4169 0.007142857
1354 0.0035714286
20554 0.007142857
16717 0.0035714286
2128 0.0035714286
18263 0.014285714
4440 0.0035714286
13659 0.0035714286
10331 0.0035714286
14173 0.007142857
4446 0.0035714286
6239 0.0035714286
9569 0.0035714286
7265 0.007142857
20579 0.0035714286
10083 0.010714286
3430 0.0035714286
15208 0.0035714286
15209 0.007142857
14442 0.0035714286
109 0.0035714286
16495 0.0035714286
21872 0.007142857
5235 0.0035714286
11635 0.0035714286
6525 0.0035714286
8573 0.0035714286
19581 0.014285714
5502 0.0035714286
2176 0.0035714286
1411 0.0035714286
16003 0.08928572
11141 0.007142857
9862 0.010714286
17544 0.014285714
6286 0.0035714286
4238 0.0035714286
10896 0.0035714286
8592 0.0035714286
18064 0.0035714286
21136 0.0035714286
19601 0.0035714286
10897 0.007142857
1427 0.007142857
20886 0.0035714286
150 0.0035714286
8343 0.007142857
21401 0.0035714286
10649 0.010714286
16026 0.0035714286
21403 0.0035714286
7067 0.0035714286
10651 0.0035714286
18081 0.0035714286
3240 0.0035714286
13485 0.0035714286
1966 0.0035714286
13998 0.0035714286
9390 0.0035714286
8111 0.0035714286
7090 0.0035714286
20402 0.0035714286
14514 0.0035714286
2226 0.0035714286
9139 0.0035714286
20405 0.046428572
19126 0.0035714286
11447 0.0035714286
8890 0.0035714286
21434 0.0035714286
21947 0.0035714286
16064 0.0035714286
5825 0.014285714
3522 0.0035714286
7110 0.007142857
14798 0.0035714286
11215 0.0035714286
19408 0.0035714286
1488 0.007142857
10451 0.014285714
3288 0.0035714286
20696 0.010714286
1241 0.0035714286
7897 0.0035714286
21465 0.007142857
11482 0.0035714286
18394 0.007142857
5083 0.0035714286
731 0.0035714286
19419 0.0035714286
7906 0.0035714286
14562 0.0035714286
13538 0.0035714286
8163 0.0035714286
5859 0.0035714286
6116 0.017857144
20453 0.0035714286
5349 0.0035714286
19688 0.0035714286
19183 0.0035714286
12016 0.0035714286
1524 0.007142857
15606 0.0035714286
11512 0.08571429
2041 0.007142857
3323 0.007142857
22012 0.0035714286
