8193 0.004310345
5893 0.030172413
10246 0.01724138
17415 0.004310345
15111 0.004310345
6409 0.004310345
5900 0.004310345
2061 0.004310345
10767 0.012931035
12051 0.004310345
13844 0.00862069
19736 0.004310345
4635 0.021551725
12830 0.01724138
6687 0.004310345
17442 0.004310345
9250 0.00862069
6435 0.004310345
4652 0.012931035
22064 0.004310345
10546 0.012931035
20020 0.00862069
14905 0.004310345
4665 0.021551725
14650 0.012931035
22077 0.004310345
11327 0.004310345
18239 0.021551725
13888 0.004310345
6976 0.004310345
19781 0.00862069
10821 0.00862069
18758 0.012931035
5959 0.004310345
19020 0.004310345
6477 0.004310345
5967 0.004310345
11089 0.004310345
9044 0.004310345
11607 0.00862069
17498 0.004310345
20571 0.004310345
13659 0.004310345
15966 0.00862069
10083 0.004310345
20579 0.004310345
2662 0.004310345
3430 0.012931035
17262 0.004310345
5235 0.004310345
884 0.004310345
18038 0.004310345
19062 0.00862069
16761 0.004310345
12413 0.004310345
19581 0.012931035
14466 0.004310345
2690 0.00862069
10882 0.00862069
8070 0.004310345
7304 0.004310345
5002 0.004310345
11151 0.004310345
18834 0.00862069
20883 0.004310345
8343 0.01724138
12952 0.004310345
21401 0.004310345
13210 0.004310345
8603 0.00862069
11932 0.021551725
18081 0.004310345
3745 0.012931035
7333 0.004310345
21162 0.004310345
7082 0.00862069
2731 0.004310345
8371 0.004310345
1716 0.004310345
20405 0.030172413
6336 0.004310345
16064 0.004310345
15808 0.004310345
963 0.004310345
10691 0.004310345
11718 0.004310345
13255 0.004310345
4809 0.004310345
18378 0.012931035
4556 0.021551725
6862 0.004310345
20942 0.00862069
1488 0.01724138
8915 0.004310345
10451 0.030172413
20437 0.004310345
3288 0.02586207
21465 0.004310345
731 0.004310345
14300 0.00862069
2269 0.004310345
6623 0.021551725
9441 0.004310345
20453 0.00862069
5349 0.00862069
6886 0.00862069
16871 0.01724138
20712 0.00862069
18410 0.004310345
11245 0.004310345
18414 0.004310345
241 0.004310345
20723 0.004310345
12020 0.004310345
11512 0.06465517
19199 0.004310345
6143 0.012931035
