5893 0.0030395137
19461 0.0030395137
16390 0.0060790274
10246 0.009118541
20231 0.0881459
4617 0.0030395137
21514 0.0030395137
1035 0.0030395137
10763 0.012158055
9484 0.0030395137
7436 0.0030395137
15629 0.0030395137
21262 0.0030395137
10767 0.0060790274
15120 0.0060790274
4115 0.0030395137
278 0.0030395137
22294 0.0030395137
19736 0.0060790274
14618 0.0030395137
4635 0.009118541
9243 0.009118541
15900 0.0060790274
6687 0.0030395137
2335 0.0030395137
13090 0.0030395137
22050 0.0030395137
22051 0.0030395137
14116 0.0030395137
8485 0.0030395137
10533 0.0030395137
8743 0.0060790274
14891 0.0030395137
18222 0.0030395137
12849 0.0030395137
8243 0.0030395137
21813 0.0060790274
1081 0.0030395137
14650 0.012158055
11327 0.0060790274
18239 0.009118541
5696 0.0030395137
11073 0.0030395137
1858 0.0060790274
5698 0.027355623
10821 0.015197569
8263 0.009118541
16717 0.0030395137
11598 0.0030395137
6222 0.0030395137
3922 0.0030395137
18003 0.0060790274
17751 0.0030395137
18263 0.0030395137
2393 0.0060790274
13659 0.0030395137
15196 0.0030395137
12639 0.0030395137
13919 0.012158055
16736 0.0030395137
11363 0.0030395137
5990 0.0030395137
2662 0.0060790274
14185 0.0030395137
10605 0.009118541
13426 0.0030395137
11891 0.0030395137
11635 0.0060790274
884 0.0060790274
20085 0.0030395137
21621 0.009118541
19062 0.009118541
5752 0.0030395137
125 0.0030395137
19581 0.018237082
1150 0.0030395137
8070 0.009118541
13709 0.0030395137
7567 0.0030395137
8592 0.0030395137
6032 0.009118541
10897 0.009118541
14490 0.0030395137
21403 0.0030395137
10651 0.0060790274
11932 0.009118541
5025 0.0030395137
3745 0.0030395137
11425 0.0030395137
21154 0.0060790274
8355 0.0030395137
18340 0.0030395137
16550 0.0030395137
7082 0.0060790274
2731 0.0030395137
6574 0.0030395137
21679 0.0060790274
7090 0.0030395137
4789 0.0030395137
20405 0.04255319
15543 0.0030395137
2231 0.0060790274
16064 0.0060790274
1217 0.0030395137
5825 0.0060790274
3522 0.0030395137
10691 0.0060790274
2758 0.0030395137
21705 0.0030395137
18378 0.009118541
13260 0.075987846
10451 0.04863222
15316 0.0030395137
20696 0.0030395137
3288 0.009118541
7642 0.0030395137
14556 0.0030395137
4574 0.0030395137
18401 0.0030395137
13537 0.0030395137
5859 0.0030395137
20453 0.0030395137
6886 0.015197569
16871 0.0030395137
18410 0.018237082
20203 0.0030395137
4590 0.0030395137
18414 0.0030395137
1006 0.009118541
11504 0.0030395137
241 0.0030395137
5363 0.0030395137
17653 0.0030395137
11512 0.0668693
3581 0.0030395137
6654 0.009118541
6143 0.009118541
