16130 0.004201681
8194 0.033613447
19461 0.004201681
5893 0.012605042
10246 0.004201681
16390 0.004201681
6409 0.008403362
18442 0.004201681
5900 0.004201681
1549 0.004201681
20 0.004201681
2836 0.008403362
19736 0.008403362
13081 0.004201681
4635 0.008403362
19484 0.004201681
11808 0.004201681
4645 0.008403362
13611 0.004201681
2607 0.004201681
11825 0.008403362
21813 0.012605042
20280 0.004201681
14650 0.029411765
3130 0.15966387
4923 0.004201681
3645 0.012605042
5439 0.004201681
11327 0.008403362
18239 0.021008404
5698 0.008403362
10821 0.004201681
18501 0.004201681
8263 0.004201681
16717 0.008403362
5973 0.004201681
18263 0.004201681
10072 0.004201681
5210 0.004201681
15196 0.004201681
16736 0.008403362
21345 0.004201681
5477 0.004201681
13160 0.004201681
13929 0.025210084
12139 0.004201681
10605 0.004201681
11635 0.012605042
19062 0.004201681
8320 0.004201681
3456 0.004201681
11141 0.004201681
8837 0.008403362
8070 0.004201681
13958 0.004201681
7567 0.029411765
6032 0.008403362
7830 0.008403362
4758 0.008403362
8343 0.004201681
8603 0.004201681
10651 0.012605042
11932 0.004201681
4510 0.008403362
3745 0.004201681
4513 0.004201681
8355 0.016806724
14757 0.008403362
17318 0.004201681
12710 0.008403362
21677 0.004201681
11443 0.004201681
13235 0.004201681
20405 0.012605042
3515 0.004201681
6588 0.004201681
4286 0.004201681
19137 0.004201681
3522 0.008403362
10691 0.004201681
13255 0.012605042
1224 0.004201681
18378 0.008403362
13260 0.004201681
19917 0.004201681
1488 0.025210084
10451 0.029411765
20438 0.012605042
16605 0.004201681
5859 0.004201681
6116 0.004201681
20453 0.029411765
16871 0.008403362
20712 0.004201681
18410 0.004201681
1006 0.004201681
241 0.004201681
8433 0.012605042
20723 0.004201681
19445 0.004201681
21752 0.004201681
11512 0.033613447
18937 0.004201681
2041 0.004201681
19199 0.004201681
6143 0.012605042
