8194 0.008510638
18693 0.012765957
5893 0.029787235
10246 0.004255319
16650 0.004255319
6413 0.004255319
15629 0.008510638
7950 0.017021276
10767 0.017021276
8208 0.012765957
6167 0.004255319
19736 0.017021276
4635 0.012765957
21278 0.004255319
13855 0.004255319
9250 0.008510638
14374 0.004255319
4903 0.004255319
7209 0.004255319
4649 0.004255319
13613 0.004255319
8237 0.004255319
9779 0.004255319
20020 0.004255319
7477 0.004255319
10037 0.004255319
14391 0.004255319
21559 0.004255319
4665 0.021276595
14650 0.004255319
18239 0.004255319
11327 0.004255319
9792 0.004255319
1858 0.012765957
10821 0.004255319
2119 0.004255319
16969 0.004255319
18250 0.004255319
14155 0.004255319
3148 0.004255319
21325 0.004255319
6477 0.012765957
11598 0.004255319
3918 0.004255319
20821 0.004255319
17751 0.004255319
11607 0.004255319
20571 0.004255319
11617 0.008510638
21345 0.008510638
10083 0.008510638
11363 0.008510638
20579 0.012765957
13160 0.004255319
13929 0.012765957
20587 0.004255319
19062 0.004255319
5752 0.004255319
19581 0.029787235
3456 0.008510638
14465 0.017021276
11141 0.004255319
9862 0.004255319
3718 0.004255319
15496 0.004255319
3210 0.004255319
3982 0.004255319
11151 0.008510638
17553 0.004255319
2453 0.004255319
7830 0.017021276
8343 0.034042552
11932 0.008510638
15011 0.004255319
8355 0.017021276
168 0.004255319
15528 0.004255319
19886 0.004255319
20405 0.025531914
19126 0.004255319
9399 0.012765957
4025 0.004255319
5308 0.004255319
19137 0.004255319
10691 0.008510638
3530 0.008510638
17867 0.004255319
4556 0.021276595
2509 0.004255319
3790 0.004255319
1488 0.008510638
10451 0.029787235
14550 0.004255319
17366 0.004255319
4567 0.004255319
20696 0.004255319
21465 0.004255319
6623 0.004255319
2274 0.004255319
6116 0.004255319
3300 0.004255319
5861 0.004255319
20453 0.004255319
8422 0.004255319
6119 0.004255319
11751 0.004255319
20712 0.008510638
12264 0.012765957
18410 0.004255319
14826 0.004255319
14060 0.004255319
1006 0.012765957
18159 0.012765957
12016 0.012765957
241 0.008510638
1780 0.008510638
15093 0.004255319
1527 0.004255319
11512 0.08085106
2041 0.004255319
6143 0.004255319
