8194 0.0069444445
17156 0.0034722222
5893 0.0034722222
10246 0.010416667
16390 0.024305556
17415 0.0034722222
5643 0.0034722222
8972 0.0034722222
16396 0.0034722222
20750 0.0034722222
10767 0.0034722222
2063 0.0034722222
17935 0.0034722222
19216 0.0034722222
12823 0.0034722222
19736 0.017361112
4635 0.0069444445
13855 0.0034722222
14625 0.0034722222
11298 0.0034722222
9250 0.010416667
3364 0.0034722222
21541 0.0034722222
4903 0.0034722222
16169 0.0034722222
2601 0.0034722222
4649 0.0034722222
21291 0.0034722222
13613 0.013888889
1072 0.0034722222
50 0.0069444445
19250 0.0069444445
10546 0.017361112
20020 0.0034722222
21813 0.0034722222
14394 0.0034722222
14650 0.0069444445
15932 0.0069444445
18239 0.034722224
20290 0.0034722222
7747 0.0069444445
10821 0.0034722222
4679 0.0034722222
12871 0.0034722222
8263 0.0069444445
14153 0.0069444445
16717 0.0034722222
3922 0.010416667
21332 0.0034722222
20821 0.0034722222
20566 0.0034722222
18263 0.048611112
9306 0.0034722222
19034 0.0034722222
13659 0.0034722222
14173 0.0034722222
19805 0.0034722222
16478 0.0034722222
6239 0.0034722222
8288 0.0034722222
18528 0.0034722222
1376 0.0034722222
16481 0.010416667
15971 0.0034722222
20579 0.0069444445
10083 0.010416667
3430 0.0034722222
11121 0.0034722222
11635 0.010416667
884 0.0034722222
21621 0.0069444445
19062 0.0069444445
15484 0.0034722222
8573 0.0069444445
19581 0.010416667
13186 0.0034722222
2690 0.0034722222
16772 0.0034722222
9862 0.010416667
3464 0.0034722222
19594 0.0034722222
9615 0.0034722222
8592 0.0034722222
14992 0.0034722222
10897 0.010416667
3730 0.0034722222
20627 0.0034722222
7318 0.0034722222
8342 0.0034722222
8343 0.0034722222
21401 0.0034722222
669 0.0034722222
18077 0.0069444445
21663 0.0034722222
20127 0.010416667
3745 0.0069444445
15011 0.0034722222
11944 0.0034722222
15528 0.0034722222
19886 0.0069444445
14514 0.0034722222
9139 0.0034722222
13235 0.0034722222
180 0.0034722222
9141 0.0034722222
10677 0.0034722222
20405 0.020833334
19126 0.0034722222
6588 0.0034722222
10691 0.0034722222
15046 0.0034722222
2758 0.0069444445
1224 0.0069444445
2506 0.0034722222
5580 0.0034722222
13778 0.0034722222
979 0.0034722222
10451 0.017361112
10710 0.0034722222
8662 0.013888889
3288 0.0034722222
20696 0.024305556
21465 0.010416667
13532 0.0069444445
16605 0.0034722222
12765 0.0034722222
18656 0.0034722222
6368 0.0034722222
13538 0.0034722222
3300 0.0069444445
6116 0.0069444445
20453 0.0069444445
5349 0.0069444445
8422 0.0034722222
6886 0.017361112
11241 0.0034722222
18410 0.0034722222
7914 0.010416667
12011 0.0034722222
14061 0.0034722222
1006 0.0069444445
19183 0.0034722222
3568 0.0034722222
496 0.0034722222
8433 0.0034722222
14070 0.0069444445
1016 0.0034722222
7160 0.0034722222
11512 0.09375
2041 0.0069444445
6654 0.0034722222
