0 0.0029850747
8194 0.0059701493
5893 0.011940299
10246 0.0089552235
17415 0.014925373
16396 0.0059701493
17935 0.0029850747
10512 0.0059701493
18706 0.0029850747
8468 0.0029850747
19736 0.014925373
21787 0.0029850747
4635 0.011940299
15900 0.0029850747
3100 0.0029850747
6687 0.0029850747
12833 0.0029850747
11298 0.0029850747
9250 0.0059701493
20516 0.035820894
38 0.0029850747
21287 0.0029850747
10536 0.0029850747
13097 0.0029850747
4651 0.0029850747
1837 0.0029850747
13613 0.0029850747
15662 0.0029850747
22064 0.0059701493
10546 0.011940299
8243 0.0029850747
7221 0.0029850747
14903 0.0029850747
14650 0.0059701493
20538 0.0089552235
4923 0.0029850747
6203 0.0029850747
2621 0.0029850747
10813 0.0029850747
4669 0.0029850747
11327 0.0029850747
18239 0.020895522
12097 0.0029850747
1858 0.0029850747
10821 0.0089552235
18758 0.0029850747
8263 0.0029850747
2119 0.0059701493
6215 0.0089552235
21325 0.0029850747
11598 0.0029850747
13904 0.0029850747
9810 0.0029850747
20309 0.0029850747
13659 0.0029850747
2396 0.0029850747
5212 0.0059701493
8797 0.0029850747
10589 0.0029850747
9310 0.0029850747
6239 0.0029850747
5730 0.0089552235
20579 0.0029850747
11363 0.0059701493
3430 0.0089552235
13928 0.0029850747
874 0.0029850747
4714 0.0089552235
6509 0.0029850747
109 0.0029850747
11121 0.0029850747
11635 0.0029850747
884 0.0029850747
121 0.0029850747
15481 0.0029850747
8573 0.0089552235
19581 0.014925373
3455 0.0029850747
5760 0.0029850747
2176 0.0029850747
22147 0.0029850747
11141 0.0029850747
9862 0.011940299
19592 0.0029850747
19594 0.0029850747
3982 0.0059701493
10896 0.0029850747
17553 0.0029850747
20883 0.0029850747
7315 0.0029850747
19603 0.0029850747
150 0.0029850747
7830 0.026865672
13210 0.0029850747
8090 0.0089552235
10651 0.0029850747
1948 0.0029850747
11932 0.0059701493
4510 0.0029850747
4255 0.0029850747
8097 0.0029850747
3745 0.0089552235
15011 0.0029850747
11431 0.0059701493
13480 0.0029850747
19886 0.014925373
17840 0.0059701493
10417 0.011940299
14514 0.0059701493
10677 0.0029850747
20405 0.026865672
17846 0.011940299
14519 0.0029850747
6336 0.0029850747
192 0.014925373
5825 0.0059701493
4290 0.0029850747
3522 0.0059701493
4036 0.0029850747
14022 0.0029850747
7110 0.0059701493
16841 0.0029850747
3790 0.0059701493
1488 0.0029850747
10451 0.041791044
20949 0.0059701493
16599 0.0059701493
3288 0.017910447
20696 0.023880597
7642 0.0059701493
6364 0.0029850747
991 0.0029850747
6623 0.0089552235
6116 0.0029850747
20453 0.0059701493
5861 0.0059701493
5349 0.0089552235
8422 0.0029850747
2791 0.0059701493
20712 0.023880597
3306 0.0089552235
18414 0.0029850747
1006 0.014925373
2288 0.0029850747
12016 0.0059701493
241 0.0059701493
1522 0.0029850747
499 0.0029850747
9459 0.0029850747
12020 0.0059701493
5623 0.0029850747
7160 0.0059701493
11512 0.04477612
2041 0.0029850747
3323 0.0059701493
6654 0.0059701493
6143 0.0029850747
16383 0.0029850747
