8194 0.004115226
5123 0.004115226
6660 0.004115226
5892 0.008230452
5893 0.004115226
2058 0.004115226
2836 0.004115226
19736 0.008230452
4635 0.012345679
13855 0.004115226
6688 0.004115226
13857 0.004115226
9250 0.012345679
20516 0.004115226
550 0.004115226
4903 0.004115226
298 0.004115226
6444 0.004115226
13613 0.004115226
1072 0.004115226
7474 0.004115226
8243 0.004115226
1076 0.004115226
1594 0.004115226
14650 0.020576132
2621 0.016460905
15422 0.016460905
18239 0.012345679
10821 0.012345679
18758 0.012345679
8263 0.004115226
4169 0.004115226
12365 0.004115226
7252 0.004115226
84 0.004115226
9813 0.004115226
20309 0.004115226
18263 0.004115226
10331 0.004115226
15196 0.004115226
13662 0.004115226
15971 0.004115226
6243 0.004115226
10083 0.004115226
20579 0.012345679
2662 0.004115226
3430 0.028806584
8811 0.004115226
9836 0.008230452
11117 0.004115226
6509 0.004115226
3950 0.004115226
5231 0.012345679
21872 0.004115226
7793 0.004115226
13426 0.004115226
14451 0.004115226
11635 0.008230452
884 0.008230452
21621 0.004115226
19062 0.008230452
19581 0.020576132
18816 0.004115226
6021 0.008230452
9862 0.016460905
6286 0.004115226
17553 0.004115226
148 0.004115226
10133 0.004115226
17815 0.004115226
8090 0.004115226
13211 0.024691358
2204 0.004115226
4509 0.004115226
4510 0.004115226
13983 0.004115226
8097 0.008230452
3745 0.016460905
21155 0.004115226
14757 0.004115226
15528 0.008230452
10409 0.03292181
18858 0.004115226
9387 0.004115226
12205 0.004115226
19886 0.004115226
176 0.004115226
8368 0.041152265
9393 0.004115226
14514 0.004115226
20405 0.012345679
12470 0.004115226
11710 0.004115226
14273 0.012345679
9666 0.004115226
8386 0.004115226
7874 0.004115226
10691 0.004115226
13255 0.008230452
8140 0.008230452
19917 0.004115226
718 0.004115226
17358 0.004115226
12495 0.008230452
10451 0.028806584
2776 0.004115226
3288 0.012345679
20696 0.028806584
5849 0.008230452
18394 0.004115226
14300 0.004115226
6886 0.004115226
7914 0.004115226
235 0.004115226
15342 0.004115226
1006 0.028806584
12016 0.028806584
20723 0.004115226
19188 0.004115226
21493 0.008230452
11512 0.053497944
14843 0.008230452
9468 0.004115226
19199 0.008230452
