11776 0.004016064
8193 0.004016064
5892 0.004016064
5 0.004016064
8709 0.004016064
5893 0.02008032
16390 0.004016064
10246 0.008032128
17415 0.004016064
12555 0.004016064
5900 0.004016064
14860 0.004016064
15629 0.004016064
15376 0.004016064
18708 0.004016064
19736 0.016064256
4635 0.02811245
16156 0.004016064
797 0.004016064
22045 0.004016064
13343 0.008032128
16164 0.004016064
21541 0.004016064
8743 0.004016064
298 0.008032128
18731 0.008032128
13613 0.016064256
22064 0.004016064
15152 0.004016064
10548 0.004016064
21044 0.004016064
14650 0.016064256
6206 0.004016064
12095 0.004016064
11327 0.004016064
18239 0.008032128
13130 0.004016064
18251 0.004016064
19020 0.004016064
20813 0.004016064
16717 0.004016064
11598 0.008032128
9810 0.004016064
7252 0.008032128
20821 0.008032128
17751 0.004016064
18263 0.084337346
4440 0.004016064
6239 0.004016064
10083 0.004016064
20579 0.008032128
2662 0.004016064
3430 0.008032128
15209 0.004016064
17778 0.004016064
11635 0.004016064
884 0.016064256
19581 0.008032128
13186 0.004016064
11141 0.012048192
18566 0.004016064
9862 0.012048192
8070 0.016064256
8843 0.008032128
10896 0.004016064
20624 0.004016064
400 0.004016064
21136 0.004016064
6032 0.004016064
15509 0.004016064
8342 0.004016064
150 0.004016064
7830 0.012048192
8343 0.008032128
11672 0.008032128
21401 0.004016064
14746 0.004016064
924 0.004016064
11932 0.004016064
7333 0.004016064
17318 0.004016064
8616 0.004016064
1195 0.004016064
8111 0.004016064
19376 0.004016064
8368 0.016064256
20405 0.024096385
20150 0.008032128
21432 0.004016064
14011 0.004016064
16827 0.004016064
6588 0.004016064
16061 0.004016064
18879 0.004016064
963 0.004016064
14788 0.008032128
9157 0.004016064
16582 0.012048192
20167 0.004016064
8135 0.004016064
13255 0.012048192
18378 0.004016064
6091 0.004016064
20942 0.004016064
11215 0.004016064
5843 0.004016064
10451 0.04016064
3288 0.012048192
20696 0.064257026
14044 0.016064256
7135 0.004016064
16097 0.004016064
20196 0.004016064
20453 0.004016064
8422 0.008032128
3306 0.004016064
18410 0.004016064
7914 0.008032128
12016 0.004016064
241 0.004016064
2036 0.004016064
15606 0.004016064
14838 0.008032128
11512 0.04819277
22009 0.004016064
20217 0.004016064
5631 0.004016064
