8194 0.0057803467
5892 0.00867052
16901 0.0028901733
8709 0.0028901733
5893 0.023121387
10246 0.011560693
16390 0.014450867
3339 0.0028901733
10767 0.00867052
20752 0.031791907
18452 0.0028901733
19736 0.01734104
4635 0.011560693
5149 0.0028901733
18208 0.0028901733
12321 0.0028901733
9250 0.011560693
21541 0.0028901733
10027 0.0028901733
13613 0.00867052
1072 0.0028901733
8497 0.0028901733
7220 0.0028901733
7479 0.0028901733
14650 0.00867052
18239 0.0028901733
10303 0.0028901733
7487 0.0028901733
11327 0.0028901733
10821 0.00867052
18758 0.0028901733
12871 0.0028901733
6215 0.0057803467
8263 0.00867052
17225 0.0057803467
11598 0.0028901733
10831 0.0028901733
10065 0.0028901733
21076 0.0028901733
7252 0.0057803467
21589 0.0028901733
20821 0.0028901733
17751 0.0028901733
18263 0.011560693
20571 0.0028901733
13659 0.0057803467
13662 0.0028901733
6239 0.00867052
1888 0.00867052
16481 0.0028901733
21345 0.0057803467
9058 0.0028901733
10083 0.0057803467
20579 0.0057803467
3430 0.0028901733
874 0.0028901733
6509 0.0028901733
10350 0.0028901733
16495 0.0028901733
15984 0.0028901733
11121 0.0028901733
2674 0.0028901733
11635 0.00867052
884 0.00867052
21621 0.0057803467
12918 0.0028901733
21110 0.0028901733
19062 0.0028901733
10618 0.0028901733
8573 0.0028901733
19581 0.014450867
6785 0.0057803467
8837 0.0057803467
18566 0.0028901733
20360 0.0028901733
21385 0.0028901733
6286 0.0028901733
18064 0.0028901733
9360 0.0028901733
20624 0.0028901733
10897 0.0028901733
3730 0.0028901733
9363 0.011560693
20886 0.0028901733
8342 0.011560693
8343 0.0057803467
8855 0.0057803467
11672 0.0028901733
21401 0.0028901733
13210 0.0028901733
10651 0.0057803467
18077 0.0028901733
4510 0.0028901733
3745 0.0057803467
1697 0.0057803467
16034 0.0028901733
17318 0.0028901733
12710 0.0057803467
2471 0.0028901733
15527 0.0057803467
20648 0.0028901733
13736 0.0028901733
2473 0.0028901733
19625 0.0057803467
3242 0.0028901733
8111 0.0028901733
9393 0.0028901733
9139 0.011560693
13492 0.0028901733
20405 0.011560693
20150 0.0028901733
1213 0.0028901733
4286 0.0028901733
12734 0.0057803467
16064 0.0028901733
21696 0.0028901733
4290 0.0028901733
8898 0.0028901733
21698 0.0028901733
10691 0.0028901733
21444 0.0028901733
2758 0.0028901733
13255 0.00867052
10184 0.0028901733
16841 0.011560693
13260 0.02601156
462 0.0028901733
3023 0.0028901733
1488 0.0028901733
20176 0.0028901733
1746 0.0028901733
10451 0.014450867
7124 0.0028901733
20437 0.0028901733
18134 0.0028901733
3288 0.0028901733
20696 0.05202312
7897 0.0057803467
18394 0.0028901733
17115 0.0028901733
13532 0.0028901733
6368 0.00867052
18657 0.0028901733
20196 0.0028901733
6116 0.0057803467
5349 0.0028901733
20453 0.0057803467
5606 0.0057803467
6886 0.0057803467
8422 0.00867052
15335 0.0028901733
7914 0.0028901733
1006 0.014450867
18159 0.0028901733
21487 0.0028901733
3058 0.023121387
20723 0.0057803467
17653 0.0028901733
15606 0.0057803467
14838 0.0057803467
11512 0.08959538
2041 0.0028901733
16123 0.0028901733
14843 0.0028901733
22270 0.0028901733
