8961 0.003875969
9988 0.003875969
8709 0.003875969
5893 0.003875969
10246 0.011627907
17415 0.011627907
10763 0.003875969
7179 0.003875969
9227 0.034883723
15629 0.003875969
10767 0.007751938
19216 0.003875969
5396 0.003875969
13844 0.003875969
8468 0.007751938
22294 0.003875969
278 0.007751938
19736 0.019379845
21786 0.003875969
4635 0.011627907
797 0.003875969
6688 0.003875969
15908 0.003875969
19495 0.003875969
2602 0.003875969
13610 0.003875969
13613 0.003875969
22064 0.003875969
8243 0.003875969
21044 0.003875969
3637 0.003875969
10037 0.007751938
2614 0.007751938
311 0.011627907
14650 0.007751938
8508 0.003875969
15422 0.003875969
11327 0.003875969
18239 0.011627907
5696 0.003875969
10821 0.003875969
18758 0.003875969
4934 0.10852713
12871 0.003875969
17738 0.003875969
20813 0.007751938
8021 0.003875969
11350 0.007751938
18263 0.003875969
14173 0.003875969
9565 0.007751938
13919 0.003875969
16481 0.003875969
21345 0.003875969
15971 0.003875969
13155 0.003875969
5990 0.011627907
21872 0.003875969
11635 0.019379845
21110 0.003875969
20089 0.007751938
19581 0.007751938
8832 0.003875969
2690 0.003875969
8836 0.003875969
6021 0.015503876
9862 0.011627907
11151 0.003875969
8592 0.003875969
6032 0.003875969
10897 0.007751938
150 0.003875969
20886 0.007751938
8343 0.003875969
10649 0.003875969
156 0.003875969
3491 0.003875969
10916 0.003875969
18340 0.007751938
19109 0.003875969
20648 0.003875969
2988 0.007751938
19886 0.007751938
9393 0.003875969
7090 0.007751938
9139 0.003875969
14515 0.007751938
20405 0.019379845
5567 0.003875969
21696 0.003875969
16064 0.007751938
17089 0.007751938
3522 0.003875969
10691 0.003875969
21704 0.007751938
1739 0.003875969
9935 0.003875969
11215 0.011627907
1488 0.019379845
10451 0.034883723
20437 0.003875969
20696 0.015503876
21465 0.003875969
7897 0.023255814
4315 0.003875969
22235 0.003875969
3038 0.003875969
9951 0.003875969
20959 0.003875969
13280 0.003875969
12001 0.003875969
8163 0.003875969
6116 0.003875969
3300 0.003875969
6886 0.023255814
21483 0.003875969
20203 0.007751938
1006 0.007751938
21487 0.007751938
12016 0.003875969
20723 0.003875969
12020 0.003875969
5623 0.003875969
11512 0.027131783
3323 0.019379845
16892 0.003875969
6654 0.003875969
19199 0.007751938
6143 0.015503876
