9988 0.002570694
5893 0.010282776
10246 0.002570694
16390 0.002570694
20231 0.002570694
17415 0.005141388
3339 0.002570694
17676 0.002570694
2061 0.002570694
1295 0.005141388
19216 0.002570694
22035 0.002570694
2836 0.002570694
22294 0.002570694
19736 0.012853471
4635 0.002570694
2335 0.002570694
13600 0.002570694
6435 0.005141388
21541 0.002570694
6693 0.002570694
38 0.0077120825
2602 0.002570694
10027 0.005141388
13613 0.015424165
19250 0.002570694
50 0.002570694
10546 0.005141388
21813 0.005141388
4408 0.002570694
14650 0.020565553
11327 0.002570694
18239 0.017994858
10821 0.043701798
18758 0.002570694
8263 0.005141388
8009 0.002570694
16717 0.002570694
11598 0.010282776
3922 0.002570694
18263 0.023136247
2393 0.005141388
15196 0.010282776
9310 0.002570694
6239 0.002570694
17760 0.002570694
21345 0.002570694
20579 0.010282776
4965 0.005141388
2662 0.002570694
3430 0.005141388
15209 0.002570694
109 0.002570694
21872 0.002570694
11635 0.002570694
2676 0.002570694
884 0.023136247
21621 0.010282776
15221 0.023136247
19062 0.005141388
20345 0.002570694
11644 0.002570694
14461 0.002570694
19581 0.020565553
13186 0.002570694
1922 0.005141388
5253 0.002570694
8837 0.002570694
9862 0.005141388
9359 0.002570694
6032 0.002570694
8592 0.017994858
22161 0.002570694
18834 0.002570694
12180 0.002570694
1948 0.002570694
11932 0.010282776
20638 0.002570694
20127 0.002570694
3745 0.005141388
420 0.002570694
14757 0.005141388
2982 0.002570694
6828 0.002570694
19886 0.005141388
6319 0.002570694
9393 0.002570694
20402 0.002570694
7090 0.002570694
20405 0.015424165
20150 0.002570694
16064 0.005141388
19137 0.002570694
8898 0.002570694
4290 0.002570694
21444 0.023136247
2758 0.002570694
18118 0.002570694
16582 0.005141388
16841 0.002570694
1482 0.015424165
13260 0.095115684
18381 0.002570694
20942 0.002570694
6095 0.002570694
1488 0.002570694
18640 0.002570694
10451 0.06169666
14806 0.002570694
10454 0.002570694
16599 0.043701798
20696 0.0077120825
21465 0.0077120825
5083 0.002570694
15323 0.002570694
2269 0.002570694
3300 0.002570694
6116 0.010282776
5349 0.002570694
20453 0.002570694
8422 0.002570694
4841 0.002570694
14314 0.002570694
1006 0.010282776
12016 0.002570694
11249 0.002570694
20723 0.002570694
6646 0.002570694
11512 0.020565553
7421 0.079691514
6143 0.002570694
5631 0.002570694
18431 0.005141388
19199 0.005141388
