8194 0.0034129692
1540 0.0034129692
8709 0.0034129692
5893 0.034129694
12294 0.0034129692
10246 0.0068259384
16390 0.017064847
14090 0.0034129692
16396 0.0034129692
20750 0.0034129692
14 0.0034129692
21262 0.0034129692
10767 0.0034129692
278 0.0068259384
19736 0.017064847
4121 0.0034129692
16409 0.0034129692
4635 0.0068259384
15900 0.0034129692
13343 0.0034129692
13855 0.0034129692
6687 0.0068259384
9250 0.0068259384
13097 0.010238908
13610 0.0034129692
8493 0.0034129692
815 0.0034129692
19249 0.0034129692
10546 0.0034129692
19250 0.0034129692
20020 0.0068259384
14650 0.023890786
22077 0.0034129692
15422 0.0068259384
12095 0.0034129692
11327 0.0034129692
18239 0.034129694
21312 0.0034129692
8260 0.0034129692
10821 0.017064847
18758 0.0068259384
2119 0.0034129692
14153 0.0034129692
16717 0.0034129692
11341 0.0034129692
1361 0.0034129692
10321 0.0034129692
21076 0.0034129692
2135 0.0034129692
18263 0.058020476
19034 0.0034129692
3419 0.0034129692
10331 0.0034129692
13659 0.0034129692
14173 0.010238908
8288 0.0034129692
21345 0.010238908
8802 0.0034129692
20579 0.0034129692
3430 0.017064847
15209 0.0034129692
16748 0.0034129692
15980 0.0034129692
12398 0.0034129692
5231 0.0034129692
18544 0.0034129692
21872 0.023890786
21106 0.0034129692
11635 0.0068259384
884 0.0034129692
19062 0.0068259384
19581 0.013651877
2690 0.0034129692
1922 0.0068259384
9862 0.0034129692
8583 0.0034129692
1678 0.0034129692
3982 0.0068259384
9361 0.0034129692
10897 0.020477816
20883 0.0034129692
8342 0.0034129692
150 0.0068259384
8343 0.030716723
11672 0.0034129692
21401 0.0068259384
19098 0.0068259384
11932 0.0034129692
3235 0.0034129692
8355 0.0068259384
18340 0.0034129692
2216 0.0034129692
20648 0.0034129692
10409 0.0034129692
17840 0.0034129692
8371 0.0034129692
12468 0.0034129692
11701 0.0034129692
20405 0.030716723
19126 0.0068259384
12734 0.0034129692
16064 0.0034129692
14273 0.0034129692
4290 0.0034129692
3522 0.0034129692
10691 0.0034129692
3268 0.0068259384
7878 0.0034129692
2758 0.0034129692
11976 0.0034129692
5580 0.0034129692
13260 0.034129694
19917 0.0034129692
20176 0.0034129692
1488 0.0034129692
10451 0.030716723
11220 0.0034129692
11734 0.010238908
20696 0.010238908
13017 0.0034129692
5849 0.0068259384
5083 0.0034129692
22235 0.0068259384
731 0.0068259384
14300 0.0034129692
9951 0.0034129692
735 0.0034129692
4067 0.0034129692
5349 0.0034129692
20453 0.0068259384
20712 0.0034129692
7914 0.0068259384
21487 0.0034129692
8433 0.0034129692
241 0.0034129692
20723 0.0068259384
14838 0.010238908
9719 0.0034129692
18168 0.0068259384
11512 0.037542664
2041 0.0034129692
6143 0.0068259384
