2048 0.0034482758
8194 0.0034482758
8451 0.0034482758
1030 0.0034482758
16646 0.0034482758
10246 0.024137931
20231 0.0068965517
16396 0.0034482758
20493 0.0034482758
15629 0.010344828
10767 0.0068965517
8208 0.0034482758
22035 0.0034482758
9236 0.0034482758
13844 0.0068965517
22294 0.0034482758
17431 0.0034482758
19736 0.0068965517
2586 0.0034482758
4635 0.0034482758
10780 0.0034482758
9250 0.010344828
9769 0.0034482758
10284 0.0034482758
4655 0.0034482758
1327 0.010344828
10546 0.0068965517
8243 0.0034482758
21044 0.0034482758
19509 0.0034482758
21559 0.0034482758
4665 0.010344828
14650 0.010344828
3389 0.0034482758
18239 0.010344828
11327 0.013793103
21312 0.0034482758
2885 0.0034482758
10821 0.0034482758
18758 0.0034482758
4934 0.0068965517
8263 0.0034482758
6215 0.0068965517
2890 0.0034482758
9292 0.0034482758
16717 0.024137931
11598 0.0034482758
21841 0.0034482758
8021 0.0068965517
18263 0.010344828
13656 0.0034482758
5721 0.0034482758
7262 0.0034482758
6239 0.0034482758
12640 0.0034482758
8288 0.0034482758
21345 0.0034482758
6243 0.0034482758
20579 0.0034482758
3430 0.0034482758
2662 0.020689655
15975 0.0034482758
19303 0.0034482758
8297 0.0034482758
14185 0.0034482758
13929 0.0034482758
15209 0.0034482758
6509 0.0034482758
15472 0.0034482758
7793 0.0034482758
12401 0.0068965517
13426 0.0034482758
5235 0.0034482758
884 0.0034482758
19062 0.0034482758
7292 0.0034482758
15484 0.010344828
8573 0.0034482758
19581 0.024137931
7039 0.0034482758
10882 0.0034482758
11396 0.0034482758
8836 0.0068965517
11141 0.0034482758
9862 0.013793103
18312 0.0034482758
3210 0.0034482758
19594 0.010344828
11151 0.0034482758
7567 0.010344828
18064 0.0034482758
10896 0.0034482758
8592 0.0068965517
17553 0.013793103
150 0.013793103
8343 0.013793103
1178 0.0034482758
8090 0.0068965517
10911 0.0034482758
13983 0.0068965517
3745 0.010344828
8097 0.010344828
15011 0.0034482758
12710 0.0068965517
15528 0.0034482758
20648 0.010344828
5801 0.0034482758
8371 0.0034482758
1716 0.0034482758
20405 0.020689655
12470 0.0034482758
20150 0.0034482758
17846 0.01724138
2231 0.0068965517
4025 0.0034482758
8890 0.0068965517
16064 0.0034482758
6336 0.0034482758
14786 0.0034482758
10691 0.0068965517
3268 0.0034482758
7110 0.0034482758
3529 0.0034482758
716 0.0034482758
15568 0.0034482758
13778 0.0034482758
10451 0.055172414
11734 0.0034482758
17366 0.0034482758
18134 0.0034482758
20696 0.0068965517
3288 0.010344828
12765 0.0034482758
6879 0.0034482758
9951 0.0034482758
6623 0.0068965517
21218 0.0034482758
3300 0.0034482758
6116 0.0068965517
5861 0.0034482758
2791 0.0034482758
16871 0.013793103
20712 0.0034482758
1006 0.010344828
8175 0.0034482758
19695 0.0068965517
12016 0.0034482758
241 0.0034482758
20723 0.0068965517
15606 0.0068965517
7160 0.0034482758
11512 0.05172414
2041 0.0068965517
20988 0.0068965517
9214 0.0034482758
4095 0.0034482758
