3842 0.0024509805
8194 0.0024509805
5892 0.004901961
5893 0.012254902
10246 0.004901961
17415 0.004901961
3339 0.0024509805
10763 0.004901961
2573 0.0024509805
15629 0.0024509805
3085 0.004901961
15374 0.0024509805
10767 0.004901961
6164 0.0024509805
2836 0.0024509805
8468 0.004901961
13334 0.0024509805
22294 0.0024509805
1302 0.007352941
19736 0.024509804
7707 0.0024509805
4635 0.009803922
15900 0.004901961
1053 0.0024509805
16926 0.007352941
6687 0.0024509805
17952 0.0024509805
9249 0.0024509805
22050 0.0024509805
11298 0.004901961
1059 0.007352941
20516 0.0024509805
4133 0.0024509805
21541 0.0024509805
2854 0.0024509805
13097 0.009803922
13610 0.0024509805
13613 0.004901961
8237 0.017156864
15662 0.0024509805
22064 0.007352941
8497 0.017156864
7474 0.0024509805
19250 0.0024509805
3123 0.0024509805
18996 0.0024509805
10037 0.0024509805
11319 0.0024509805
311 0.0024509805
14903 0.0024509805
14650 0.0024509805
3130 0.0024509805
4923 0.0024509805
7486 0.0024509805
12095 0.004901961
18239 0.017156864
322 0.004901961
18758 0.007352941
6215 0.0024509805
2119 0.0024509805
12871 0.0024509805
8263 0.004901961
4169 0.0024509805
17738 0.0024509805
20813 0.0024509805
11598 0.004901961
10321 0.0024509805
16724 0.0024509805
18263 0.0024509805
17751 0.007352941
5209 0.004901961
13659 0.004901961
19549 0.0024509805
13919 0.004901961
18528 0.0024509805
11617 0.0024509805
21345 0.0024509805
2147 0.0024509805
6243 0.0024509805
15971 0.0024509805
10083 0.007352941
3430 0.0024509805
5990 0.004901961
13160 0.0024509805
10344 0.0024509805
15209 0.0024509805
9836 0.012254902
6509 0.0024509805
21872 0.0024509805
18544 0.009803922
14451 0.0024509805
884 0.009803922
10618 0.0024509805
6525 0.0024509805
19581 0.019607844
8834 0.0024509805
13186 0.0024509805
2690 0.009803922
11141 0.004901961
9862 0.0024509805
13448 0.012254902
3982 0.004901961
10895 0.0024509805
6032 0.0024509805
8592 0.004901961
10896 0.007352941
20627 0.0024509805
16789 0.0024509805
21141 0.0024509805
6038 0.0024509805
8342 0.0024509805
8343 0.0024509805
923 0.0024509805
15003 0.0024509805
11932 0.007352941
930 0.009803922
15011 0.0024509805
10409 0.0024509805
11690 0.024509804
9387 0.004901961
21164 0.0024509805
8368 0.039215688
14514 0.004901961
7090 0.007352941
8371 0.004901961
6836 0.0024509805
20405 0.026960785
5308 0.0024509805
10941 0.0024509805
14784 0.0024509805
14016 0.007352941
1217 0.0024509805
10691 0.004901961
7363 0.004901961
16582 0.0024509805
10184 0.0024509805
1737 0.0024509805
1482 0.0024509805
14798 0.0024509805
462 0.0024509805
1488 0.0024509805
977 0.0024509805
10451 0.036764707
20437 0.009803922
18136 0.0024509805
3288 0.007352941
20696 0.029411765
1241 0.0024509805
5849 0.0024509805
7897 0.004901961
21465 0.022058824
13532 0.019607844
8163 0.0024509805
5859 0.0024509805
3555 0.0024509805
20196 0.0024509805
3300 0.004901961
20453 0.0024509805
6886 0.012254902
6634 0.0024509805
7914 0.004901961
8686 0.0024509805
15342 0.0024509805
1006 0.026960785
19183 0.004901961
10483 0.004901961
13556 0.0024509805
18932 0.0024509805
9973 0.0024509805
17653 0.0024509805
7160 0.007352941
11512 0.031862747
2041 0.0024509805
14330 0.0024509805
20988 0.0024509805
7421 0.0024509805
6143 0.0024509805
19199 0.0024509805
5631 0.004901961
18431 0.009803922
