8193 0.026143791
4612 0.006535948
5893 0.09803922
9862 0.006535948
20360 0.006535948
5900 0.006535948
3982 0.006535948
10896 0.013071896
10897 0.006535948
9361 0.013071896
19736 0.026143791
10649 0.006535948
21401 0.026143791
9498 0.006535948
8218 0.006535948
4635 0.013071896
19100 0.006535948
1948 0.006535948
15900 0.006535948
11932 0.019607844
2973 0.006535948
6688 0.013071896
13600 0.052287582
9250 0.019607844
8485 0.006535948
11815 0.006535948
2728 0.006535948
13610 0.006535948
13613 0.006535948
19506 0.006535948
12595 0.006535948
20405 0.045751635
4025 0.006535948
13883 0.006535948
3515 0.013071896
18239 0.006535948
11073 0.006535948
5825 0.006535948
10817 0.03267974
1858 0.006535948
10821 0.019607844
2758 0.013071896
17738 0.006535948
14798 0.006535948
1488 0.013071896
10451 0.013071896
14806 0.03267974
18263 0.006535948
11607 0.006535948
14300 0.006535948
14429 0.006535948
14173 0.026143791
9310 0.013071896
9951 0.006535948
14048 0.006535948
21345 0.006535948
17890 0.006535948
10083 0.006535948
20579 0.006535948
6116 0.006535948
2662 0.006535948
3430 0.026143791
19943 0.006535948
6888 0.006535948
15342 0.006535948
18414 0.013071896
12016 0.006535948
10355 0.006535948
11635 0.006535948
884 0.013071896
9591 0.013071896
7160 0.006535948
11512 0.06535948
19581 0.013071896
6143 0.006535948
