8194 0.003968254
5635 0.003968254
5892 0.003968254
5893 0.01984127
16390 0.015873017
16394 0.003968254
10763 0.003968254
12300 0.003968254
1295 0.003968254
19216 0.003968254
8208 0.003968254
19736 0.011904762
4635 0.003968254
6688 0.003968254
13600 0.007936508
5410 0.003968254
9250 0.007936508
11298 0.011904762
11302 0.003968254
38 0.003968254
4393 0.003968254
21545 0.003968254
13610 0.003968254
2602 0.007936508
22064 0.003968254
19249 0.007936508
7474 0.003968254
19256 0.003968254
14650 0.003968254
3130 0.003968254
4923 0.003968254
22077 0.003968254
11327 0.011904762
18239 0.03968254
13377 0.003968254
1858 0.003968254
21317 0.003968254
10821 0.007936508
4934 0.003968254
18758 0.007936508
8263 0.003968254
11598 0.003968254
10065 0.003968254
7252 0.003968254
17236 0.003968254
17492 0.003968254
16981 0.003968254
18263 0.003968254
20571 0.003968254
10331 0.003968254
6239 0.007936508
13919 0.007936508
16736 0.007936508
16481 0.003968254
2662 0.003968254
3430 0.007936508
13160 0.003968254
874 0.003968254
6509 0.003968254
18544 0.003968254
14451 0.003968254
11635 0.011904762
884 0.003968254
21621 0.003968254
19062 0.003968254
16251 0.003968254
9341 0.003968254
19581 0.027777778
5502 0.007936508
13186 0.003968254
18563 0.003968254
1668 0.003968254
11141 0.003968254
9862 0.003968254
21385 0.003968254
8592 0.003968254
10896 0.007936508
9361 0.003968254
9362 0.003968254
15509 0.003968254
8855 0.015873017
11932 0.003968254
3745 0.003968254
10409 0.011904762
6573 0.003968254
21679 0.007936508
9139 0.007936508
4277 0.003968254
9141 0.003968254
20405 0.027777778
12470 0.003968254
3254 0.003968254
3513 0.003968254
12734 0.003968254
5825 0.007936508
14273 0.007936508
3522 0.003968254
16322 0.003968254
3268 0.011904762
10949 0.003968254
2758 0.003968254
716 0.003968254
9935 0.003968254
16847 0.003968254
14801 0.003968254
3538 0.003968254
1746 0.003968254
2003 0.003968254
10451 0.031746034
18134 0.003968254
20696 0.043650795
17370 0.003968254
5083 0.003968254
13532 0.011904762
12765 0.003968254
2785 0.003968254
4834 0.003968254
8163 0.003968254
11236 0.003968254
5861 0.003968254
20453 0.007936508
11241 0.011904762
4329 0.035714287
12012 0.003968254
2284 0.023809524
1006 0.003968254
21487 0.003968254
496 0.003968254
12020 0.003968254
14838 0.007936508
11512 0.055555556
14585 0.003968254
12798 0.003968254
19199 0.007936508
6143 0.035714287
