1 0.003984064
7938 0.003984064
5892 0.007968128
5893 0.007968128
10246 0.003984064
17415 0.003984064
16396 0.003984064
5645 0.007968128
13844 0.007968128
2836 0.015936255
22294 0.03984064
19736 0.003984064
4635 0.007968128
3611 0.06374502
9250 0.003984064
7460 0.003984064
1831 0.007968128
12841 0.003984064
10025 0.003984064
10284 0.027888447
10546 0.003984064
7220 0.003984064
311 0.003984064
14650 0.003984064
18236 0.003984064
3645 0.043824703
11327 0.011952192
10821 0.007968128
6215 0.003984064
8263 0.007968128
18253 0.003984064
16717 0.003984064
11598 0.003984064
80 0.003984064
13905 0.003984064
10065 0.007968128
84 0.003984064
5460 0.007968128
18263 0.011952192
7775 0.003984064
13919 0.007968128
6755 0.003984064
20579 0.007968128
3430 0.003984064
5990 0.003984064
2662 0.015936255
8297 0.003984064
109 0.003984064
18801 0.003984064
11635 0.003984064
884 0.003984064
16757 0.003984064
17017 0.003984064
8573 0.003984064
19581 0.047808766
9862 0.01992032
12937 0.011952192
18064 0.003984064
11409 0.003984064
9361 0.011952192
12180 0.003984064
8087 0.003984064
10649 0.007968128
10651 0.027888447
11932 0.003984064
3745 0.003984064
12710 0.007968128
431 0.003984064
10417 0.003984064
15026 0.011952192
14515 0.003984064
8371 0.003984064
10677 0.003984064
6325 0.003984064
20405 0.05179283
5567 0.003984064
16064 0.003984064
5825 0.003984064
10691 0.003984064
3268 0.003984064
2244 0.003984064
13255 0.007968128
5580 0.003984064
6862 0.003984064
11215 0.003984064
1488 0.003984064
10451 0.011952192
16853 0.003984064
20696 0.07968128
21465 0.003984064
19675 0.003984064
7389 0.003984064
5859 0.003984064
6116 0.007968128
20453 0.015936255
1006 0.003984064
5105 0.003984064
15093 0.003984064
11512 0.055776894
2041 0.003984064
3323 0.003984064
3839 0.03187251
