2048 0.0050251256
6660 0.0050251256
4100 0.025125628
5893 0.04522613
10246 0.0050251256
10502 0.0050251256
1295 0.0050251256
19736 0.010050251
4635 0.03517588
13855 0.0050251256
6688 0.0050251256
22050 0.0050251256
9250 0.010050251
4649 0.0050251256
13610 0.0050251256
13613 0.0050251256
21809 0.0050251256
311 0.0050251256
14394 0.0050251256
14650 0.0050251256
18239 0.0050251256
11327 0.015075377
4416 0.0050251256
13377 0.0050251256
4934 0.010050251
2119 0.0050251256
6215 0.010050251
11598 0.0050251256
8019 0.0050251256
18263 0.0050251256
19034 0.0050251256
10331 0.025125628
11612 0.0050251256
9310 0.0050251256
18528 0.0050251256
21345 0.010050251
10083 0.0050251256
5990 0.0050251256
13670 0.0050251256
6509 0.0050251256
12398 0.0050251256
21872 0.0050251256
21106 0.0050251256
11635 0.015075377
884 0.0050251256
13686 0.0050251256
7804 0.0050251256
15484 0.010050251
8573 0.0050251256
19581 0.015075377
2690 0.0050251256
9862 0.03517588
10894 0.0050251256
13711 0.0050251256
21649 0.0050251256
9361 0.0050251256
10897 0.040201005
8342 0.015075377
10651 0.010050251
13983 0.010050251
8355 0.0050251256
18340 0.010050251
3749 0.0050251256
8361 0.0050251256
16305 0.0050251256
17075 0.0050251256
1716 0.0050251256
20405 0.03517588
6588 0.020100502
3262 0.0050251256
5825 0.020100502
10691 0.0050251256
16582 0.010050251
10183 0.0050251256
13255 0.015075377
6091 0.010050251
715 0.010050251
13260 0.0050251256
462 0.0050251256
12495 0.0050251256
20176 0.0050251256
21968 0.0050251256
10451 0.07537688
20696 0.020100502
9689 0.0050251256
7897 0.010050251
13532 0.0050251256
16605 0.0050251256
4319 0.0050251256
20193 0.010050251
18410 0.010050251
17388 0.0050251256
12016 0.0050251256
21489 0.0050251256
241 0.0050251256
2546 0.0050251256
20723 0.0050251256
17653 0.0050251256
15606 0.0050251256
11512 0.04522613
6143 0.010050251
