8194 0.015936255
17668 0.003984064
5893 0.011952192
10246 0.003984064
6409 0.003984064
4617 0.003984064
11273 0.003984064
10763 0.003984064
18189 0.003984064
15629 0.003984064
1295 0.003984064
13844 0.007968128
4635 0.007968128
4124 0.003984064
15900 0.007968128
15902 0.011952192
12321 0.007968128
4903 0.007968128
13097 0.007968128
298 0.003984064
18731 0.003984064
13613 0.003984064
11571 0.003984064
4917 0.003984064
14650 0.007968128
7998 0.003984064
15422 0.007968128
5445 0.003984064
10821 0.007968128
18758 0.003984064
12871 0.003984064
8263 0.003984064
6731 0.003984064
16717 0.007968128
20813 0.011952192
6222 0.007968128
20821 0.003984064
21845 0.003984064
18263 0.003984064
17751 0.003984064
6999 0.003984064
16736 0.007968128
20065 0.003984064
16481 0.003984064
21345 0.003984064
20579 0.003984064
870 0.003984064
3430 0.003984064
13929 0.007968128
10095 0.007968128
11121 0.003984064
21621 0.003984064
8569 0.003984064
14461 0.003984064
12413 0.003984064
19581 0.03984064
5246 0.003984064
3455 0.003984064
3456 0.011952192
2690 0.003984064
22147 0.003984064
16003 0.003984064
7299 0.003984064
11396 0.003984064
11141 0.003984064
8837 0.059760958
9862 0.003984064
3982 0.003984064
7567 0.003984064
12175 0.003984064
18064 0.003984064
10896 0.003984064
10897 0.003984064
13714 0.003984064
8342 0.003984064
8343 0.011952192
19100 0.003984064
3484 0.007968128
3229 0.003984064
18078 0.003984064
928 0.003984064
3489 0.003984064
4003 0.003984064
12710 0.023904383
15527 0.003984064
4775 0.003984064
18858 0.003984064
6317 0.003984064
13485 0.007968128
19886 0.011952192
17840 0.003984064
12208 0.003984064
9141 0.003984064
20405 0.007968128
20150 0.011952192
4023 0.003984064
3262 0.007968128
10691 0.011952192
18118 0.003984064
9926 0.003984064
16582 0.003984064
2758 0.01992032
13255 0.011952192
3530 0.003984064
18378 0.007968128
6091 0.007968128
13260 0.003984064
17614 0.003984064
5585 0.003984064
16849 0.003984064
211 0.003984064
10451 0.027888447
20437 0.003984064
7637 0.003984064
6359 0.003984064
21465 0.003984064
2265 0.035856575
13786 0.003984064
6111 0.003984064
6116 0.003984064
20196 0.003984064
20453 0.003984064
5349 0.003984064
2022 0.003984064
16871 0.003984064
7914 0.007968128
14060 0.003984064
1006 0.003984064
19695 0.003984064
12016 0.007968128
4342 0.003984064
22262 0.003984064
14838 0.035856575
14583 0.003984064
11512 0.06374502
2041 0.003984064
10750 0.003984064
6143 0.007968128
