5893 0.020710059
10246 0.00591716
4360 0.01183432
16396 0.00295858
2061 0.00295858
5645 0.00295858
5396 0.01183432
22294 0.00887574
19736 0.00591716
3611 0.020710059
4635 0.02366864
5149 0.00591716
31 0.00295858
9250 0.00887574
21541 0.00295858
4903 0.00295858
2602 0.00295858
13610 0.01183432
10284 0.21005917
13613 0.00887574
8243 0.00295858
21044 0.00591716
13621 0.00295858
14902 0.00295858
14650 0.00591716
21307 0.00295858
15931 0.00591716
4669 0.00295858
3645 0.00887574
12606 0.00295858
11327 0.00887574
18239 0.0147929
1858 0.00591716
10821 0.00591716
6215 0.00591716
8263 0.00887574
8780 0.00295858
3149 0.00295858
11598 0.00295858
3922 0.00887574
5460 0.00295858
16981 0.00295858
13659 0.00295858
21345 0.00295858
3430 0.00295858
2662 0.00887574
9831 0.00295858
4714 0.00591716
3184 0.00295858
11635 0.00295858
884 0.00295858
19062 0.00295858
13433 0.00295858
20349 0.00591716
8573 0.00887574
19581 0.01183432
6526 0.00295858
3199 0.00591716
7042 0.00295858
899 0.00295858
16003 0.00295858
13958 0.00295858
9862 0.00887574
8843 0.00295858
17549 0.00591716
11151 0.00295858
8592 0.00295858
12180 0.00295858
8343 0.020710059
11932 0.01775148
3745 0.00295858
5025 0.00295858
19886 0.00295858
14514 0.00591716
20405 0.01775148
3262 0.00295858
16064 0.00295858
10949 0.00295858
9413 0.00591716
22222 0.00295858
10451 0.06213018
9685 0.00295858
11734 0.00591716
20696 0.00295858
5849 0.00295858
4314 0.00295858
13532 0.00295858
9183 0.00295858
6368 0.00295858
21218 0.00591716
20451 0.00295858
6116 0.00591716
5349 0.00295858
5861 0.00295858
20453 0.00295858
8422 0.00295858
9958 0.00295858
17639 0.00295858
13799 0.00295858
10728 0.00295858
4841 0.00295858
14060 0.00887574
1261 0.00295858
6382 0.00295858
1006 0.0147929
19695 0.00295858
12016 0.00295858
11512 0.06508876
3323 0.00887574
6143 0.00295858
3839 0.0591716
