4100 0.011363637
5893 0.018939395
16390 0.003787879
10246 0.003787879
17415 0.003787879
6409 0.003787879
21514 0.003787879
9227 0.007575758
1038 0.003787879
5646 0.003787879
7950 0.003787879
8468 0.007575758
13844 0.007575758
10518 0.003787879
19736 0.018939395
4635 0.003787879
13855 0.003787879
7460 0.003787879
14884 0.003787879
9769 0.003787879
6444 0.003787879
10284 0.015151516
13613 0.007575758
11825 0.003787879
10546 0.003787879
5170 0.003787879
18738 0.003787879
7474 0.003787879
7479 0.003787879
14903 0.007575758
13883 0.003787879
18239 0.015151516
11327 0.030303031
8000 0.003787879
1089 0.003787879
10821 0.003787879
4934 0.007575758
1863 0.003787879
13383 0.003787879
8263 0.011363637
4169 0.003787879
11598 0.003787879
18774 0.003787879
18263 0.007575758
20571 0.003787879
13149 0.003787879
6239 0.003787879
12384 0.003787879
1376 0.007575758
10083 0.003787879
20579 0.003787879
3430 0.003787879
2662 0.03409091
15209 0.003787879
4714 0.015151516
6509 0.003787879
18541 0.003787879
109 0.003787879
11635 0.011363637
884 0.015151516
8821 0.003787879
19062 0.011363637
119 0.003787879
12664 0.003787879
15484 0.003787879
20349 0.003787879
19581 0.015151516
16003 0.011363637
8070 0.003787879
9862 0.011363637
17036 0.003787879
6796 0.007575758
6032 0.007575758
6806 0.003787879
20119 0.003787879
8343 0.003787879
10649 0.003787879
15001 0.003787879
22169 0.030303031
8090 0.003787879
5019 0.003787879
3745 0.003787879
18081 0.003787879
19886 0.018939395
8111 0.003787879
10417 0.007575758
2226 0.003787879
14514 0.003787879
14515 0.007575758
8371 0.015151516
4789 0.007575758
20405 0.03787879
15543 0.003787879
16058 0.003787879
21696 0.003787879
5825 0.015151516
9666 0.003787879
3522 0.011363637
2758 0.026515152
13255 0.003787879
19917 0.003787879
718 0.007575758
10451 0.026515152
11221 0.003787879
20696 0.018939395
13532 0.003787879
12765 0.003787879
21727 0.003787879
6116 0.007575758
20453 0.003787879
8422 0.003787879
20712 0.003787879
19179 0.003787879
20203 0.007575758
12780 0.003787879
1006 0.011363637
17653 0.003787879
14070 0.003787879
11512 0.071969695
3323 0.026515152
12286 0.003787879
6143 0.011363637
3839 0.015151516
