5893 0.022727273
9478 0.003787879
10246 0.007575758
16396 0.003787879
5900 0.007575758
10512 0.003787879
15120 0.003787879
6160 0.003787879
10005 0.003787879
22294 0.003787879
19736 0.003787879
4635 0.018939395
5660 0.003787879
13855 0.003787879
13343 0.003787879
9250 0.003787879
11298 0.003787879
21541 0.003787879
12325 0.003787879
4903 0.003787879
18731 0.003787879
8497 0.007575758
14650 0.015151516
22076 0.007575758
18239 0.007575758
11073 0.003787879
1858 0.003787879
19268 0.003787879
8263 0.003787879
9289 0.003787879
18250 0.003787879
16717 0.003787879
13136 0.003787879
11601 0.003787879
337 0.003787879
18774 0.018939395
18263 0.007575758
3419 0.003787879
11611 0.003787879
20571 0.003787879
13659 0.003787879
1627 0.003787879
7265 0.007575758
21345 0.007575758
17252 0.003787879
3430 0.007575758
360 0.003787879
14442 0.003787879
1898 0.003787879
7277 0.003787879
6509 0.003787879
12398 0.003787879
18544 0.003787879
7793 0.003787879
2674 0.109848484
884 0.003787879
13946 0.003787879
15484 0.003787879
12413 0.003787879
19581 0.026515152
2690 0.003787879
16003 0.003787879
8837 0.003787879
9862 0.003787879
10379 0.003787879
3982 0.003787879
10897 0.011363637
18836 0.003787879
8855 0.007575758
8343 0.026515152
11932 0.007575758
4509 0.003787879
20127 0.003787879
9892 0.003787879
18599 0.003787879
20648 0.007575758
1966 0.003787879
9393 0.003787879
14515 0.026515152
6325 0.003787879
20149 0.007575758
20405 0.03787879
12470 0.003787879
2231 0.011363637
15034 0.003787879
7610 0.026515152
18875 0.026515152
10691 0.003787879
7110 0.003787879
2758 0.007575758
16583 0.003787879
20941 0.011363637
1488 0.007575758
10451 0.030303031
11734 0.003787879
20696 0.007575758
6617 0.003787879
16345 0.003787879
1242 0.003787879
731 0.003787879
9951 0.003787879
9183 0.003787879
6623 0.030303031
5856 0.003787879
2016 0.003787879
2274 0.003787879
3811 0.003787879
20453 0.003787879
6886 0.003787879
8167 0.003787879
2791 0.007575758
19688 0.003787879
20712 0.011363637
14061 0.007575758
1006 0.007575758
8175 0.003787879
5615 0.007575758
13041 0.003787879
9973 0.003787879
758 0.003787879
17143 0.003787879
16375 0.007575758
11512 0.018939395
2041 0.003787879
15610 0.003787879
3323 0.022727273
6654 0.003787879
6143 0.007575758
