8194 0.0033783785
5892 0.006756757
19461 0.006756757
5893 0.02027027
10246 0.006756757
17415 0.006756757
3339 0.0033783785
5900 0.0033783785
22028 0.0033783785
10767 0.0033783785
15120 0.0033783785
13844 0.0033783785
4635 0.02027027
16925 0.0033783785
31 0.0033783785
16161 0.0033783785
9250 0.006756757
13090 0.006756757
3619 0.0033783785
14884 0.0033783785
10027 0.0033783785
18731 0.04054054
1837 0.006756757
14381 0.016891891
13613 0.02364865
21044 0.0033783785
14650 0.010135135
15422 0.0033783785
7486 0.006756757
18239 0.0033783785
11073 0.0033783785
10817 0.0033783785
10821 0.010135135
18758 0.006756757
12871 0.0033783785
6215 0.0033783785
4169 0.0033783785
1354 0.0033783785
2380 0.0033783785
16717 0.0033783785
21325 0.013513514
6239 0.0033783785
10083 0.010135135
20579 0.010135135
9061 0.006756757
3430 0.0033783785
15209 0.006756757
15469 0.0033783785
11635 0.006756757
884 0.0033783785
21621 0.010135135
19062 0.006756757
19581 0.013513514
18814 0.0033783785
2176 0.0033783785
5253 0.010135135
8070 0.010135135
14472 0.0033783785
3982 0.0033783785
7567 0.013513514
6032 0.0033783785
10896 0.006756757
10897 0.010135135
8343 0.006756757
22168 0.0033783785
19865 0.02027027
13210 0.0033783785
15003 0.010135135
3484 0.0033783785
11932 0.016891891
15011 0.0033783785
12711 0.006756757
12205 0.0033783785
13485 0.0033783785
19886 0.010135135
8368 0.013513514
10417 0.013513514
8371 0.0033783785
4787 0.0033783785
9139 0.0033783785
20405 0.027027028
14011 0.0033783785
14271 0.006756757
16064 0.0033783785
3520 0.0033783785
6336 0.006756757
16066 0.0033783785
10184 0.0033783785
14027 0.0033783785
13260 0.0033783785
2764 0.006756757
716 0.006756757
2509 0.0033783785
19406 0.0033783785
3790 0.0033783785
6609 0.0033783785
10451 0.06418919
20437 0.006756757
16599 0.08783784
20696 0.010135135
13020 0.0033783785
13532 0.010135135
9951 0.0033783785
5349 0.006756757
20453 0.010135135
6886 0.0033783785
3306 0.006756757
1006 0.010135135
18159 0.010135135
12016 0.0033783785
241 0.0033783785
5105 0.0033783785
18161 0.013513514
17653 0.0033783785
11512 0.054054055
10492 0.0033783785
8444 0.006756757
253 0.0033783785
6654 0.0033783785
