16389 0.0039525693
5893 0.015810277
10246 0.007905139
20231 0.007905139
18442 0.0039525693
22028 0.0039525693
17935 0.0039525693
10767 0.007905139
8978 0.0039525693
13844 0.0039525693
10518 0.0039525693
19736 0.007905139
4635 0.015810277
14365 0.0039525693
9250 0.007905139
4903 0.0039525693
20520 0.0039525693
298 0.007905139
8238 0.007905139
5428 0.0039525693
21044 0.0039525693
14650 0.007905139
3130 0.023715414
3645 0.0039525693
11327 0.0039525693
18239 0.027667984
8261 0.0039525693
10821 0.06324111
18758 0.0039525693
8263 0.011857707
4168 0.0039525693
4169 0.0039525693
20555 0.0039525693
3404 0.027667984
9293 0.0039525693
14927 0.0039525693
5455 0.015810277
10321 0.0039525693
84 0.007905139
17751 0.0039525693
13659 0.0039525693
16736 0.0039525693
7265 0.007905139
20579 0.0039525693
10083 0.0039525693
3430 0.0039525693
2662 0.0039525693
15208 0.011857707
16503 0.007905139
18553 0.007905139
11644 0.007905139
8573 0.0039525693
19581 0.023715414
17023 0.0039525693
2690 0.007905139
16003 0.007905139
2436 0.0039525693
10629 0.0039525693
5253 0.015810277
9862 0.0039525693
10896 0.0039525693
8851 0.0039525693
8343 0.0039525693
8855 0.007905139
2457 0.0039525693
11932 0.0039525693
1950 0.0039525693
13983 0.007905139
16032 0.0039525693
12450 0.0039525693
8355 0.0039525693
2980 0.0039525693
7333 0.0039525693
12710 0.023715414
13480 0.019762846
1960 0.03557312
5036 0.0039525693
19886 0.007905139
10417 0.007905139
20405 0.04743083
21433 0.0039525693
8890 0.011857707
16064 0.0039525693
3524 0.0039525693
3268 0.0039525693
16582 0.0039525693
12745 0.0039525693
13260 0.011857707
10451 0.04347826
16599 0.0039525693
21720 0.0039525693
20696 0.0039525693
5083 0.019762846
19932 0.0039525693
14300 0.0039525693
13532 0.011857707
4061 0.0039525693
14560 0.0039525693
3300 0.0039525693
6116 0.007905139
5349 0.011857707
2791 0.0039525693
16871 0.015810277
3306 0.0039525693
6379 0.0039525693
14829 0.0039525693
11245 0.0039525693
19695 0.0039525693
241 0.0039525693
19192 0.0039525693
11512 0.04347826
2041 0.0039525693
15610 0.007905139
7421 0.0039525693
6654 0.0039525693
5631 0.0039525693
