11905 0.0066225166
7683 0.0066225166
19461 0.026490066
5893 0.046357617
10246 0.0066225166
9862 0.013245033
16390 0.03311258
5511 0.0066225166
8842 0.0066225166
7567 0.0066225166
15247 0.0066225166
17935 0.0397351
10897 0.03311258
8342 0.0066225166
22294 0.0066225166
5783 0.0066225166
8343 0.013245033
19736 0.026490066
1948 0.0066225166
22050 0.0066225166
15011 0.0066225166
17700 0.0066225166
4517 0.0066225166
38 0.0066225166
17318 0.0066225166
15528 0.0066225166
13097 0.01986755
298 0.0066225166
10284 0.0066225166
2476 0.013245033
10417 0.0066225166
19250 0.0066225166
8371 0.0066225166
3123 0.0066225166
20020 0.0066225166
20405 0.046357617
14650 0.0066225166
18239 0.01986755
7747 0.01986755
14788 0.013245033
10821 0.0066225166
9413 0.0066225166
7878 0.0066225166
19911 0.0066225166
6215 0.0066225166
8263 0.0066225166
714 0.0066225166
9675 0.01986755
716 0.0066225166
16717 0.0066225166
19792 0.0066225166
1488 0.0066225166
16721 0.0066225166
10451 0.01986755
20437 0.0066225166
8662 0.0066225166
3288 0.0066225166
20696 0.026490066
7897 0.0066225166
2265 0.01986755
5083 0.0066225166
9435 0.0066225166
14300 0.013245033
13919 0.0066225166
16736 0.0066225166
18144 0.0066225166
20065 0.0066225166
16481 0.0066225166
14433 0.013245033
20579 0.013245033
6116 0.013245033
5349 0.0066225166
18917 0.0066225166
13929 0.0066225166
7914 0.0066225166
8811 0.0066225166
1006 0.013245033
8175 0.0066225166
1135 0.0066225166
21487 0.0066225166
3058 0.0066225166
11635 0.01986755
15606 0.0066225166
19062 0.013245033
11512 0.052980132
22010 0.0066225166
