8194 0.022222223
19461 0.011111111
5893 0.022222223
10246 0.011111111
20231 0.0037037036
9735 0.0037037036
17415 0.0037037036
6409 0.0037037036
15625 0.0037037036
16139 0.0037037036
16396 0.0074074073
15629 0.0037037036
6413 0.011111111
7950 0.0037037036
10767 0.0074074073
13844 0.0037037036
19736 0.011111111
9755 0.0037037036
4635 0.022222223
15900 0.0074074073
13855 0.0037037036
9250 0.0037037036
298 0.0074074073
18731 0.0037037036
1324 0.0037037036
13613 0.0037037036
10546 0.0037037036
8243 0.0074074073
21813 0.011111111
14650 0.022222223
4923 0.0037037036
3645 0.0037037036
11327 0.014814815
18239 0.018518519
21312 0.0037037036
1858 0.0037037036
18501 0.0037037036
10821 0.0037037036
18758 0.0037037036
8263 0.022222223
16717 0.0037037036
11598 0.0037037036
9806 0.0037037036
6222 0.0037037036
8019 0.0037037036
18263 0.0037037036
11611 0.0037037036
19548 0.0037037036
15196 0.0037037036
6239 0.0037037036
21345 0.0074074073
11362 0.0037037036
18530 0.0074074073
12899 0.0037037036
20579 0.011111111
3430 0.014814815
6247 0.0037037036
5225 0.0037037036
3689 0.0037037036
874 0.0037037036
14954 0.0037037036
14189 0.0037037036
10605 0.0037037036
6509 0.0074074073
3950 0.0037037036
13426 0.0037037036
12413 0.0037037036
19581 0.014814815
14465 0.0037037036
10627 0.0037037036
11141 0.0037037036
8070 0.0037037036
9862 0.018518519
2439 0.0037037036
18064 0.0037037036
10897 0.0037037036
19601 0.0037037036
17553 0.0037037036
3730 0.0037037036
20883 0.0074074073
12694 0.0037037036
150 0.0074074073
8343 0.0074074073
19865 0.0074074073
10651 0.062962964
14753 0.0037037036
19620 0.0037037036
15528 0.0037037036
1192 0.0037037036
2731 0.0074074073
13235 0.0074074073
20405 0.04074074
3515 0.0074074073
18623 0.0037037036
6336 0.0037037036
1217 0.0037037036
9153 0.0037037036
19137 0.0037037036
3268 0.011111111
11462 0.0037037036
7110 0.0037037036
1224 0.0037037036
1739 0.0037037036
21454 0.0037037036
11215 0.0037037036
1488 0.025925925
10451 0.025925925
20438 0.0037037036
16599 0.0037037036
3288 0.0037037036
20696 0.0074074073
6364 0.0037037036
2269 0.0037037036
8414 0.0037037036
9951 0.0037037036
6623 0.0037037036
6116 0.0037037036
5861 0.0037037036
20453 0.0037037036
5349 0.0074074073
1766 0.0037037036
16871 0.0037037036
15595 0.0037037036
18414 0.0074074073
1006 0.018518519
8433 0.0037037036
19185 0.0037037036
1527 0.0037037036
11512 0.055555556
5881 0.0037037036
3581 0.0037037036
19199 0.0074074073
6143 0.011111111
4095 0.014814815
