4100 0.010869565
5893 0.018115941
10246 0.007246377
17415 0.0036231885
17677 0.0036231885
15629 0.0036231885
15376 0.0036231885
3860 0.0036231885
19736 0.018115941
8218 0.007246377
4635 0.018115941
3611 0.072463766
15900 0.0036231885
12830 0.0036231885
6687 0.0036231885
9250 0.007246377
14884 0.0036231885
12325 0.014492754
38 0.0036231885
13610 0.007246377
10284 0.007246377
1324 0.007246377
13613 0.010869565
11571 0.0036231885
21044 0.0036231885
21813 0.0036231885
12342 0.0036231885
14650 0.0036231885
15931 0.0036231885
13883 0.0036231885
3645 0.04347826
11327 0.0036231885
19011 0.0036231885
4934 0.007246377
8263 0.0036231885
9544 0.0036231885
16717 0.0036231885
3922 0.0036231885
18263 0.0036231885
20055 0.0036231885
17751 0.007246377
13659 0.0036231885
10331 0.0036231885
20571 0.007246377
6239 0.007246377
13919 0.014492754
21345 0.0036231885
20579 0.0036231885
3430 0.014492754
4714 0.014492754
13426 0.0036231885
884 0.007246377
19062 0.0036231885
19581 0.032608695
16003 0.0036231885
9862 0.014492754
8843 0.007246377
17549 0.0036231885
3982 0.0036231885
6032 0.0036231885
9361 0.0036231885
19603 0.0036231885
8343 0.010869565
10651 0.018115941
8092 0.0036231885
11932 0.010869565
16543 0.0036231885
5025 0.0036231885
3745 0.010869565
17573 0.0036231885
12710 0.007246377
10152 0.0036231885
21160 0.025362318
19886 0.0036231885
18096 0.0036231885
17840 0.010869565
14514 0.0036231885
6579 0.0036231885
14515 0.0036231885
20405 0.072463766
19126 0.0036231885
2231 0.0036231885
15034 0.0036231885
5825 0.0036231885
1473 0.0036231885
10691 0.0036231885
2758 0.0036231885
18381 0.0036231885
6862 0.0036231885
20942 0.007246377
1488 0.028985508
17361 0.0036231885
21971 0.0036231885
10451 0.025362318
10200 0.0036231885
20696 0.0036231885
21465 0.0036231885
15322 0.0036231885
14300 0.0036231885
6623 0.007246377
3300 0.0036231885
6116 0.0036231885
20453 0.0036231885
5349 0.0036231885
20712 0.010869565
9453 0.0036231885
15854 0.0036231885
1006 0.007246377
5105 0.0036231885
5361 0.0036231885
241 0.0036231885
10993 0.0036231885
14584 0.0036231885
11512 0.06521739
2041 0.0036231885
6141 0.0036231885
6143 0.0036231885
3839 0.018115941
