7680 0.0036630037
8194 0.0036630037
3 0.0036630037
5892 0.0036630037
16390 0.014652015
17415 0.0036630037
10763 0.0036630037
2575 0.0036630037
3347 0.0036630037
8468 0.0036630037
13844 0.0036630037
19736 0.010989011
4635 0.0036630037
16669 0.0036630037
13090 0.0036630037
11298 0.0036630037
9250 0.0073260074
14884 0.0036630037
20516 0.02930403
4903 0.0036630037
13613 0.0073260074
8237 0.025641026
4911 0.0036630037
15152 0.0036630037
6450 0.0036630037
12595 0.0073260074
15669 0.01831502
4665 0.0036630037
14394 0.0073260074
14650 0.014652015
11327 0.0036630037
18239 0.0073260074
18243 0.0036630037
2372 0.0036630037
19013 0.0036630037
10821 0.01831502
18758 0.0036630037
12614 0.0036630037
2119 0.0036630037
4169 0.0036630037
16717 0.0036630037
11598 0.0036630037
8021 0.0036630037
14421 0.010989011
9813 0.01831502
17751 0.0073260074
18263 0.010989011
8797 0.0073260074
20063 0.0036630037
6239 0.0073260074
22112 0.0036630037
20579 0.010989011
19557 0.0036630037
2662 0.0073260074
13929 0.0073260074
14442 0.0036630037
21872 0.0073260074
11635 0.014652015
884 0.014652015
21621 0.0073260074
19062 0.0036630037
8569 0.0073260074
18298 0.0036630037
19581 0.021978023
2690 0.0036630037
7299 0.0036630037
7812 0.0073260074
17029 0.0036630037
8070 0.0036630037
20359 0.0036630037
20360 0.0036630037
17036 0.0036630037
11151 0.0036630037
10896 0.0036630037
17563 0.102564104
19356 0.0036630037
13725 0.0036630037
4253 0.0036630037
20638 0.0036630037
16032 0.0036630037
5025 0.0036630037
3745 0.0036630037
8355 0.0073260074
15528 0.0036630037
21679 0.0036630037
19376 0.0036630037
8368 0.0073260074
12722 0.0036630037
20405 0.021978023
19126 0.0036630037
4025 0.0073260074
3522 0.0073260074
20418 0.0073260074
10691 0.0036630037
14533 0.0036630037
2758 0.0036630037
21960 0.0036630037
6091 0.0073260074
13260 0.014652015
718 0.0036630037
14798 0.0036630037
20430 0.0036630037
10451 0.043956045
20437 0.0036630037
11734 0.0036630037
14550 0.0036630037
17366 0.0073260074
20696 0.0036630037
3288 0.0073260074
13532 0.0036630037
12765 0.0036630037
20959 0.0036630037
18656 0.0036630037
11745 0.0036630037
12771 0.01831502
6116 0.0073260074
5349 0.0036630037
6886 0.0073260074
14314 0.0036630037
3306 0.0036630037
12011 0.0036630037
1006 0.0073260074
8175 0.0073260074
11504 0.0036630037
12016 0.0036630037
12020 0.0036630037
7160 0.0073260074
21752 0.010989011
11512 0.05860806
