7680 0.003984064
18435 0.003984064
5892 0.003984064
5893 0.011952192
10246 0.011952192
6409 0.003984064
10763 0.007968128
5900 0.003984064
15629 0.003984064
10767 0.015936255
22035 0.011952192
13844 0.007968128
12822 0.003984064
19736 0.011952192
19737 0.007968128
4635 0.007968128
9250 0.003984064
20516 0.007968128
12325 0.003984064
7208 0.003984064
4649 0.003984064
298 0.007968128
20780 0.003984064
13613 0.003984064
1837 0.003984064
20020 0.011952192
7479 0.007968128
9273 0.003984064
11327 0.003984064
18239 0.011952192
18758 0.003984064
326 0.003984064
12871 0.003984064
18250 0.003984064
18251 0.023904383
16717 0.007968128
3922 0.015936255
3411 0.003984064
9813 0.007968128
18263 0.003984064
11607 0.003984064
13659 0.003984064
20571 0.003984064
15196 0.007968128
13919 0.003984064
6239 0.007968128
16481 0.003984064
8545 0.003984064
10083 0.003984064
20579 0.003984064
2662 0.003984064
8557 0.003984064
6509 0.003984064
20851 0.011952192
11635 0.01992032
5236 0.003984064
884 0.003984064
20853 0.003984064
21621 0.003984064
19062 0.003984064
11643 0.003984064
19581 0.011952192
21632 0.003984064
2176 0.003984064
14976 0.003984064
9862 0.011952192
16520 0.003984064
3466 0.003984064
11406 0.003984064
3982 0.003984064
10896 0.003984064
6032 0.003984064
19601 0.003984064
10897 0.011952192
8342 0.003984064
20886 0.003984064
8343 0.007968128
12952 0.003984064
11932 0.01992032
17822 0.003984064
3745 0.011952192
8097 0.011952192
8355 0.003984064
17318 0.007968128
7082 0.027888447
9393 0.003984064
14514 0.007968128
8371 0.003984064
14515 0.015936255
20405 0.03187251
4025 0.011952192
5825 0.003984064
19137 0.003984064
21698 0.003984064
9666 0.003984064
10691 0.003984064
16582 0.007968128
12746 0.003984064
716 0.003984064
18381 0.003984064
1488 0.011952192
13521 0.003984064
4561 0.003984064
10451 0.03187251
9432 0.003984064
3288 0.007968128
21465 0.003984064
7642 0.003984064
11482 0.015936255
14299 0.003984064
15323 0.003984064
4319 0.015936255
18656 0.015936255
19683 0.003984064
12771 0.023904383
20453 0.011952192
5349 0.011952192
8422 0.007968128
16871 0.003984064
2791 0.003984064
20712 0.003984064
18414 0.003984064
1006 0.003984064
19438 0.003984064
241 0.003984064
20723 0.007968128
9461 0.003984064
4086 0.003984064
21752 0.003984064
11512 0.047808766
2041 0.003984064
8444 0.007968128
6654 0.003984064
