5893 0.04
17414 0.0026666666
10246 0.0053333333
15624 0.0026666666
13065 0.010666667
10767 0.0026666666
3859 0.0026666666
13844 0.0026666666
2836 0.0026666666
12055 0.0026666666
19736 0.0053333333
4635 0.0026666666
12830 0.0026666666
9250 0.0026666666
4903 0.0026666666
20520 0.0026666666
7208 0.0053333333
13097 0.008
298 0.008
18731 0.0026666666
6444 0.0026666666
10284 0.008
13613 0.0026666666
8237 0.0026666666
1072 0.0026666666
10546 0.0053333333
4915 0.0026666666
21813 0.0053333333
15417 0.0026666666
14650 0.018666666
18239 0.029333333
10821 0.0053333333
4934 0.013333334
12871 0.0053333333
8263 0.0053333333
1354 0.0053333333
18251 0.037333332
21076 0.0026666666
21588 0.0053333333
2901 0.0026666666
11350 0.0026666666
4438 0.0026666666
18263 0.013333334
17241 0.0026666666
19802 0.0026666666
861 0.0026666666
12637 0.0053333333
9310 0.0026666666
16481 0.0026666666
21345 0.0026666666
7265 0.010666667
11362 0.0026666666
3430 0.016
18792 0.0026666666
14953 0.0053333333
11116 0.0026666666
4460 0.0026666666
13678 0.0026666666
3950 0.0026666666
18544 0.0026666666
11635 0.0053333333
884 0.0053333333
19062 0.008
15484 0.0026666666
14204 0.0026666666
16253 0.0026666666
19581 0.018666666
21632 0.0026666666
16003 0.14933333
8836 0.0026666666
16773 0.0026666666
9862 0.013333334
12937 0.0026666666
11151 0.0026666666
17553 0.008
10897 0.016
13462 0.0026666666
150 0.0026666666
20886 0.0053333333
15511 0.0053333333
8343 0.010666667
21403 0.0026666666
11932 0.0026666666
20126 0.0026666666
4510 0.0026666666
13983 0.0026666666
3745 0.0026666666
4007 0.0026666666
2473 0.0026666666
7082 0.0026666666
19886 0.010666667
9393 0.0053333333
9139 0.0026666666
14515 0.0026666666
20149 0.0026666666
11701 0.0053333333
20405 0.045333333
21438 0.0053333333
3522 0.0026666666
3268 0.010666667
16582 0.0053333333
13255 0.0053333333
2248 0.0026666666
11467 0.0026666666
20941 0.0026666666
1998 0.0026666666
11215 0.0026666666
13521 0.0026666666
10451 0.024
20696 0.013333334
14299 0.0026666666
13275 0.0026666666
4319 0.034666665
6116 0.010666667
5861 0.0026666666
5349 0.0053333333
6887 0.0026666666
20712 0.0053333333
17896 0.0053333333
6888 0.008
7914 0.0026666666
1006 0.0026666666
12783 0.0026666666
10480 0.0026666666
1780 0.0026666666
21493 0.0026666666
17653 0.0053333333
14838 0.0053333333
7160 0.0026666666
11512 0.032
2041 0.0026666666
3323 0.013333334
10492 0.0026666666
7421 0.0026666666
253 0.0053333333
5631 0.0026666666
3839 0.0026666666
