8709 0.0030487804
5893 0.030487806
10246 0.0060975607
16396 0.0060975607
10767 0.0060975607
16656 0.0030487804
8468 0.0030487804
19736 0.0121951215
4635 0.0030487804
10012 0.0030487804
13343 0.0030487804
6688 0.0030487804
19488 0.0030487804
9250 0.009146341
6952 0.0121951215
2089 0.0030487804
298 0.0030487804
2602 0.0030487804
18731 0.0060975607
10284 0.0030487804
20013 0.0060975607
13613 0.0121951215
10546 0.0030487804
3130 0.0030487804
59 0.0030487804
14652 0.0030487804
831 0.0030487804
18239 0.0060975607
1858 0.009146341
10821 0.0030487804
18758 0.0030487804
4934 0.0060975607
12871 0.0030487804
8263 0.0060975607
4169 0.0030487804
18251 0.0060975607
11598 0.0030487804
14158 0.0030487804
9810 0.0030487804
3922 0.0030487804
6738 0.0060975607
21588 0.0060975607
11350 0.0030487804
18263 0.0030487804
20825 0.0030487804
9310 0.0060975607
6239 0.0060975607
16481 0.0060975607
21345 0.0060975607
7265 0.018292682
4449 0.103658535
11363 0.0030487804
20579 0.0121951215
3430 0.0030487804
15209 0.0060975607
20076 0.0030487804
21872 0.0030487804
17521 0.0030487804
13426 0.0060975607
5235 0.0030487804
2424 0.0030487804
6265 0.0030487804
3962 0.0030487804
18555 0.0030487804
8573 0.0030487804
19581 0.0060975607
21632 0.0030487804
16003 0.021341464
16773 0.0030487804
6021 0.0030487804
8070 0.0030487804
9862 0.0060975607
13448 0.0030487804
10380 0.0030487804
11151 0.0030487804
14992 0.0030487804
18064 0.0030487804
8592 0.0030487804
17553 0.0030487804
9361 0.0030487804
10897 0.009146341
18834 0.0030487804
8852 0.0030487804
8853 0.0030487804
8343 0.0060975607
7064 0.0030487804
1432 0.0030487804
13722 0.0030487804
5019 0.0030487804
21403 0.0030487804
669 0.0030487804
13983 0.0030487804
8097 0.0030487804
3745 0.009146341
9639 0.0030487804
1192 0.0030487804
9387 0.0030487804
13485 0.0121951215
19886 0.0060975607
8371 0.0030487804
11701 0.0060975607
20405 0.018292682
20150 0.0030487804
19894 0.0030487804
19385 0.0060975607
18877 0.0030487804
14273 0.0030487804
1217 0.0030487804
18369 0.0030487804
10691 0.0030487804
16579 0.0030487804
3268 0.0030487804
16582 0.0060975607
10183 0.0030487804
1224 0.0030487804
17867 0.0030487804
715 0.0030487804
716 0.0030487804
9935 0.0030487804
1488 0.015243903
13521 0.0030487804
10451 0.036585364
9685 0.0030487804
10965 0.0030487804
14806 0.021341464
6359 0.0030487804
3288 0.0030487804
20696 0.021341464
217 0.0060975607
5849 0.0060975607
5850 0.0030487804
14299 0.0030487804
14300 0.0030487804
5859 0.009146341
20453 0.0060975607
5349 0.009146341
6886 0.0030487804
16871 0.0030487804
7914 0.0030487804
3306 0.0030487804
1261 0.0030487804
1006 0.015243903
5361 0.0030487804
241 0.009146341
20467 0.0030487804
20723 0.0060975607
11512 0.042682927
22010 0.0030487804
21755 0.0030487804
22267 0.0030487804
3323 0.030487806
10492 0.0030487804
17405 0.0030487804
3839 0.0030487804
6143 0.018292682
