17409 0.003215434
3074 0.003215434
12803 0.003215434
5892 0.006430868
10246 0.003215434
13318 0.003215434
4874 0.003215434
4108 0.003215434
14860 0.003215434
5900 0.006430868
10767 0.003215434
14095 0.003215434
1295 0.003215434
272 0.003215434
8208 0.006430868
13844 0.003215434
19736 0.012861736
4635 0.006430868
12321 0.003215434
9250 0.006430868
11298 0.012861736
6435 0.003215434
8743 0.003215434
298 0.003215434
22064 0.003215434
21044 0.003215434
20020 0.009646302
15413 0.003215434
21813 0.006430868
18741 0.012861736
14650 0.003215434
21819 0.006430868
11837 0.003215434
18239 0.003215434
11327 0.003215434
1858 0.012861736
5698 0.05466238
21828 0.003215434
19524 0.003215434
18501 0.003215434
18246 0.01607717
12871 0.003215434
2119 0.003215434
8263 0.006430868
18251 0.019292604
3149 0.003215434
7246 0.009646302
10831 0.003215434
9810 0.006430868
18263 0.003215434
15196 0.006430868
15966 0.003215434
7007 0.003215434
1119 0.003215434
6239 0.006430868
14432 0.003215434
16481 0.003215434
20579 0.009646302
18021 0.003215434
2662 0.003215434
13160 0.006430868
13929 0.003215434
10605 0.003215434
8561 0.003215434
4466 0.006430868
11635 0.006430868
884 0.006430868
19062 0.003215434
1399 0.003215434
12923 0.051446944
19581 0.022508038
21632 0.003215434
3456 0.003215434
4992 0.003215434
8836 0.003215434
17029 0.003215434
11141 0.009646302
9862 0.003215434
14470 0.003215434
15496 0.003215434
4237 0.003215434
7567 0.009646302
6032 0.006430868
10897 0.01607717
13714 0.003215434
18586 0.003215434
2463 0.003215434
3745 0.003215434
21922 0.003215434
16547 0.012861736
11431 0.01607717
6828 0.003215434
4526 0.006430868
11187 0.003215434
14515 0.009646302
20405 0.019292604
20150 0.003215434
16317 0.003215434
5825 0.03215434
10691 0.003215434
963 0.003215434
5317 0.003215434
9157 0.009646302
16582 0.006430868
9926 0.006430868
2758 0.012861736
713 0.003215434
1737 0.003215434
13260 0.003215434
14798 0.003215434
20942 0.003215434
13521 0.003215434
10451 0.041800644
20696 0.003215434
21465 0.003215434
4314 0.003215434
14299 0.003215434
14300 0.003215434
19935 0.003215434
20959 0.003215434
4319 0.01607717
9441 0.003215434
8422 0.009646302
2791 0.003215434
19945 0.003215434
18410 0.003215434
3306 0.003215434
20718 0.006430868
1006 0.041800644
6895 0.003215434
20975 0.003215434
8433 0.003215434
20721 0.003215434
13301 0.003215434
9461 0.003215434
9973 0.003215434
11512 0.028938906
19449 0.03858521
15610 0.009646302
253 0.003215434
