2305 0.003875969
8194 0.011627907
4100 0.007751938
8709 0.003875969
5893 0.007751938
13318 0.003875969
10246 0.007751938
15625 0.003875969
19980 0.003875969
14860 0.007751938
10767 0.007751938
15376 0.003875969
21015 0.003875969
19736 0.007751938
4635 0.007751938
22050 0.003875969
9250 0.003875969
16166 0.007751938
14891 0.003875969
18731 0.007751938
10027 0.007751938
12077 0.011627907
13613 0.011627907
15662 0.003875969
22064 0.007751938
8497 0.03875969
19250 0.003875969
5428 0.003875969
7479 0.003875969
14650 0.003875969
18239 0.003875969
21312 0.003875969
18758 0.003875969
12871 0.003875969
8263 0.007751938
4169 0.003875969
18251 0.007751938
16717 0.007751938
6738 0.003875969
9813 0.003875969
20821 0.003875969
4694 0.003875969
18263 0.007751938
13659 0.003875969
11611 0.003875969
15196 0.007751938
4446 0.003875969
9310 0.011627907
22111 0.003875969
6239 0.003875969
7007 0.003875969
16736 0.003875969
16481 0.003875969
12898 0.003875969
10083 0.003875969
2915 0.003875969
20579 0.011627907
2662 0.003875969
3430 0.007751938
13160 0.003875969
15209 0.003875969
6508 0.003875969
4719 0.003875969
6004 0.003875969
884 0.003875969
9595 0.003875969
5500 0.003875969
12157 0.003875969
13695 0.003875969
21632 0.003875969
6787 0.003875969
7299 0.003875969
5764 0.003875969
17029 0.003875969
8837 0.007751938
8070 0.003875969
9862 0.023255814
4743 0.007751938
20367 0.003875969
20624 0.003875969
6032 0.003875969
18064 0.003875969
9361 0.003875969
10897 0.007751938
20883 0.003875969
20372 0.003875969
2199 0.003875969
8343 0.015503876
11932 0.003875969
5789 0.003875969
7328 0.003875969
3745 0.007751938
4003 0.003875969
15011 0.003875969
19878 0.003875969
6566 0.003875969
12710 0.003875969
15528 0.003875969
21679 0.003875969
12208 0.003875969
9393 0.007751938
7858 0.003875969
17842 0.003875969
10677 0.015503876
20405 0.034883723
21432 0.003875969
4538 0.003875969
11195 0.015503876
956 0.011627907
4286 0.003875969
12734 0.003875969
17087 0.003875969
7110 0.003875969
11718 0.003875969
16582 0.015503876
1224 0.003875969
16841 0.003875969
21194 0.003875969
716 0.003875969
12495 0.007751938
13521 0.003875969
1746 0.003875969
10451 0.011627907
3288 0.003875969
20696 0.031007752
11482 0.003875969
14299 0.003875969
20188 0.003875969
479 0.003875969
6623 0.003875969
4319 0.003875969
8163 0.003875969
5859 0.007751938
5349 0.003875969
20453 0.015503876
6886 0.011627907
2791 0.003875969
16871 0.003875969
7913 0.003875969
4329 0.007751938
5355 0.003875969
11756 0.003875969
14060 0.003875969
7661 0.003875969
1261 0.007751938
1006 0.015503876
19183 0.003875969
496 0.003875969
499 0.003875969
20723 0.003875969
11512 0.0503876
11002 0.003875969
4095 0.003875969
6143 0.015503876
