16384 0.0067114094
18945 0.0033557047
8194 0.0033557047
5893 0.0033557047
10246 0.0033557047
20231 0.0033557047
10763 0.0033557047
5903 0.0033557047
10767 0.010067114
8208 0.0033557047
3860 0.0033557047
6934 0.0033557047
22294 0.0067114094
19736 0.0067114094
4635 0.0033557047
12830 0.0033557047
10783 0.0067114094
18208 0.0033557047
9250 0.0033557047
38 0.0033557047
8742 0.0033557047
13097 0.0033557047
2602 0.0033557047
18731 0.0033557047
17196 0.0033557047
14381 0.0033557047
1837 0.0033557047
13613 0.0067114094
2605 0.010067114
10546 0.0033557047
20275 0.10738255
20020 0.010067114
21813 0.0033557047
9015 0.0033557047
4665 0.0033557047
14650 0.016778523
19519 0.0033557047
11327 0.0033557047
18239 0.0067114094
10817 0.0033557047
21572 0.0033557047
10821 0.013422819
12871 0.0067114094
8263 0.0067114094
11336 0.0033557047
18251 0.016778523
16717 0.0067114094
21325 0.010067114
11598 0.0033557047
6222 0.0033557047
20303 0.0033557047
9810 0.0033557047
18263 0.013422819
15962 0.0033557047
14684 0.0033557047
1376 0.0033557047
16736 0.0067114094
16481 0.0033557047
21345 0.0033557047
10083 0.0033557047
20579 0.0033557047
2915 0.0033557047
3430 0.010067114
13929 0.016778523
17262 0.0033557047
11635 0.0067114094
21621 0.0033557047
1399 0.0033557047
19581 0.016778523
21632 0.0033557047
11905 0.0033557047
11141 0.0033557047
9862 0.010067114
18311 0.0033557047
16520 0.0033557047
8333 0.0033557047
3982 0.0033557047
7567 0.013422819
6032 0.0033557047
18064 0.0067114094
17553 0.0033557047
10897 0.010067114
20883 0.0033557047
7830 0.0033557047
8343 0.010067114
11932 0.0067114094
3745 0.010067114
15011 0.0033557047
10412 0.030201342
19886 0.010067114
10417 0.010067114
14514 0.010067114
20405 0.016778523
2231 0.0033557047
14520 0.010067114
14011 0.0033557047
6588 0.010067114
16064 0.0067114094
3522 0.0033557047
4293 0.0033557047
16582 0.0033557047
2758 0.0067114094
1224 0.0033557047
5580 0.0033557047
2765 0.030201342
3790 0.0033557047
718 0.0033557047
5840 0.0033557047
13521 0.0033557047
13778 0.0033557047
10451 0.040268455
20438 0.0033557047
11734 0.0067114094
20696 0.010067114
21465 0.0067114094
14299 0.0033557047
4061 0.0067114094
18398 0.0033557047
7135 0.0033557047
4319 0.016778523
6115 0.0033557047
6116 0.0067114094
5349 0.0033557047
20453 0.0033557047
2790 0.0033557047
6886 0.0067114094
16871 0.0033557047
19688 0.0033557047
744 0.0033557047
11241 0.0033557047
3306 0.0033557047
14060 0.0033557047
1006 0.0067114094
19183 0.0033557047
8433 0.0067114094
241 0.010067114
20723 0.0067114094
14838 0.0067114094
11512 0.033557046
19199 0.010067114
