7680 0.0038314175
11522 0.0038314175
5893 0.011494253
10246 0.007662835
16396 0.0038314175
5900 0.011494253
15120 0.007662835
2836 0.0038314175
13844 0.0038314175
13846 0.0038314175
22294 0.007662835
20504 0.0038314175
19736 0.007662835
4635 0.011494253
10780 0.0038314175
12830 0.0038314175
13343 0.0038314175
13345 0.0038314175
9250 0.01532567
20516 0.0038314175
21541 0.011494253
2854 0.0038314175
38 0.0038314175
7208 0.0038314175
2602 0.0038314175
10284 0.019157087
1837 0.007662835
13613 0.007662835
22064 0.007662835
10546 0.0038314175
311 0.0038314175
19769 0.007662835
14650 0.007662835
2621 0.0038314175
18239 0.0038314175
10303 0.0038314175
11327 0.019157087
12097 0.0038314175
1858 0.0038314175
19268 0.0038314175
2884 0.0038314175
10821 0.0038314175
12871 0.0038314175
8263 0.007662835
18251 0.04597701
20556 0.0038314175
19280 0.0038314175
18263 0.0038314175
13659 0.007662835
22112 0.0038314175
13664 0.0038314175
16481 0.0038314175
8545 0.0038314175
5219 0.0038314175
6243 0.0038314175
17252 0.0038314175
2662 0.01532567
19559 0.0038314175
14185 0.0038314175
6509 0.0038314175
17262 0.0038314175
6510 0.0038314175
10094 0.0038314175
12398 0.011494253
884 0.007662835
21110 0.0038314175
19581 0.022988506
3455 0.0038314175
21632 0.0038314175
16003 0.0038314175
11395 0.0038314175
2436 0.0038314175
8070 0.0038314175
9862 0.0038314175
12937 0.0038314175
19594 0.0038314175
10380 0.0038314175
17294 0.0038314175
3982 0.0038314175
11151 0.0038314175
18064 0.01532567
10897 0.03065134
20883 0.0038314175
18836 0.007662835
150 0.0038314175
7830 0.007662835
8855 0.0038314175
8343 0.019157087
20891 0.0038314175
11932 0.0038314175
3745 0.0038314175
14757 0.0038314175
9381 0.0038314175
20648 0.0038314175
15528 0.0038314175
14514 0.0038314175
20405 0.042145595
19126 0.0038314175
17846 0.0038314175
19127 0.0038314175
2231 0.0038314175
18623 0.0038314175
5569 0.0038314175
5825 0.011494253
9157 0.0038314175
16582 0.0038314175
11718 0.0038314175
2758 0.011494253
718 0.0038314175
1488 0.0038314175
2512 0.0038314175
13521 0.0038314175
10451 0.042145595
14549 0.0038314175
20696 0.007662835
3288 0.007662835
14299 0.0038314175
11739 0.0038314175
13532 0.0038314175
16605 0.0038314175
4319 0.03065134
20453 0.0038314175
5349 0.007662835
8422 0.007662835
16871 0.0038314175
7143 0.0038314175
20203 0.0038314175
1006 0.01532567
241 0.0038314175
9201 0.0038314175
499 0.0038314175
20723 0.0038314175
15606 0.011494253
11512 0.049808428
20217 0.0038314175
3323 0.007662835
4351 0.0038314175
5631 0.0038314175
6143 0.007662835
