5893 0.011869436
10246 0.002967359
5900 0.008902078
3343 0.002967359
10767 0.008902078
21779 0.002967359
22035 0.005934718
1812 0.002967359
19736 0.011869436
8475 0.002967359
541 0.005934718
13855 0.002967359
12321 0.002967359
5410 0.002967359
9250 0.005934718
20516 0.002967359
4389 0.002967359
7208 0.005934718
298 0.002967359
1324 0.005934718
13613 0.005934718
14650 0.014836796
11327 0.011869436
18239 0.020771513
5440 0.002967359
1858 0.002967359
18501 0.002967359
10821 0.005934718
18246 0.002967359
8263 0.002967359
12871 0.005934718
4169 0.005934718
20554 0.002967359
1354 0.005934718
18251 0.026706232
16717 0.005934718
6477 0.011869436
11598 0.002967359
3922 0.005934718
21076 0.002967359
18263 0.002967359
15959 0.002967359
11607 0.002967359
10331 0.005934718
15196 0.005934718
6239 0.002967359
16481 0.002967359
16225 0.002967359
21345 0.005934718
15971 0.002967359
20579 0.002967359
12899 0.002967359
17252 0.005934718
3430 0.002967359
2662 0.005934718
5735 0.002967359
4456 0.002967359
13160 0.008902078
15209 0.002967359
8297 0.011869436
14954 0.002967359
2410 0.002967359
3186 0.002967359
884 0.014836796
19062 0.005934718
11644 0.005934718
20349 0.002967359
12413 0.002967359
19581 0.002967359
21632 0.002967359
2176 0.011869436
9601 0.002967359
2690 0.008902078
8836 0.002967359
11141 0.005934718
5006 0.002967359
17294 0.002967359
20367 0.002967359
7567 0.005934718
18064 0.002967359
20624 0.002967359
6032 0.005934718
17553 0.002967359
9361 0.002967359
10897 0.026706232
14995 0.002967359
8851 0.002967359
8085 0.002967359
7830 0.002967359
8343 0.011869436
21401 0.002967359
4510 0.005934718
3745 0.008902078
15011 0.005934718
18340 0.002967359
15528 0.008902078
16042 0.002967359
7082 0.07121662
13485 0.002967359
14514 0.020771513
8371 0.002967359
20405 0.020771513
4025 0.005934718
3515 0.005934718
15808 0.002967359
5825 0.014836796
3522 0.002967359
10691 0.008902078
16582 0.002967359
7110 0.002967359
2758 0.005934718
13255 0.002967359
1224 0.005934718
715 0.002967359
19917 0.002967359
4301 0.002967359
2512 0.002967359
13521 0.002967359
10451 0.03560831
1240 0.002967359
18136 0.005934718
3288 0.03264095
21465 0.002967359
14299 0.002967359
14300 0.002967359
16605 0.002967359
9183 0.002967359
4319 0.026706232
18656 0.002967359
3300 0.002967359
20196 0.002967359
6116 0.005934718
20453 0.002967359
21733 0.002967359
20712 0.005934718
14061 0.002967359
8941 0.005934718
1006 0.011869436
18159 0.002967359
1009 0.002967359
20723 0.005934718
13044 0.002967359
9461 0.002967359
6646 0.002967359
1527 0.002967359
11512 0.05637982
6654 0.002967359
3839 0.002967359
19199 0.005934718
