5893 0.013840831
10246 0.0034602077
16390 0.010380623
9227 0.034602076
1295 0.0034602077
5903 0.0034602077
12051 0.0034602077
13844 0.0034602077
19736 0.020761246
4635 0.0034602077
2602 0.0034602077
18731 0.0034602077
13613 0.010380623
21038 0.0034602077
2353 0.0034602077
10546 0.0034602077
14650 0.010380623
1853 0.0034602077
8254 0.0034602077
11327 0.0034602077
10303 0.0034602077
18239 0.0069204154
10821 0.0034602077
18501 0.0034602077
4934 0.0034602077
12871 0.0034602077
8263 0.010380623
18251 0.013840831
2381 0.0034602077
16717 0.0034602077
18255 0.0034602077
20052 0.0069204154
15446 0.0034602077
11607 0.0034602077
18263 0.09342561
13659 0.0034602077
6239 0.0034602077
16481 0.0034602077
21345 0.0034602077
20579 0.0034602077
10083 0.0034602077
11108 0.0034602077
3430 0.0069204154
13929 0.0069204154
8297 0.0069204154
11635 0.017301038
884 0.017301038
19062 0.0069204154
10620 0.0034602077
21632 0.0034602077
7043 0.0034602077
11141 0.0034602077
9862 0.010380623
5000 0.0034602077
4237 0.0034602077
13197 0.0034602077
20367 0.0069204154
6032 0.0069204154
10897 0.017301038
20883 0.16262975
16024 0.0034602077
13210 0.0034602077
19098 0.0034602077
10651 0.0069204154
3745 0.0034602077
15011 0.0034602077
19622 0.0034602077
3240 0.0034602077
7082 0.013840831
9387 0.0034602077
8371 0.0034602077
19636 0.0034602077
20405 0.0069204154
15808 0.0069204154
5825 0.0034602077
21698 0.0034602077
3522 0.0069204154
16582 0.0034602077
13255 0.0034602077
18378 0.027681662
3019 0.017301038
4556 0.013840831
2509 0.0034602077
19917 0.0034602077
11215 0.0034602077
13775 0.0034602077
19408 0.0034602077
13521 0.0034602077
10451 0.024221454
11734 0.0034602077
16599 0.0034602077
3288 0.010380623
14299 0.0034602077
5083 0.0034602077
4573 0.0034602077
4319 0.010380623
9441 0.0034602077
17378 0.0034602077
20453 0.0034602077
5349 0.0034602077
8422 0.0069204154
6886 0.020761246
2791 0.0034602077
7914 0.0069204154
1261 0.010380623
1006 0.0069204154
20723 0.013840831
12020 0.0034602077
6646 0.0034602077
11512 0.024221454
20217 0.0034602077
22268 0.0034602077
19199 0.0069204154
6143 0.010380623
