8193 0.0036231885
8194 0.0036231885
5893 0.025362318
10246 0.0036231885
10248 0.0036231885
9227 0.0036231885
4108 0.0036231885
16396 0.0036231885
13844 0.007246377
19736 0.007246377
4635 0.007246377
12830 0.010869565
10783 0.0036231885
6688 0.0036231885
12321 0.0036231885
9250 0.007246377
21541 0.0036231885
4903 0.0036231885
13610 0.0036231885
1324 0.0036231885
5164 0.010869565
13613 0.0036231885
10546 0.0036231885
21813 0.010869565
56 0.0036231885
14650 0.0036231885
4669 0.0036231885
8509 0.0036231885
8254 0.0036231885
18239 0.0036231885
11327 0.0036231885
6465 0.007246377
10821 0.007246377
8263 0.0036231885
12871 0.010869565
18251 0.039855074
2380 0.0036231885
16717 0.0036231885
11598 0.007246377
21841 0.0036231885
10835 0.0036231885
20821 0.025362318
18263 0.014492754
22107 0.0036231885
16481 0.0036231885
20579 0.0036231885
2662 0.0036231885
3430 0.0036231885
12398 0.0036231885
2674 0.014492754
11635 0.032608695
884 0.010869565
21621 0.0036231885
12918 0.0036231885
19062 0.007246377
11644 0.0036231885
8573 0.0036231885
19581 0.032608695
21632 0.0036231885
2176 0.0036231885
14976 0.0036231885
8836 0.0036231885
5253 0.0036231885
18054 0.0036231885
9862 0.010869565
3466 0.0036231885
3210 0.0036231885
20876 0.010869565
1166 0.0036231885
11406 0.007246377
17294 0.007246377
18064 0.0036231885
6032 0.0036231885
10897 0.028985508
9362 0.0036231885
20883 0.0036231885
18836 0.0036231885
2197 0.007246377
8343 0.02173913
9624 0.0036231885
11932 0.0036231885
3745 0.007246377
3491 0.0036231885
13480 0.0036231885
7082 0.04710145
13485 0.0036231885
8371 0.0036231885
20405 0.02173913
2231 0.007246377
21178 0.0036231885
8890 0.007246377
10691 0.010869565
3268 0.0036231885
16582 0.0036231885
2758 0.014492754
13521 0.0036231885
10451 0.014492754
9685 0.007246377
20438 0.0036231885
10710 0.0036231885
4567 0.0036231885
20696 0.0036231885
21465 0.0036231885
14299 0.0036231885
9437 0.0036231885
6623 0.0036231885
4319 0.036231883
19683 0.010869565
6116 0.0036231885
20453 0.010869565
8422 0.0036231885
20712 0.014492754
18153 0.0036231885
3306 0.0036231885
16621 0.0036231885
9710 0.0036231885
1006 0.0036231885
8175 0.0036231885
22255 0.018115941
12016 0.0036231885
9461 0.0036231885
2550 0.0036231885
9720 0.0036231885
7160 0.0036231885
15608 0.007246377
11512 0.057971016
8444 0.0036231885
7421 0.0036231885
6143 0.007246377
