14596 0.0036101083
5893 0.010830325
5126 0.0036101083
10246 0.0072202166
10248 0.010830325
12811 0.0072202166
13844 0.0072202166
19736 0.010830325
4635 0.0036101083
5149 0.0072202166
16161 0.0036101083
9250 0.0036101083
11298 0.0036101083
21541 0.0036101083
38 0.0036101083
20520 0.0036101083
7208 0.0072202166
6952 0.0072202166
7474 0.0036101083
7479 0.0036101083
4665 0.0036101083
14650 0.018050542
11327 0.0036101083
18239 0.018050542
7490 0.0036101083
5957 0.0036101083
10821 0.0072202166
18758 0.0036101083
12871 0.0036101083
8263 0.0036101083
11591 0.0036101083
6215 0.0072202166
9544 0.0036101083
18251 0.036101084
6477 0.010830325
10065 0.014440433
3922 0.0036101083
11350 0.0036101083
17238 0.0036101083
19034 0.0036101083
20571 0.0036101083
1885 0.0036101083
6239 0.0036101083
16481 0.0036101083
21345 0.0036101083
20579 0.0036101083
2662 0.0036101083
3430 0.010830325
15209 0.0036101083
7789 0.0036101083
6509 0.0036101083
13426 0.0036101083
20851 0.0072202166
16243 0.0072202166
11635 0.050541516
884 0.0036101083
21621 0.010830325
1658 0.0036101083
19581 0.018050542
3199 0.0036101083
21632 0.0036101083
9862 0.0072202166
20360 0.0072202166
3982 0.0036101083
6286 0.0036101083
12687 0.0036101083
6032 0.0036101083
18064 0.0036101083
10897 0.039711192
18836 0.0036101083
2197 0.0072202166
8343 0.0072202166
22169 0.0036101083
10649 0.0036101083
2204 0.0036101083
11932 0.010830325
4509 0.0036101083
3745 0.0036101083
8097 0.0036101083
18340 0.0036101083
7082 0.025270758
19886 0.010830325
20405 0.028880866
7865 0.0036101083
16064 0.0072202166
5825 0.0036101083
21698 0.0036101083
9666 0.0036101083
3522 0.0036101083
4290 0.0036101083
10691 0.0072202166
16582 0.0036101083
2758 0.02166065
13255 0.0036101083
6093 0.0036101083
13521 0.0036101083
10451 0.018050542
3288 0.02166065
21465 0.014440433
11482 0.0036101083
7642 0.0072202166
14299 0.0036101083
14300 0.0036101083
479 0.0036101083
6623 0.014440433
4319 0.025270758
6368 0.0036101083
3300 0.010830325
5861 0.0036101083
8422 0.0072202166
7914 0.0036101083
3306 0.0036101083
1006 0.0036101083
19183 0.0036101083
8175 0.0036101083
11504 0.0036101083
12016 0.014440433
15608 0.0036101083
11512 0.04693141
15610 0.0036101083
13566 0.057761732
19711 0.0036101083
6143 0.010830325
