8194 0.003236246
5892 0.009708738
5893 0.012944984
16390 0.003236246
10246 0.012944984
5900 0.009708738
16396 0.009708738
10512 0.07119741
2837 0.003236246
22294 0.003236246
12055 0.019417476
13594 0.003236246
8475 0.003236246
6688 0.003236246
11298 0.003236246
9250 0.006472492
6952 0.003236246
13097 0.003236246
2602 0.003236246
13613 0.006472492
20020 0.003236246
1076 0.006472492
21814 0.003236246
20025 0.003236246
1594 0.003236246
14650 0.006472492
13883 0.003236246
3645 0.003236246
319 0.003236246
11327 0.006472492
1858 0.003236246
4934 0.003236246
12871 0.003236246
6215 0.006472492
6984 0.003236246
4169 0.003236246
18251 0.055016182
16717 0.003236246
11087 0.006472492
14420 0.003236246
20309 0.003236246
8021 0.003236246
18263 0.003236246
13659 0.003236246
5212 0.009708738
6240 0.003236246
16481 0.003236246
7265 0.003236246
2914 0.003236246
5730 0.003236246
12899 0.003236246
20579 0.006472492
3430 0.009708738
10344 0.003236246
874 0.003236246
15210 0.003236246
4714 0.006472492
17262 0.003236246
8561 0.003236246
11635 0.003236246
4724 0.006472492
21621 0.003236246
19062 0.003236246
17017 0.003236246
15484 0.003236246
19581 0.035598706
638 0.003236246
3455 0.009708738
21632 0.003236246
11141 0.006472492
9862 0.006472492
16520 0.003236246
3466 0.012944984
8078 0.003236246
10897 0.012944984
19603 0.003236246
150 0.003236246
7830 0.003236246
8855 0.003236246
8343 0.003236246
8087 0.009708738
19865 0.003236246
21401 0.003236246
10649 0.003236246
4510 0.003236246
13983 0.003236246
3745 0.006472492
8097 0.019417476
3491 0.003236246
19886 0.009708738
20143 0.003236246
10417 0.003236246
14514 0.003236246
12980 0.003236246
2741 0.003236246
6325 0.006472492
20405 0.019417476
9401 0.029126214
6588 0.003236246
5825 0.006472492
3522 0.003236246
10691 0.003236246
11971 0.012944984
16582 0.003236246
9158 0.003236246
6343 0.003236246
9160 0.003236246
19917 0.003236246
5840 0.003236246
1488 0.006472492
13521 0.003236246
210 0.003236246
10451 0.006472492
18134 0.003236246
20696 0.048543688
21465 0.003236246
14299 0.003236246
731 0.003236246
13532 0.003236246
4319 0.042071197
18401 0.003236246
4578 0.003236246
17890 0.003236246
20453 0.006472492
8422 0.003236246
20712 0.003236246
1006 0.003236246
18414 0.012944984
21487 0.006472492
241 0.003236246
20723 0.006472492
15861 0.003236246
13301 0.003236246
7669 0.006472492
11512 0.019417476
3323 0.012944984
19199 0.006472492
6143 0.009708738
3839 0.029126214
