7681 0.0034246575
770 0.0034246575
8194 0.0034246575
19461 0.01369863
5893 0.04109589
10246 0.0102739725
20999 0.0034246575
20231 0.0034246575
17415 0.0034246575
9227 0.006849315
5900 0.0034246575
15629 0.0034246575
15374 0.0034246575
17935 0.006849315
10767 0.01369863
8208 0.006849315
13844 0.0034246575
12568 0.0034246575
4635 0.0034246575
15900 0.006849315
12830 0.0034246575
9250 0.0034246575
1837 0.0034246575
8497 0.0034246575
15666 0.006849315
12595 0.0034246575
20020 0.0034246575
55 0.0034246575
14650 0.01369863
8254 0.0034246575
18239 0.006849315
11327 0.01369863
1858 0.0034246575
10821 0.006849315
20550 0.0034246575
12871 0.0034246575
1352 0.0034246575
18251 0.030821918
15180 0.0034246575
20813 0.006849315
16717 0.0102739725
11598 0.0034246575
8019 0.0034246575
13659 0.006849315
347 0.017123288
19548 0.0034246575
15196 0.0034246575
11870 0.0034246575
13919 0.006849315
16736 0.0034246575
16481 0.0034246575
21345 0.0102739725
4450 0.0034246575
20579 0.0034246575
18021 0.006849315
2662 0.0034246575
3430 0.006849315
10350 0.0102739725
17008 0.006849315
11635 0.006849315
15484 0.0034246575
11901 0.0034246575
8573 0.006849315
19581 0.0102739725
21632 0.0034246575
5760 0.0034246575
2690 0.0034246575
11396 0.0034246575
11141 0.0034246575
20357 0.0034246575
8837 0.023972603
8070 0.0034246575
20876 0.0034246575
17294 0.0034246575
3982 0.0034246575
20367 0.0034246575
6032 0.0034246575
18064 0.006849315
10897 0.01369863
3730 0.0034246575
15509 0.0034246575
20886 0.0034246575
8343 0.01369863
21401 0.0034246575
5275 0.0102739725
11932 0.0102739725
3745 0.0034246575
12710 0.047945205
168 0.006849315
15528 0.0102739725
2731 0.0034246575
8621 0.0034246575
8111 0.0034246575
9392 0.034246575
13492 0.0034246575
20405 0.02739726
20150 0.0034246575
4286 0.0034246575
6336 0.006849315
9408 0.006849315
21698 0.0034246575
16582 0.0034246575
4809 0.0034246575
3530 0.01369863
17867 0.0034246575
13260 0.017123288
7885 0.0034246575
1488 0.0034246575
13521 0.0034246575
10451 0.04452055
20437 0.0034246575
7637 0.0034246575
20696 0.0034246575
13786 0.0034246575
14299 0.0034246575
731 0.0034246575
14300 0.0034246575
4319 0.020547945
20453 0.0034246575
5349 0.006849315
16871 0.006849315
7914 0.0034246575
4588 0.0034246575
1006 0.0034246575
19695 0.017123288
5105 0.006849315
499 0.0034246575
18677 0.0034246575
21752 0.0034246575
11512 0.061643835
5631 0.0034246575
6143 0.006849315
