7680 0.0029850747
8194 0.0029850747
5893 0.014925373
10246 0.0059701493
20231 0.0029850747
9227 0.0029850747
10763 0.0089552235
5900 0.0059701493
8463 0.0059701493
8208 0.0029850747
19216 0.0029850747
19223 0.0029850747
19736 0.0059701493
21017 0.0029850747
10523 0.0029850747
4635 0.0029850747
15900 0.0029850747
10270 0.0029850747
12064 0.0059701493
13090 0.0029850747
6952 0.0029850747
18731 0.0029850747
13613 0.0059701493
11825 0.0059701493
21044 0.0029850747
20020 0.0059701493
311 0.0059701493
14903 0.011940299
7225 0.0059701493
14650 0.0029850747
14139 0.0029850747
11837 0.0059701493
3645 0.032835823
11327 0.0089552235
18239 0.020895522
8000 0.0029850747
10821 0.0029850747
20295 0.0029850747
8263 0.0029850747
12871 0.0059701493
18251 0.011940299
16717 0.0029850747
14158 0.0029850747
18256 0.0029850747
9810 0.0059701493
16724 0.0029850747
5460 0.0029850747
18263 0.0059701493
1370 0.0029850747
20315 0.0029850747
5726 0.0029850747
9310 0.0029850747
13919 0.0029850747
1376 0.0029850747
16481 0.0029850747
20065 0.0029850747
7265 0.0059701493
13666 0.0029850747
10083 0.0059701493
13670 0.0029850747
2662 0.0059701493
3430 0.0089552235
6247 0.0029850747
15208 0.0029850747
17513 0.0029850747
8297 0.0029850747
15209 0.0089552235
4714 0.0029850747
109 0.0029850747
10094 0.0059701493
15216 0.0029850747
12656 0.0059701493
14705 0.0029850747
18291 0.0029850747
11635 0.0059701493
884 0.0059701493
21621 0.0029850747
19062 0.0029850747
13436 0.0029850747
15484 0.0029850747
11644 0.0029850747
8573 0.0029850747
19581 0.011940299
6526 0.0029850747
21632 0.0029850747
16003 0.026865672
11141 0.0029850747
9862 0.014925373
15240 0.0029850747
3464 0.0059701493
22154 0.0029850747
10896 0.0029850747
10897 0.020895522
9363 0.0029850747
13973 0.0029850747
150 0.0089552235
8343 0.0089552235
9374 0.0029850747
3745 0.0089552235
12707 0.0029850747
18340 0.0029850747
12710 0.0029850747
17318 0.0059701493
15528 0.0029850747
11944 0.0029850747
20648 0.0029850747
5550 0.0029850747
19886 0.0059701493
10417 0.0029850747
14515 0.0089552235
19893 0.0059701493
20405 0.032835823
12470 0.0029850747
18872 0.0029850747
21432 0.011940299
16830 0.0029850747
21696 0.0029850747
6336 0.0029850747
5825 0.011940299
21698 0.0029850747
16582 0.0029850747
2758 0.0089552235
7878 0.020895522
12233 0.0029850747
14798 0.0029850747
13521 0.0029850747
17361 0.0029850747
7634 0.0029850747
10451 0.026865672
9685 0.032835823
20696 0.0029850747
7897 0.0029850747
21465 0.0059701493
18394 0.0089552235
14299 0.0029850747
5083 0.0029850747
13532 0.0029850747
14300 0.0059701493
9951 0.0029850747
4319 0.0059701493
20196 0.0029850747
6116 0.0059701493
20453 0.0059701493
5349 0.0059701493
7398 0.0029850747
2022 0.0029850747
10982 0.0029850747
20712 0.0059701493
3306 0.0059701493
20203 0.011940299
1006 0.014925373
11504 0.0029850747
12016 0.0029850747
3058 0.0029850747
20466 0.0029850747
20723 0.0059701493
2292 0.0029850747
11512 0.05671642
3323 0.011940299
12797 0.0029850747
21501 0.0059701493
3839 0.0029850747
6143 0.0089552235
