8194 0.0032051282
10246 0.0032051282
9478 0.0032051282
4617 0.0032051282
14090 0.0032051282
9227 0.0032051282
16396 0.0032051282
13068 0.0032051282
5645 0.0032051282
15629 0.0032051282
19985 0.0032051282
3859 0.0032051282
2836 0.0032051282
3860 0.0032051282
19736 0.0032051282
4635 0.0064102565
16672 0.0032051282
9250 0.0032051282
38 0.0032051282
6952 0.051282052
17196 0.0032051282
10284 0.0064102565
2605 0.0064102565
5170 0.0032051282
21558 0.0032051282
14903 0.0032051282
7479 0.0032051282
14650 0.012820513
8254 0.0032051282
11327 0.0032051282
18239 0.009615385
10821 0.012820513
4934 0.0032051282
18758 0.0064102565
8263 0.0032051282
12871 0.0064102565
2119 0.0064102565
20554 0.0032051282
18251 0.051282052
19788 0.0032051282
11346 0.0032051282
21588 0.0032051282
8021 0.0032051282
18774 0.0032051282
18263 0.0032051282
5209 0.0032051282
3419 0.0032051282
6239 0.009615385
16481 0.0032051282
7265 0.03846154
20579 0.0032051282
2662 0.0032051282
3430 0.016025642
15975 0.0032051282
17258 0.0032051282
874 0.0032051282
4714 0.0064102565
6509 0.0032051282
12398 0.0032051282
10094 0.0032051282
21621 0.0032051282
2167 0.0032051282
19581 0.025641026
11134 0.0032051282
1150 0.0064102565
21632 0.0032051282
21378 0.0032051282
16002 0.009615385
1411 0.0032051282
16003 0.048076924
11141 0.0032051282
9862 0.0064102565
16520 0.0032051282
8843 0.0032051282
18064 0.012820513
17553 0.0064102565
10897 0.009615385
19603 0.0032051282
1427 0.0032051282
20883 0.0064102565
13972 0.0032051282
11925 0.016025642
10649 0.0032051282
21401 0.0032051282
8090 0.0032051282
10651 0.025641026
16543 0.0032051282
8097 0.0032051282
3745 0.0064102565
13485 0.0032051282
19886 0.016025642
10417 0.0064102565
1970 0.0064102565
14515 0.0064102565
20405 0.01923077
2231 0.0032051282
6588 0.0032051282
15808 0.0032051282
16064 0.0064102565
14531 0.0032051282
18116 0.0032051282
16582 0.0064102565
13255 0.0032051282
11208 0.0032051282
456 0.0032051282
21704 0.0064102565
12489 0.0032051282
2505 0.0032051282
16841 0.0064102565
13521 0.0032051282
10451 0.016025642
217 0.009615385
14299 0.0032051282
6875 0.01923077
14300 0.0064102565
16095 0.0032051282
9951 0.0064102565
4319 0.035256412
8163 0.0032051282
5859 0.0064102565
6116 0.0032051282
20453 0.012820513
7914 0.0032051282
17389 0.01923077
1006 0.0064102565
2288 0.0032051282
8177 0.0032051282
5361 0.0064102565
12020 0.0032051282
11512 0.048076924
22009 0.0032051282
3323 0.022435898
4351 0.0032051282
3839 0.009615385
