8194 0.0037037036
5893 0.0037037036
10246 0.022222223
5903 0.0037037036
3859 0.0037037036
12055 0.0037037036
19736 0.018518519
4635 0.018518519
12830 0.0037037036
21541 0.0037037036
38 0.0074074073
4903 0.0037037036
6952 0.037037037
21033 0.0037037036
14889 0.0037037036
5929 0.0037037036
10793 0.0037037036
14891 0.0037037036
21297 0.0037037036
21044 0.0037037036
14650 0.0037037036
20538 0.0037037036
3645 0.033333335
18239 0.0037037036
11327 0.0074074073
18758 0.0037037036
12871 0.0037037036
8263 0.014814815
14153 0.011111111
18251 0.025925925
16717 0.0074074073
2640 0.0037037036
16468 0.0074074073
16981 0.0037037036
19542 0.0037037036
18263 0.011111111
15963 0.0037037036
8288 0.0037037036
1376 0.0074074073
16481 0.0037037036
7265 0.025925925
20579 0.0037037036
3430 0.0037037036
2662 0.018518519
15209 0.0037037036
8811 0.0037037036
11635 0.0037037036
884 0.0074074073
18038 0.0037037036
8573 0.0037037036
19581 0.02962963
11135 0.0037037036
21632 0.0037037036
1411 0.0037037036
16003 0.025925925
9862 0.0074074073
3464 0.0037037036
19593 0.0037037036
11406 0.0037037036
20881 0.0037037036
10897 0.022222223
19603 0.0037037036
20883 0.0037037036
8342 0.0037037036
2711 0.0037037036
8343 0.0074074073
21401 0.0037037036
13211 0.0074074073
11932 0.0037037036
15007 0.0037037036
3745 0.0037037036
8097 0.0037037036
4007 0.0037037036
19886 0.0037037036
14254 0.0037037036
8368 0.018518519
9393 0.0037037036
14514 0.0037037036
14515 0.0037037036
20405 0.05185185
11447 0.0037037036
2231 0.0074074073
21944 0.0037037036
18872 0.014814815
15803 0.011111111
14273 0.0037037036
10691 0.018518519
16582 0.0074074073
1224 0.0074074073
4809 0.0037037036
14798 0.0037037036
1488 0.0037037036
5840 0.0037037036
13521 0.0037037036
10451 0.033333335
468 0.0037037036
16599 0.011111111
1241 0.0037037036
14299 0.0037037036
13532 0.0037037036
6623 0.0037037036
4319 0.014814815
19683 0.0037037036
5861 0.0037037036
6886 0.0037037036
5865 0.0037037036
6635 0.0037037036
1006 0.0074074073
12271 0.0037037036
21487 0.0037037036
12016 0.014814815
20723 0.0037037036
1780 0.0074074073
2292 0.0074074073
11512 0.07037037
12286 0.0037037036
19199 0.0037037036
5631 0.0037037036
6143 0.0074074073
3839 0.014814815
