8194 0.0034843206
5893 0.0034843206
18693 0.020905923
5126 0.006968641
10246 0.020905923
20231 0.0034843206
17415 0.0034843206
12040 0.0034843206
6409 0.0034843206
20493 0.0034843206
17679 0.0034843206
13844 0.0034843206
20501 0.0034843206
12822 0.0034843206
12823 0.0034843206
19736 0.034843206
13082 0.0034843206
4635 0.006968641
21278 0.0034843206
15902 0.006968641
12575 0.0034843206
8735 0.006968641
18208 0.0034843206
16161 0.006968641
9250 0.006968641
10025 0.017421603
13613 0.0034843206
4658 0.0034843206
4665 0.0034843206
14650 0.017421603
22075 0.006968641
20542 0.010452962
4927 0.0034843206
18239 0.027874565
21312 0.0034843206
1858 0.0034843206
18501 0.0034843206
10821 0.017421603
18758 0.0034843206
12871 0.0034843206
8263 0.013937282
18251 0.017421603
16717 0.0034843206
11598 0.0034843206
20818 0.0034843206
18263 0.006968641
19034 0.0034843206
5212 0.0034843206
15196 0.0034843206
16736 0.010452962
16481 0.0034843206
21345 0.0034843206
20579 0.010452962
3430 0.006968641
15209 0.0034843206
13929 0.017421603
15980 0.0034843206
9071 0.0034843206
11635 0.013937282
1396 0.0034843206
19062 0.0034843206
8573 0.0034843206
4221 0.0034843206
19581 0.010452962
21632 0.0034843206
2690 0.0034843206
5253 0.0034843206
8070 0.0034843206
9862 0.0034843206
16520 0.0034843206
20360 0.006968641
5002 0.045296166
6032 0.0034843206
8592 0.006968641
21136 0.006968641
10897 0.013937282
16530 0.006968641
1427 0.0034843206
20630 0.0034843206
10396 0.0034843206
11932 0.006968641
4510 0.0034843206
13983 0.0034843206
3745 0.0034843206
12710 0.020905923
1960 0.0034843206
5801 0.0034843206
2731 0.006968641
5548 0.0034843206
14254 0.0034843206
19886 0.006968641
5808 0.0034843206
10417 0.0034843206
9393 0.0034843206
20402 0.0034843206
13491 0.0034843206
9141 0.006968641
20405 0.020905923
20150 0.0034843206
4025 0.0034843206
15293 0.0034843206
19137 0.006968641
5825 0.006968641
8898 0.0034843206
3268 0.006968641
11972 0.006968641
14788 0.017421603
16582 0.0034843206
7878 0.0034843206
1224 0.0034843206
13260 0.020905923
19917 0.0034843206
1488 0.006968641
13521 0.0034843206
10451 0.031358887
5077 0.006968641
22232 0.0034843206
3288 0.0034843206
14299 0.0034843206
5083 0.0034843206
13532 0.006968641
4319 0.0034843206
21472 0.0034843206
9441 0.006968641
6116 0.006968641
8422 0.0034843206
6886 0.006968641
7660 0.0034843206
14060 0.006968641
1006 0.013937282
13039 0.0034843206
19183 0.0034843206
241 0.0034843206
9973 0.0034843206
2550 0.0034843206
11512 0.06620209
