8194 0.008174387
9988 0.0027247956
5893 0.0626703
10246 0.024523161
6409 0.0027247956
2057 0.0027247956
9227 0.0027247956
5900 0.0027247956
8972 0.0027247956
5903 0.005449591
10767 0.008174387
17935 0.016348774
15121 0.0027247956
3860 0.0027247956
22294 0.0027247956
19736 0.01907357
18713 0.0027247956
4635 0.010899182
13855 0.0027247956
2335 0.0027247956
6688 0.0027247956
12321 0.005449591
9250 0.0027247956
6952 0.013623978
13097 0.0027247956
12329 0.0027247956
13610 0.0027247956
298 0.008174387
8491 0.0027247956
8755 0.0027247956
3123 0.0027247956
8243 0.0027247956
21044 0.0027247956
7479 0.005449591
14650 0.0027247956
4923 0.0027247956
8254 0.0027247956
18239 0.0027247956
11327 0.008174387
20550 0.0027247956
18758 0.005449591
12871 0.0027247956
6215 0.0027247956
8263 0.008174387
2632 0.0027247956
18251 0.0027247956
18253 0.0027247956
16717 0.005449591
20047 0.0027247956
14160 0.0027247956
3922 0.0027247956
21588 0.005449591
6487 0.0027247956
19034 0.0027247956
6239 0.0027247956
22111 0.0027247956
16736 0.01907357
16481 0.0027247956
21345 0.016348774
7265 0.024523161
3430 0.008174387
15465 0.0027247956
13929 0.0027247956
9836 0.005449591
10350 0.008174387
18800 0.0027247956
12146 0.005449591
884 0.0027247956
9845 0.0027247956
19062 0.0027247956
8314 0.0027247956
15484 0.0027247956
5500 0.008174387
8573 0.0027247956
19581 0.021798365
21632 0.0027247956
13952 0.0027247956
11396 0.0027247956
8070 0.0027247956
18057 0.0027247956
17294 0.0027247956
6032 0.0027247956
17553 0.0027247956
10897 0.008174387
18834 0.0027247956
15509 0.005449591
8342 0.0027247956
150 0.0027247956
20886 0.0027247956
17815 0.0027247956
2455 0.0027247956
8343 0.0027247956
8855 0.005449591
15514 0.0027247956
9370 0.005449591
11932 0.008174387
1697 0.0027247956
3745 0.005449591
18340 0.0027247956
15528 0.005449591
20396 0.0027247956
8371 0.0027247956
13235 0.008174387
1716 0.0027247956
20405 0.01907357
5308 0.0027247956
4028 0.0027247956
4290 0.0027247956
10691 0.0027247956
21444 0.0027247956
3268 0.0027247956
6853 0.0027247956
9157 0.005449591
16582 0.0027247956
9670 0.0027247956
13255 0.0027247956
11721 0.0027247956
3530 0.0027247956
19917 0.0027247956
14798 0.0027247956
20942 0.008174387
1488 0.010899182
13521 0.0027247956
5585 0.0027247956
10451 0.016348774
11220 0.0027247956
11734 0.0027247956
20696 0.049046323
6872 0.10626703
9435 0.0027247956
14300 0.0027247956
22237 0.0027247956
9951 0.0027247956
20959 0.027247956
21984 0.0027247956
4064 0.0027247956
18401 0.0027247956
3300 0.0027247956
6116 0.010899182
5349 0.0027247956
20453 0.005449591
15335 0.0027247956
16871 0.005449591
1000 0.0027247956
7657 0.0027247956
7914 0.005449591
1006 0.0027247956
12016 0.008174387
241 0.0027247956
20977 0.0027247956
8433 0.008174387
3058 0.0027247956
20723 0.0027247956
11512 0.024523161
3323 0.005449591
7421 0.0027247956
6143 0.005449591
