7680 0.0034364262
1 0.0034364262
8194 0.0034364262
9988 0.0034364262
8709 0.0068728523
5893 0.01718213
10246 0.0034364262
9478 0.0034364262
17415 0.0034364262
2061 0.0034364262
13837 0.0034364262
15629 0.0068728523
17935 0.0034364262
10767 0.010309278
21265 0.0034364262
6934 0.0034364262
19736 0.024054984
16409 0.0034364262
4635 0.020618556
11548 0.0034364262
15900 0.0068728523
14365 0.0034364262
18975 0.0034364262
13600 0.0034364262
13857 0.0034364262
9250 0.0068728523
11298 0.0068728523
20006 0.0034364262
10025 0.010309278
2602 0.0034364262
6444 0.0034364262
17196 0.0034364262
14381 0.0068728523
8243 0.0068728523
9780 0.0034364262
13624 0.0034364262
9530 0.0034364262
4669 0.0068728523
8254 0.0034364262
6206 0.0034364262
11327 0.0068728523
18239 0.020618556
11073 0.0034364262
15938 0.0034364262
4934 0.0068728523
18758 0.0068728523
8263 0.0068728523
12871 0.0068728523
2632 0.0034364262
1354 0.0034364262
18251 0.0034364262
2130 0.0034364262
3154 0.0034364262
9810 0.010309278
20821 0.0034364262
18774 0.0068728523
18263 0.0068728523
17751 0.020618556
21595 0.0034364262
9310 0.0034364262
6239 0.0034364262
16481 0.0068728523
21345 0.0068728523
3430 0.0068728523
2662 0.010309278
15209 0.0034364262
6509 0.0034364262
13678 0.0034364262
8561 0.0034364262
13426 0.0034364262
11635 0.0034364262
9845 0.0034364262
21621 0.0034364262
17017 0.0034364262
4474 0.0034364262
19581 0.010309278
21632 0.0034364262
13952 0.0034364262
1922 0.0034364262
16002 0.0034364262
16003 0.013745705
13701 0.0034364262
9862 0.0068728523
17549 0.0034364262
10897 0.01718213
12180 0.0034364262
18836 0.0068728523
15509 0.0034364262
8343 0.0034364262
21401 0.0034364262
13210 0.0034364262
8090 0.03780069
20127 0.0034364262
3489 0.0034364262
1441 0.0034364262
929 0.0034364262
3745 0.0068728523
163 0.0034364262
20648 0.0034364262
19886 0.01718213
8111 0.0034364262
10677 0.0034364262
20405 0.0068728523
19126 0.0034364262
2744 0.0034364262
18872 0.0034364262
14011 0.0034364262
16582 0.0034364262
21703 0.0034364262
20426 0.0034364262
10699 0.0068728523
6091 0.0034364262
6860 0.0034364262
14798 0.0034364262
19408 0.0034364262
13521 0.0034364262
10451 0.041237112
10197 0.0034364262
17365 0.0034364262
11734 0.0034364262
20696 0.07560138
7897 0.0034364262
6116 0.0068728523
20453 0.0034364262
5349 0.0068728523
15078 0.0034364262
2791 0.0034364262
4074 0.0034364262
3306 0.0034364262
8175 0.0034364262
21487 0.01718213
12016 0.0034364262
10480 0.010309278
5105 0.0034364262
499 0.0034364262
20723 0.0068728523
12020 0.0034364262
17653 0.0034364262
14584 0.0034364262
7160 0.0068728523
11512 0.03780069
20217 0.0034364262
3323 0.05154639
3839 0.0034364262
6143 0.0068728523
