512 0.0035971224
2048 0.0035971224
10242 0.0035971224
5893 0.010791367
12294 0.0035971224
16390 0.01438849
10246 0.01438849
10763 0.010791367
3339 0.025179856
5900 0.0035971224
1295 0.0035971224
10767 0.017985612
8468 0.0035971224
19736 0.02877698
1561 0.0035971224
21786 0.0035971224
16410 0.0035971224
4635 0.010791367
9250 0.0035971224
11298 0.010791367
6435 0.0035971224
4647 0.0035971224
13097 0.0035971224
18731 0.0035971224
21291 0.0035971224
17196 0.0035971224
13613 0.0035971224
1837 0.0035971224
15662 0.007194245
10546 0.007194245
14650 0.0035971224
19773 0.0035971224
11327 0.0035971224
18239 0.01438849
1858 0.0035971224
11587 0.0035971224
14149 0.0035971224
18758 0.007194245
8263 0.0035971224
12871 0.010791367
18251 0.0035971224
16717 0.0035971224
6222 0.010791367
4687 0.0035971224
10321 0.0035971224
9810 0.0035971224
12636 0.0035971224
8797 0.0035971224
9053 0.007194245
13662 0.0035971224
9310 0.007194245
1375 0.0035971224
6239 0.0035971224
11872 0.0035971224
16736 0.01438849
21345 0.0035971224
16481 0.007194245
20579 0.0035971224
10083 0.007194245
2662 0.0035971224
13929 0.0035971224
14185 0.0035971224
11635 0.007194245
884 0.007194245
9845 0.0035971224
19062 0.007194245
19581 0.007194245
21632 0.0035971224
3456 0.0035971224
2176 0.0035971224
11905 0.0035971224
6021 0.0035971224
17029 0.07553957
8070 0.0035971224
16520 0.0035971224
13709 0.0035971224
7567 0.0035971224
9616 0.0035971224
20624 0.010791367
6032 0.007194245
10897 0.017985612
150 0.0035971224
8342 0.01438849
4510 0.0035971224
3745 0.007194245
18340 0.0035971224
15528 0.007194245
2731 0.007194245
12205 0.0035971224
19886 0.007194245
8371 0.007194245
20405 0.021582734
16064 0.0035971224
14273 0.0035971224
5825 0.010791367
9666 0.01438849
21444 0.0035971224
7877 0.0035971224
9926 0.0035971224
18118 0.0035971224
16582 0.010791367
18889 0.0035971224
18378 0.0035971224
6091 0.0035971224
13260 0.010791367
19917 0.0035971224
13521 0.0035971224
10451 0.039568346
8661 0.0035971224
20437 0.0035971224
20696 0.025179856
21465 0.0035971224
7897 0.0035971224
14300 0.007194245
4573 0.0035971224
12765 0.01438849
20959 0.0035971224
6116 0.0035971224
9445 0.0035971224
2791 0.0035971224
16871 0.0035971224
1006 0.007194245
12016 0.010791367
8433 0.0035971224
10227 0.0035971224
13044 0.007194245
18677 0.007194245
6646 0.0035971224
11512 0.0647482
6141 0.0035971224
6654 0.0035971224
22270 0.0035971224
6143 0.010791367
