3842 0.0038910506
10243 0.0038910506
5893 0.027237354
4870 0.0038910506
10246 0.019455252
20999 0.0038910506
267 0.0038910506
15629 0.007782101
2061 0.007782101
20750 0.007782101
17935 0.0038910506
10001 0.0038910506
278 0.0038910506
13334 0.0038910506
19736 0.015564202
13600 0.0038910506
12321 0.0038910506
14625 0.0116731515
22050 0.007782101
9250 0.015564202
19495 0.0038910506
298 0.0038910506
13610 0.0038910506
18731 0.0038910506
12844 0.0038910506
13613 0.0038910506
13616 0.007782101
10546 0.0038910506
5170 0.0038910506
9270 0.0038910506
14650 0.019455252
4669 0.0038910506
18239 0.0038910506
11327 0.0038910506
4416 0.0038910506
9795 0.0038910506
12614 0.0038910506
12871 0.0038910506
8263 0.007782101
2119 0.007782101
1354 0.0038910506
18251 0.035019454
8524 0.0038910506
16717 0.0038910506
10831 0.0038910506
10065 0.007782101
21076 0.007782101
9813 0.0038910506
11350 0.0038910506
11607 0.0038910506
18263 0.031128405
1114 0.0116731515
20571 0.0038910506
13659 0.0038910506
6239 0.0038910506
13919 0.007782101
16736 0.0116731515
16481 0.0038910506
21601 0.0038910506
15971 0.0038910506
10083 0.0116731515
2660 0.015564202
15209 0.0038910506
8300 0.0038910506
109 0.0038910506
11635 0.0038910506
884 0.0038910506
9845 0.0038910506
19062 0.0038910506
10359 0.0038910506
20349 0.0038910506
19581 0.0116731515
21632 0.0038910506
11141 0.0038910506
8070 0.019455252
20360 0.0038910506
910 0.0038910506
6286 0.007782101
20624 0.0038910506
10896 0.0116731515
17553 0.0038910506
10897 0.007782101
20883 0.0038910506
21401 0.0038910506
21403 0.0038910506
11932 0.007782101
3745 0.015564202
6566 0.0038910506
423 0.0038910506
15528 0.0038910506
10409 0.0038910506
6828 0.0038910506
19886 0.0038910506
8111 0.007782101
7090 0.0038910506
9139 0.0038910506
20405 0.007782101
2231 0.0038910506
19385 0.0038910506
11962 0.0038910506
12734 0.0038910506
14273 0.0038910506
4801 0.0038910506
9666 0.0116731515
2758 0.0038910506
16582 0.007782101
10184 0.0116731515
13260 0.0038910506
20941 0.007782101
1488 0.0038910506
13521 0.0038910506
10451 0.015564202
7894 0.0038910506
20696 0.042801555
217 0.0038910506
5849 0.0038910506
21465 0.0116731515
12765 0.007782101
4319 0.015564202
16097 0.0038910506
8163 0.0038910506
6116 0.0038910506
8420 0.0038910506
20453 0.0038910506
5349 0.007782101
8422 0.0038910506
6886 0.0116731515
7914 0.0038910506
9710 0.007782101
1006 0.019455252
21487 0.0038910506
20723 0.0038910506
14838 0.007782101
11512 0.050583657
22009 0.0038910506
22267 0.0038910506
6654 0.0038910506
5631 0.007782101
