7680 0.0027322404
8194 0.0054644807
8709 0.0027322404
19461 0.0027322404
5893 0.016393442
10246 0.0054644807
17415 0.0054644807
4617 0.0027322404
14860 0.0027322404
780 0.0027322404
3084 0.0027322404
5900 0.0027322404
20750 0.0027322404
15889 0.0027322404
18194 0.0027322404
13844 0.0027322404
22038 0.0054644807
19736 0.010928961
4635 0.0027322404
3100 0.0027322404
15900 0.0027322404
6687 0.0027322404
13855 0.0027322404
18208 0.0027322404
20516 0.008196721
21541 0.0027322404
7978 0.0027322404
2602 0.0027322404
298 0.0027322404
13610 0.0027322404
21291 0.0027322404
18731 0.0027322404
13613 0.0027322404
4141 0.0054644807
15662 0.0054644807
19250 0.0054644807
2356 0.0027322404
4665 0.0027322404
20538 0.0027322404
14650 0.013661202
13884 0.0027322404
11327 0.0027322404
18239 0.010928961
21312 0.0027322404
11073 0.0027322404
5186 0.0027322404
9027 0.0027322404
17476 0.0027322404
10821 0.0054644807
18758 0.010928961
12871 0.0027322404
6215 0.0027322404
8263 0.0027322404
10568 0.0027322404
20554 0.0054644807
18251 0.019125683
12365 0.0027322404
21325 0.0054644807
11598 0.0027322404
6992 0.0027322404
6740 0.0027322404
20823 0.0027322404
11607 0.0027322404
18263 0.013661202
10331 0.008196721
13659 0.008196721
11611 0.013661202
1376 0.0027322404
16481 0.0027322404
20579 0.0027322404
5476 0.0027322404
2662 0.0027322404
3430 0.0027322404
13160 0.0027322404
874 0.019125683
21872 0.0027322404
15472 0.117486335
14706 0.0027322404
13426 0.0027322404
17779 0.0027322404
11635 0.0054644807
5236 0.0027322404
884 0.0027322404
9845 0.0027322404
19062 0.0027322404
20345 0.0054644807
6265 0.07103825
15995 0.0027322404
7292 0.0027322404
15484 0.0027322404
11132 0.0027322404
19581 0.0054644807
21632 0.0027322404
14720 0.0027322404
10882 0.0054644807
2690 0.008196721
5765 0.0027322404
9862 0.0027322404
3210 0.0027322404
20876 0.0027322404
17294 0.0027322404
6286 0.0027322404
10896 0.0027322404
912 0.010928961
17553 0.0027322404
10897 0.0054644807
2706 0.0027322404
20886 0.0027322404
17815 0.0027322404
8343 0.013661202
21401 0.0027322404
1690 0.0027322404
1948 0.0027322404
11932 0.0054644807
415 0.0027322404
3745 0.0054644807
8103 0.0027322404
7847 0.019125683
20651 0.0027322404
8111 0.0027322404
14514 0.0027322404
20404 0.0027322404
20405 0.008196721
19126 0.0054644807
19127 0.0027322404
8890 0.0027322404
11706 0.0054644807
192 0.0027322404
18369 0.016393442
21698 0.0027322404
10691 0.0054644807
3268 0.0027322404
9157 0.0027322404
9413 0.0027322404
16582 0.0027322404
2758 0.008196721
13255 0.0027322404
20426 0.0027322404
8140 0.0027322404
13521 0.0027322404
10451 0.019125683
20437 0.0027322404
3288 0.0027322404
20696 0.008196721
12762 0.0027322404
1242 0.0054644807
731 0.0027322404
22235 0.0027322404
4319 0.010928961
19937 0.0027322404
6116 0.008196721
20453 0.0027322404
5349 0.008196721
8422 0.0027322404
6886 0.0054644807
9959 0.0027322404
14314 0.0027322404
10218 0.0027322404
20715 0.0027322404
14060 0.0027322404
16621 0.0027322404
1006 0.019125683
19183 0.0054644807
5615 0.010928961
12016 0.0027322404
8435 0.0027322404
13044 0.0027322404
21493 0.0027322404
1015 0.0027322404
11512 0.030054646
15098 0.0027322404
5372 0.0027322404
19453 0.0027322404
13823 0.0027322404
