13568 0.004032258
8194 0.012096774
8709 0.004032258
5893 0.016129032
10246 0.012096774
9227 0.004032258
7179 0.004032258
1298 0.004032258
8468 0.004032258
13844 0.008064516
22294 0.004032258
12055 0.004032258
19736 0.024193548
4635 0.012096774
15900 0.004032258
12321 0.004032258
9250 0.012096774
38 0.004032258
550 0.004032258
4903 0.004032258
6952 0.016129032
13610 0.004032258
298 0.016129032
13613 0.016129032
8496 0.004032258
22064 0.004032258
11825 0.008064516
20020 0.004032258
15417 0.004032258
14650 0.004032258
3645 0.004032258
18239 0.004032258
11327 0.004032258
11073 0.004032258
18758 0.004032258
6215 0.004032258
8263 0.004032258
2119 0.004032258
12871 0.008064516
11851 0.004032258
18251 0.03629032
12109 0.004032258
16724 0.004032258
20823 0.004032258
18263 0.044354837
13659 0.004032258
20574 0.004032258
6239 0.004032258
16481 0.004032258
21345 0.012096774
7265 0.02016129
20579 0.012096774
19813 0.008064516
15209 0.004032258
874 0.004032258
11121 0.004032258
11635 0.004032258
884 0.004032258
9845 0.004032258
19322 0.004032258
15484 0.028225806
21632 0.004032258
5760 0.008064516
16003 0.032258064
16772 0.004032258
8836 0.004032258
9862 0.012096774
19594 0.004032258
15500 0.004032258
17294 0.004032258
3728 0.004032258
10897 0.016129032
16533 0.004032258
20886 0.004032258
6806 0.004032258
8343 0.016129032
22168 0.004032258
21401 0.008064516
3740 0.004032258
669 0.004032258
9374 0.004032258
20127 0.004032258
3745 0.004032258
10409 0.004032258
18601 0.004032258
14254 0.004032258
8111 0.008064516
8368 0.024193548
20404 0.004032258
20405 0.024193548
2231 0.004032258
18872 0.016129032
8898 0.004032258
9666 0.004032258
3268 0.008064516
16582 0.004032258
8909 0.004032258
19917 0.004032258
13521 0.004032258
10451 0.02016129
20437 0.004032258
20696 0.016129032
4314 0.004032258
1754 0.004032258
6623 0.008064516
4319 0.044354837
4064 0.004032258
2016 0.004032258
6116 0.016129032
5861 0.004032258
9449 0.004032258
3306 0.008064516
20203 0.008064516
1006 0.012096774
8433 0.004032258
20723 0.004032258
13301 0.004032258
18677 0.004032258
22263 0.004032258
11512 0.032258064
3839 0.012096774
