21632 0.01923077
5825 0.01923077
8194 0.01923077
16003 0.01923077
16582 0.01923077
4934 0.01923077
12871 0.01923077
13255 0.01923077
20360 0.03846154
18378 0.01923077
18251 0.01923077
9227 0.057692308
11151 0.01923077
13521 0.01923077
10897 0.057692308
20883 0.03846154
10451 0.07692308
18263 0.15384616
19865 0.01923077
13532 0.01923077
4319 0.03846154
16481 0.01923077
3745 0.01923077
10083 0.01923077
2791 0.01923077
2731 0.01923077
8811 0.01923077
9845 0.01923077
21621 0.01923077
20405 0.03846154
21110 0.01923077
11512 0.01923077
14652 0.01923077
3455 0.01923077
