7680 0.0040983604
5893 0.0040983604
16390 0.008196721
9227 0.012295082
3084 0.0040983604
5646 0.0040983604
17935 0.0040983604
10767 0.008196721
15120 0.0040983604
19736 0.016393442
4635 0.0040983604
797 0.0040983604
6435 0.0040983604
20516 0.028688524
4903 0.0040983604
6952 0.114754096
298 0.0040983604
18731 0.0040983604
21291 0.008196721
22064 0.0040983604
10546 0.0040983604
22077 0.0040983604
11327 0.0040983604
18239 0.016393442
7232 0.016393442
1858 0.0040983604
8002 0.0040983604
10821 0.0040983604
4934 0.012295082
2119 0.0040983604
8263 0.0040983604
12871 0.012295082
18251 0.016393442
16717 0.0040983604
3921 0.0040983604
21588 0.0040983604
20821 0.0040983604
18774 0.0040983604
17494 0.0040983604
18263 0.008196721
6491 0.0040983604
20315 0.0040983604
9310 0.008196721
6239 0.0040983604
16481 0.008196721
7265 0.07786885
10083 0.0040983604
3430 0.0040983604
6509 0.0040983604
12657 0.0040983604
14450 0.0040983604
11635 0.0040983604
9845 0.0040983604
21621 0.0040983604
5237 0.0040983604
21110 0.0040983604
14204 0.0040983604
19581 0.008196721
21632 0.0040983604
14722 0.0040983604
16003 0.0040983604
6021 0.0040983604
11141 0.0040983604
20360 0.008196721
8592 0.0040983604
10897 0.024590164
10651 0.012295082
18077 0.0040983604
20127 0.0040983604
3745 0.012295082
10657 0.012295082
15528 0.0040983604
2731 0.008196721
12468 0.0040983604
20405 0.024590164
19126 0.008196721
2231 0.0040983604
21696 0.0040983604
9666 0.008196721
11718 0.0040983604
2758 0.0040983604
16582 0.008196721
1998 0.008196721
13521 0.0040983604
13009 0.0040983604
8146 0.0040983604
10451 0.057377048
11734 0.0040983604
20696 0.012295082
5849 0.0040983604
3290 0.008196721
16605 0.0040983604
4319 0.008196721
6116 0.0040983604
5349 0.0040983604
5861 0.008196721
15078 0.0040983604
6886 0.016393442
2791 0.008196721
1006 0.008196721
19695 0.0040983604
21487 0.008196721
5361 0.0040983604
20723 0.0040983604
499 0.0040983604
2292 0.008196721
19704 0.0040983604
11512 0.036885247
2041 0.0040983604
20217 0.008196721
14330 0.0040983604
3323 0.0040983604
