8193 0.003690037
5893 0.018450184
16390 0.003690037
10246 0.003690037
17415 0.025830258
3339 0.003690037
5900 0.003690037
2061 0.003690037
14 0.003690037
10767 0.011070111
8208 0.003690037
13844 0.003690037
1812 0.003690037
8468 0.007380074
13334 0.003690037
19736 0.014760148
3097 0.003690037
1306 0.003690037
4123 0.003690037
7707 0.003690037
15900 0.003690037
3104 0.003690037
9250 0.003690037
8485 0.003690037
2601 0.003690037
13610 0.003690037
298 0.011070111
2347 0.003690037
13613 0.003690037
1072 0.003690037
19249 0.007380074
5170 0.003690037
20020 0.011070111
313 0.003690037
14650 0.011070111
18239 0.011070111
11073 0.003690037
18246 0.003690037
12871 0.007380074
7752 0.003690037
2632 0.003690037
17738 0.003690037
18251 0.007380074
8524 0.003690037
15692 0.003690037
16717 0.003690037
7757 0.003690037
6477 0.025830258
10831 0.007380074
3922 0.003690037
19286 0.003690037
17238 0.003690037
18263 0.051660515
2649 0.003690037
10589 0.003690037
6239 0.003690037
16736 0.003690037
16481 0.003690037
7265 0.003690037
21345 0.014760148
2662 0.003690037
3430 0.007380074
5736 0.003690037
13160 0.003690037
15209 0.003690037
14442 0.007380074
17516 0.003690037
9836 0.003690037
17262 0.003690037
11635 0.003690037
884 0.007380074
9845 0.003690037
21621 0.007380074
3446 0.003690037
19062 0.011070111
11644 0.003690037
14204 0.003690037
20605 0.003690037
19581 0.007380074
21632 0.003690037
11905 0.003690037
20610 0.003690037
16003 0.007380074
8836 0.007380074
11141 0.007380074
9862 0.029520296
20360 0.007380074
18064 0.003690037
6032 0.003690037
9361 0.003690037
12945 0.003690037
19601 0.003690037
10897 0.011070111
20883 0.003690037
10388 0.003690037
8342 0.003690037
7830 0.003690037
2199 0.003690037
20631 0.003690037
8343 0.018450184
9882 0.003690037
928 0.003690037
3745 0.003690037
8097 0.007380074
3749 0.003690037
4777 0.003690037
7082 0.007380074
4269 0.003690037
13485 0.003690037
19886 0.003690037
2222 0.003690037
21679 0.003690037
21939 0.003690037
8371 0.003690037
13235 0.003690037
20405 0.029520296
19385 0.003690037
8890 0.003690037
14525 0.003690037
12734 0.003690037
6846 0.003690037
3262 0.003690037
3263 0.003690037
21952 0.003690037
15808 0.003690037
7874 0.003690037
20163 0.003690037
3268 0.003690037
3525 0.003690037
16582 0.007380074
2758 0.007380074
21194 0.003690037
8140 0.003690037
716 0.011070111
13521 0.003690037
10451 0.022140222
7124 0.003690037
20437 0.003690037
11734 0.003690037
20438 0.003690037
20696 0.007380074
14810 0.003690037
22235 0.003690037
12765 0.011070111
6116 0.003690037
20453 0.007380074
2791 0.003690037
7914 0.003690037
3306 0.003690037
5098 0.003690037
1261 0.003690037
1006 0.003690037
12016 0.007380074
20723 0.007380074
14581 0.003690037
11512 0.04797048
2041 0.007380074
14587 0.003690037
10492 0.007380074
