5893 0.01632653
10246 0.012244898
10763 0.0040816325
16396 0.0040816325
15629 0.0040816325
10767 0.008163265
19736 0.012244898
4635 0.012244898
3100 0.0040816325
31 0.0040816325
16161 0.0040816325
11298 0.0040816325
9250 0.0040816325
12325 0.0040816325
13610 0.0040816325
298 0.008163265
11825 0.0040816325
7474 0.0040816325
10546 0.012244898
21813 0.008163265
3894 0.0040816325
4665 0.0040816325
14650 0.020408163
3645 0.012244898
11327 0.0040816325
18239 0.024489796
4672 0.0040816325
1858 0.0040816325
21317 0.0040816325
10821 0.0040816325
18758 0.008163265
12871 0.0040816325
8263 0.0040816325
18251 0.024489796
6995 0.0040816325
18263 0.012244898
13659 0.0040816325
15196 0.008163265
7775 0.0040816325
16481 0.0040816325
7265 0.0040816325
10083 0.0040816325
3430 0.0040816325
10094 0.0040816325
18800 0.0040816325
17265 0.0040816325
11635 0.0040816325
10868 0.0040816325
884 0.012244898
9845 0.0040816325
6265 0.0040816325
18298 0.0040816325
15484 0.0040816325
19581 0.020408163
21632 0.0040816325
2435 0.0040816325
8070 0.0040816325
9862 0.008163265
20360 0.0040816325
6286 0.0040816325
7567 0.008163265
18064 0.0040816325
10896 0.0040816325
10897 0.008163265
6546 0.0040816325
8851 0.0040816325
8343 0.012244898
10650 0.0040816325
3996 0.06122449
4510 0.0040816325
3745 0.0040816325
4002 0.0040816325
12710 0.0040816325
7847 0.008163265
15528 0.0040816325
7082 0.020408163
12205 0.008163265
10677 0.0040816325
20405 0.03265306
8890 0.0040816325
3262 0.0040816325
18623 0.0040816325
5825 0.0040816325
16065 0.0040816325
3522 0.0040816325
8898 0.0040816325
10691 0.008163265
9157 0.008163265
16582 0.0040816325
11718 0.0040816325
8135 0.0040816325
13255 0.0040816325
16841 0.012244898
1482 0.0040816325
8140 0.0040816325
5580 0.0040816325
20942 0.0040816325
462 0.0040816325
11215 0.0040816325
9935 0.0040816325
12495 0.0040816325
1488 0.012244898
13521 0.0040816325
10451 0.03265306
6612 0.01632653
3288 0.008163265
20696 0.03265306
21465 0.0040816325
217 0.0040816325
1754 0.0040816325
2778 0.0040816325
14300 0.0040816325
16605 0.0040816325
4319 0.008163265
5349 0.0040816325
20453 0.0040816325
16871 0.01632653
1006 0.008163265
18159 0.012244898
7669 0.0040816325
5621 0.0040816325
11512 0.024489796
2041 0.0040816325
3323 0.053061225
19199 0.0040816325
