8193 0.014492754
5892 0.014492754
5893 0.009661836
10763 0.004830918
18958 0.004830918
5390 0.004830918
6160 0.004830918
22294 0.004830918
19736 0.014492754
10780 0.004830918
3100 0.004830918
9250 0.004830918
18979 0.004830918
20516 0.024154589
21541 0.004830918
13610 0.009661836
13613 0.014492754
21038 0.004830918
11825 0.004830918
10546 0.009661836
5170 0.009661836
20792 0.004830918
14650 0.009661836
13883 0.004830918
11837 0.004830918
11327 0.004830918
18239 0.004830918
21062 0.004830918
12871 0.004830918
8263 0.004830918
18251 0.04347826
16717 0.004830918
6477 0.004830918
21325 0.004830918
11598 0.004830918
8021 0.009661836
18263 0.014492754
16984 0.009661836
11611 0.004830918
13659 0.009661836
15196 0.019323671
9053 0.004830918
8288 0.004830918
16481 0.004830918
3430 0.004830918
6509 0.004830918
11635 0.009661836
884 0.009661836
9845 0.004830918
20349 0.004830918
19581 0.014492754
21632 0.004830918
11905 0.004830918
2690 0.009661836
11141 0.009661836
9862 0.004830918
16519 0.004830918
16520 0.004830918
8589 0.004830918
18064 0.004830918
10897 0.024154589
20883 0.004830918
8852 0.004830918
14484 0.004830918
15511 0.004830918
8343 0.004830918
20891 0.004830918
10651 0.004830918
11932 0.004830918
3745 0.014492754
14757 0.004830918
20648 0.004830918
2731 0.004830918
10412 0.004830918
12205 0.014492754
9903 0.004830918
8111 0.004830918
10417 0.004830918
9139 0.004830918
19123 0.004830918
6836 0.004830918
20405 0.009661836
4025 0.014492754
5825 0.014492754
964 0.004830918
2758 0.004830918
16582 0.009661836
1224 0.004830918
1482 0.004830918
17867 0.004830918
13521 0.004830918
14803 0.004830918
10451 0.04347826
9685 0.004830918
3288 0.004830918
10972 0.004830918
6623 0.019323671
4319 0.033816423
14560 0.004830918
9441 0.004830918
4834 0.004830918
12771 0.004830918
19683 0.004830918
20196 0.014492754
5349 0.009661836
1006 0.033816423
12016 0.014492754
20723 0.014492754
11512 0.038647342
22009 0.004830918
14330 0.004830918
15610 0.014492754
10750 0.004830918
22270 0.004830918
5631 0.004830918
