12804 0.0033444816
5892 0.030100334
5893 0.013377926
16390 0.0033444816
10246 0.006688963
17415 0.0100334445
10763 0.0033444816
16908 0.0033444816
16396 0.006688963
14860 0.006688963
5900 0.006688963
17935 0.0033444816
1295 0.006688963
8468 0.0033444816
13844 0.006688963
19736 0.020066889
4635 0.02341137
13855 0.0033444816
13090 0.0033444816
11298 0.0100334445
9250 0.016722407
3619 0.0033444816
6435 0.0033444816
9510 0.0033444816
38 0.0033444816
13610 0.006688963
14891 0.006688963
20792 0.0033444816
20538 0.0033444816
14650 0.013377926
4923 0.0033444816
11327 0.0033444816
18239 0.016722407
8000 0.0100334445
11073 0.0033444816
1858 0.0100334445
16195 0.0033444816
18758 0.0033444816
8263 0.0033444816
12871 0.006688963
18251 0.020066889
11598 0.0033444816
10831 0.0033444816
11343 0.0033444816
21841 0.0033444816
2642 0.0033444816
83 0.0033444816
9813 0.006688963
18263 0.0100334445
13659 0.0033444816
1376 0.0033444816
21345 0.0033444816
9057 0.006688963
16481 0.006688963
20065 0.013377926
18021 0.0033444816
13670 0.0033444816
3430 0.006688963
13160 0.006688963
8297 0.0033444816
10605 0.0033444816
14189 0.006688963
11635 0.0033444816
5236 0.0033444816
884 0.0033444816
9845 0.0033444816
21621 0.013377926
19062 0.0033444816
21369 0.0033444816
11644 0.0033444816
13436 0.0100334445
19581 0.020066889
21632 0.0033444816
16003 0.026755853
12165 0.0033444816
9862 0.0100334445
11151 0.0033444816
6032 0.0033444816
9361 0.0033444816
10897 0.016722407
9363 0.04347826
150 0.0033444816
8342 0.0033444816
8343 0.006688963
11932 0.0033444816
9374 0.0033444816
20127 0.006688963
3745 0.0033444816
5287 0.0033444816
15528 0.0033444816
12205 0.006688963
9139 0.0033444816
20405 0.050167225
3766 0.0033444816
12470 0.0033444816
21432 0.016722407
6336 0.006688963
5825 0.016722407
3522 0.0033444816
10691 0.0033444816
3268 0.0033444816
16582 0.006688963
2758 0.006688963
1224 0.0033444816
1229 0.013377926
1488 0.0033444816
13521 0.0033444816
10451 0.030100334
11221 0.0033444816
20696 0.006688963
21465 0.0033444816
7897 0.0033444816
18394 0.006688963
12765 0.0033444816
4319 0.013377926
13026 0.0033444816
6116 0.0033444816
5349 0.0033444816
20453 0.006688963
8422 0.006688963
15335 0.013377926
20712 0.0033444816
1006 0.013377926
21487 0.0033444816
241 0.0033444816
755 0.0033444816
13301 0.0033444816
9462 0.0033444816
11512 0.050167225
20217 0.006688963
18428 0.0033444816
