9988 0.0030674846
8709 0.006134969
5893 0.021472393
5638 0.0030674846
10246 0.012269938
17415 0.0030674846
12041 0.0030674846
5897 0.006134969
13579 0.0030674846
16396 0.009202454
15629 0.006134969
14 0.0030674846
10767 0.0030674846
5903 0.0030674846
11791 0.0030674846
8208 0.0030674846
20496 0.0030674846
15376 0.0030674846
18706 0.009202454
13333 0.009202454
19736 0.021472393
4635 0.015337423
5404 0.0030674846
13596 0.0030674846
16156 0.009202454
15902 0.0030674846
9250 0.009202454
20516 0.0030674846
16167 0.0030674846
4903 0.0030674846
13610 0.0030674846
298 0.0030674846
13613 0.006134969
8237 0.012269938
22064 0.006134969
14129 0.0030674846
21813 0.0030674846
311 0.0030674846
7479 0.0030674846
14650 0.006134969
15422 0.006134969
18239 0.006134969
11327 0.006134969
5184 0.012269938
17476 0.0030674846
10821 0.021472393
12871 0.0030674846
5959 0.0030674846
18251 0.009202454
10061 0.0030674846
15949 0.0030674846
12109 0.0030674846
11598 0.0030674846
10831 0.0030674846
20821 0.0030674846
11350 0.006134969
18263 0.021472393
13149 0.0030674846
94 0.0030674846
17247 0.009202454
16736 0.0030674846
16481 0.0030674846
20579 0.0030674846
19557 0.0030674846
21351 0.006134969
14185 0.0030674846
109 0.0030674846
10094 0.006134969
21872 0.0030674846
13426 0.0030674846
11635 0.0030674846
5235 0.0030674846
884 0.006134969
9845 0.0030674846
21621 0.006134969
7545 0.0030674846
2426 0.0030674846
8573 0.0030674846
19581 0.009202454
21632 0.0030674846
15746 0.0030674846
14212 0.0030674846
11141 0.009202454
18566 0.0030674846
9862 0.015337423
20872 0.0030674846
9868 0.0030674846
11661 0.0030674846
6286 0.0030674846
3982 0.0030674846
11151 0.0030674846
8592 0.006134969
18064 0.006134969
20624 0.012269938
17553 0.0030674846
10897 0.009202454
14995 0.0030674846
11156 0.0030674846
150 0.0030674846
8343 0.0030674846
11932 0.009202454
4510 0.0030674846
3745 0.006134969
14757 0.0030674846
11176 0.0030674846
20648 0.0030674846
13998 0.0030674846
21679 0.0030674846
17329 0.0030674846
9393 0.0030674846
14514 0.0030674846
16306 0.0030674846
20402 0.0030674846
7090 0.006134969
8371 0.0030674846
4789 0.0030674846
20405 0.006134969
19385 0.0030674846
11706 0.006134969
6588 0.0030674846
12734 0.0030674846
3262 0.0398773
15808 0.0030674846
9666 0.0030674846
3268 0.0030674846
11718 0.0030674846
2758 0.009202454
16582 0.024539877
1224 0.006134969
4809 0.0030674846
14798 0.0030674846
11215 0.0030674846
13521 0.0030674846
10451 0.027607363
20696 0.036809817
7897 0.006134969
5849 0.009202454
14300 0.0030674846
6623 0.006134969
20959 0.006134969
19938 0.0030674846
9956 0.0030674846
20196 0.0030674846
6116 0.006134969
20453 0.0030674846
5861 0.006134969
2790 0.0030674846
8422 0.006134969
20712 0.0030674846
1006 0.009202454
15342 0.012269938
12016 0.0030674846
241 0.0030674846
20723 0.0030674846
13044 0.0030674846
1524 0.006134969
9462 0.0030674846
14070 0.0030674846
15606 0.006134969
11512 0.055214725
20217 0.0030674846
14330 0.006134969
17919 0.0030674846
5631 0.0030674846
6143 0.006134969
