7680 0.0037593986
8194 0.015037594
5892 0.0037593986
5893 0.02255639
16390 0.0037593986
10246 0.02255639
519 0.0037593986
17415 0.007518797
7434 0.0037593986
17163 0.0037593986
5900 0.0037593986
14 0.007518797
17935 0.007518797
19736 0.007518797
9250 0.0037593986
11298 0.007518797
6435 0.0037593986
21541 0.0037593986
7208 0.0037593986
6952 0.011278195
10025 0.0037593986
6444 0.0037593986
10284 0.0037593986
1837 0.0037593986
13613 0.007518797
1838 0.0037593986
21297 0.0037593986
11825 0.0037593986
19250 0.0037593986
10546 0.007518797
16692 0.0037593986
6199 0.0037593986
15417 0.0037593986
14650 0.030075189
18239 0.0037593986
4416 0.0037593986
18501 0.0037593986
18758 0.0037593986
4934 0.007518797
12871 0.0037593986
2119 0.0037593986
4169 0.0037593986
14153 0.0037593986
18251 0.030075189
16717 0.0037593986
16724 0.007518797
18773 0.0037593986
11607 0.0037593986
18263 0.015037594
1112 0.0037593986
13659 0.011278195
12637 0.0037593986
9310 0.0037593986
16736 0.011278195
16481 0.0037593986
21345 0.0037593986
7265 0.02631579
20579 0.0037593986
14691 0.0037593986
2662 0.0037593986
3430 0.007518797
14184 0.0037593986
1129 0.0037593986
14953 0.0037593986
8297 0.007518797
8811 0.0037593986
10350 0.0037593986
21872 0.007518797
11121 0.0037593986
14705 0.0037593986
13426 0.0037593986
11635 0.0037593986
884 0.015037594
9845 0.0037593986
15222 0.0037593986
19581 0.0037593986
18815 0.0037593986
21632 0.0037593986
16003 0.02255639
8836 0.011278195
9862 0.041353382
20360 0.0037593986
8843 0.0037593986
6032 0.0037593986
10897 0.030075189
8343 0.007518797
11932 0.0037593986
10908 0.0037593986
1948 0.0037593986
16032 0.007518797
3745 0.018796992
15528 0.007518797
10409 0.0037593986
16043 0.0037593986
5547 0.0037593986
19886 0.0037593986
8368 0.02255639
14515 0.011278195
1716 0.007518797
20405 0.011278195
12470 0.0037593986
19126 0.007518797
2231 0.0037593986
19385 0.007518797
12734 0.0037593986
21438 0.0037593986
18623 0.0037593986
14273 0.0037593986
3522 0.007518797
10691 0.0037593986
16582 0.0037593986
20167 0.0037593986
13255 0.0037593986
1224 0.0037593986
8140 0.0037593986
8143 0.0037593986
18128 0.0037593986
20176 0.0037593986
13521 0.0037593986
5074 0.0037593986
10451 0.018796992
20437 0.007518797
9685 0.011278195
8664 0.0037593986
20188 0.0037593986
12765 0.0037593986
4319 0.02631579
6116 0.0037593986
5349 0.0037593986
6886 0.007518797
6888 0.0037593986
1006 0.007518797
11504 0.0037593986
20723 0.0037593986
499 0.0037593986
11511 0.0037593986
11512 0.030075189
12025 0.0037593986
2041 0.007518797
3839 0.0037593986
6143 0.007518797
