5892 0.0025641026
19461 0.0025641026
5893 0.020512821
10246 0.010256411
17415 0.0051282053
6409 0.0025641026
2061 0.0025641026
10767 0.0025641026
6415 0.0025641026
8208 0.0025641026
13844 0.0025641026
2327 0.0051282053
19736 0.017948719
4635 0.012820513
21278 0.0051282053
12830 0.0076923077
13343 0.0025641026
6688 0.0025641026
21541 0.0025641026
298 0.0025641026
13610 0.0051282053
18731 0.0025641026
1324 0.0025641026
10546 0.0025641026
22071 0.0025641026
4665 0.012820513
14650 0.03076923
22077 0.0025641026
7486 0.0025641026
18239 0.010256411
11327 0.012820513
11073 0.0025641026
18499 0.0025641026
11587 0.0025641026
18758 0.0076923077
12871 0.0025641026
8263 0.0025641026
2119 0.0025641026
9543 0.012820513
18251 0.010256411
7501 0.0025641026
6477 0.033333335
21841 0.0025641026
18263 0.0025641026
16481 0.0025641026
21345 0.0051282053
20579 0.0025641026
100 0.0025641026
4196 0.0025641026
2662 0.010256411
3430 0.012820513
8297 0.0051282053
6509 0.0025641026
109 0.0025641026
8557 0.0025641026
7789 0.0051282053
3950 0.0025641026
8561 0.0025641026
11635 0.0025641026
884 0.010256411
9845 0.0025641026
19062 0.0051282053
17272 0.0051282053
19581 0.0051282053
12413 0.010256411
21632 0.0025641026
11905 0.0025641026
11141 0.0025641026
9862 0.0051282053
8070 0.012820513
11659 0.0025641026
17294 0.0025641026
10896 0.0025641026
6032 0.0076923077
17553 0.0025641026
10897 0.015384615
20883 0.012820513
8343 0.0025641026
22169 0.0025641026
19865 0.0025641026
2973 0.0025641026
4510 0.0025641026
3745 0.012820513
8355 0.0051282053
19622 0.0051282053
18598 0.012820513
13480 0.0051282053
15528 0.0051282053
5801 0.0051282053
2731 0.017948719
19886 0.0051282053
14514 0.0051282053
8371 0.0025641026
20405 0.010256411
12470 0.0051282053
4024 0.0025641026
10686 0.0025641026
6336 0.0025641026
15808 0.0025641026
18369 0.0025641026
5825 0.017948719
10691 0.0076923077
16582 0.0025641026
4556 0.0051282053
20942 0.0025641026
6862 0.0025641026
20431 0.0025641026
1488 0.0051282053
13521 0.0025641026
10451 0.04871795
20438 0.07435898
16599 0.0051282053
3288 0.0076923077
21465 0.0051282053
16602 0.0025641026
5083 0.0051282053
13532 0.0076923077
9951 0.0025641026
4319 0.0076923077
6116 0.0051282053
5349 0.0076923077
6886 0.0025641026
2791 0.0025641026
20968 0.0025641026
20712 0.0025641026
3306 0.051282052
16619 0.0025641026
1006 0.0051282053
12016 0.010256411
8177 0.0025641026
241 0.0051282053
1266 0.0025641026
12020 0.0025641026
15348 0.0076923077
248 0.0025641026
11512 0.041025642
20217 0.0025641026
15867 0.0025641026
251 0.0025641026
8444 0.0051282053
253 0.0025641026
6654 0.010256411
19199 0.0076923077
6143 0.0076923077
