19461 0.003076923
5893 0.018461538
10246 0.003076923
3339 0.003076923
5900 0.003076923
10767 0.009230769
1295 0.04307692
7952 0.003076923
19736 0.024615385
4635 0.006153846
800 0.003076923
11298 0.006153846
14882 0.02153846
8743 0.003076923
16935 0.003076923
1576 0.006153846
13610 0.003076923
13613 0.006153846
19761 0.003076923
19249 0.003076923
8497 0.003076923
19250 0.003076923
8243 0.003076923
20020 0.003076923
14650 0.003076923
8508 0.003076923
18239 0.012307692
8000 0.006153846
11073 0.003076923
1858 0.006153846
7748 0.003076923
8262 0.006153846
12871 0.003076923
8263 0.003076923
4169 0.003076923
18251 0.003076923
20813 0.003076923
16717 0.006153846
12365 0.006153846
11598 0.003076923
12623 0.003076923
5456 0.003076923
3154 0.003076923
9810 0.003076923
8791 0.003076923
15959 0.003076923
18263 0.006153846
10072 0.003076923
4697 0.003076923
16736 0.003076923
16481 0.003076923
15458 0.003076923
10083 0.003076923
8549 0.003076923
20325 0.003076923
5990 0.003076923
21607 0.006153846
13929 0.006153846
13678 0.003076923
10094 0.003076923
13426 0.006153846
11635 0.012307692
884 0.003076923
9845 0.003076923
21621 0.003076923
19062 0.003076923
3703 0.003076923
12923 0.14769231
12413 0.003076923
20349 0.003076923
19581 0.015384615
15998 0.003076923
20095 0.003076923
21632 0.003076923
11141 0.006153846
9862 0.009230769
8070 0.027692307
20360 0.009230769
13709 0.003076923
7567 0.003076923
6032 0.009230769
10897 0.006153846
13714 0.006153846
8342 0.033846155
8343 0.003076923
19865 0.003076923
10651 0.003076923
3745 0.006153846
8355 0.003076923
15528 0.003076923
5801 0.003076923
19636 0.003076923
10677 0.003076923
9141 0.003076923
20405 0.015384615
20150 0.003076923
19127 0.003076923
6588 0.003076923
10940 0.003076923
12734 0.006153846
5825 0.009230769
10691 0.009230769
16582 0.03076923
1737 0.006153846
13260 0.003076923
14028 0.003076923
2765 0.003076923
14798 0.003076923
13521 0.003076923
10451 0.02153846
20437 0.003076923
10454 0.003076923
20438 0.003076923
3288 0.006153846
4314 0.006153846
19678 0.003076923
4319 0.003076923
7135 0.006153846
19937 0.006153846
6116 0.006153846
20453 0.012307692
2022 0.012307692
2791 0.003076923
13545 0.003076923
1006 0.009230769
18414 0.009230769
18159 0.003076923
241 0.003076923
19188 0.003076923
2807 0.003076923
11512 0.06153846
14585 0.003076923
6654 0.003076923
6143 0.006153846
