2048 0.004237288
8194 0.004237288
8709 0.008474576
10246 0.021186441
20747 0.004237288
20750 0.004237288
13844 0.004237288
13334 0.016949153
19736 0.008474576
4635 0.012711864
9250 0.008474576
20516 0.025423728
6952 0.008474576
13610 0.004237288
18731 0.004237288
17196 0.008474576
13613 0.016949153
21295 0.004237288
4400 0.004237288
21044 0.004237288
20020 0.004237288
5428 0.004237288
13621 0.004237288
14903 0.004237288
14650 0.029661017
14652 0.004237288
12095 0.004237288
11327 0.004237288
7487 0.004237288
18239 0.004237288
12097 0.004237288
1858 0.008474576
10821 0.029661017
18758 0.004237288
12871 0.004237288
6215 0.012711864
1354 0.004237288
18251 0.012711864
12365 0.004237288
12112 0.004237288
20309 0.008474576
9813 0.012711864
18263 0.008474576
4697 0.004237288
12121 0.004237288
20571 0.008474576
13919 0.004237288
16481 0.004237288
7265 0.008474576
20579 0.004237288
10083 0.033898305
14185 0.004237288
17262 0.004237288
21872 0.004237288
2674 0.004237288
11635 0.004237288
884 0.004237288
9845 0.004237288
21621 0.004237288
18038 0.004237288
19062 0.008474576
15484 0.004237288
8573 0.004237288
19581 0.016949153
21632 0.004237288
9862 0.012711864
19849 0.004237288
19594 0.004237288
3210 0.004237288
8843 0.004237288
5006 0.008474576
18064 0.004237288
10897 0.025423728
7830 0.004237288
8343 0.012711864
13210 0.004237288
3745 0.004237288
8097 0.008474576
14757 0.004237288
10409 0.008474576
2731 0.008474576
8111 0.004237288
17329 0.004237288
17844 0.004237288
20405 0.004237288
4025 0.004237288
11962 0.004237288
14273 0.004237288
7874 0.004237288
4290 0.008474576
3522 0.04661017
7877 0.004237288
14533 0.004237288
16582 0.004237288
2758 0.012711864
16841 0.004237288
18378 0.004237288
13260 0.004237288
13521 0.004237288
18385 0.004237288
2258 0.008474576
10451 0.033898305
20437 0.004237288
20696 0.016949153
2778 0.004237288
13532 0.008474576
3300 0.004237288
5861 0.004237288
15078 0.004237288
8422 0.008474576
16871 0.004237288
2791 0.008474576
14314 0.004237288
12016 0.004237288
7160 0.004237288
11512 0.04661017
20217 0.004237288
14330 0.04661017
13566 0.004237288
5631 0.004237288
