8194 0.00862069
5892 0.0057471264
5893 0.014367816
10246 0.00862069
20999 0.0028735632
15625 0.0028735632
20496 0.0028735632
12819 0.0028735632
2836 0.0057471264
13844 0.00862069
8469 0.0028735632
22294 0.0057471264
19736 0.00862069
12570 0.0028735632
4635 0.020114943
12315 0.02586207
5405 0.0028735632
797 0.011494253
9250 0.02586207
3619 0.0028735632
8485 0.0028735632
19495 0.0028735632
4138 0.0028735632
21291 0.0028735632
17196 0.0028735632
13613 0.0028735632
6450 0.0028735632
6453 0.0028735632
19769 0.0028735632
1081 0.0028735632
14394 0.0028735632
14650 0.10057471
11071 0.0028735632
11327 0.00862069
18239 0.02586207
11073 0.00862069
15171 0.0028735632
10821 0.00862069
18758 0.0028735632
4934 0.0057471264
6215 0.0028735632
12871 0.0057471264
8263 0.014367816
15688 0.0028735632
4169 0.0028735632
18251 0.014367816
16717 0.0028735632
7757 0.0028735632
7252 0.0028735632
21588 0.0057471264
20821 0.0028735632
18263 0.020114943
20571 0.0028735632
6491 0.0028735632
11611 0.0028735632
14173 0.0028735632
9310 0.0028735632
6239 0.00862069
16481 0.0028735632
21345 0.0028735632
10083 0.0028735632
15971 0.0028735632
20579 0.011494253
3430 0.014367816
17513 0.0028735632
109 0.0028735632
6509 0.0028735632
18544 0.0028735632
16755 0.0028735632
884 0.0028735632
9845 0.0028735632
21621 0.011494253
12664 0.0028735632
14459 0.0028735632
15484 0.0057471264
19581 0.014367816
21632 0.0028735632
5760 0.0028735632
8836 0.0028735632
18565 0.0057471264
9862 0.0057471264
20360 0.0057471264
910 0.0028735632
18064 0.0028735632
6032 0.0028735632
20624 0.011494253
9361 0.0028735632
10897 0.03735632
19603 0.0028735632
11925 0.0057471264
150 0.0028735632
15511 0.0028735632
8343 0.0028735632
8855 0.0028735632
21401 0.0057471264
2716 0.0028735632
4510 0.0028735632
5023 0.0028735632
3745 0.0028735632
18340 0.0057471264
12710 0.0028735632
2473 0.0028735632
17069 0.0028735632
13485 0.0057471264
8368 0.00862069
9393 0.0028735632
18611 0.0028735632
1716 0.0028735632
20405 0.022988506
2231 0.0028735632
19385 0.0028735632
6588 0.0028735632
3262 0.0028735632
4286 0.0028735632
3522 0.00862069
10691 0.0028735632
12485 0.0028735632
11718 0.0028735632
16582 0.0057471264
13260 0.0057471264
716 0.00862069
9421 0.0028735632
1488 0.0028735632
13521 0.0028735632
5585 0.0028735632
10451 0.04310345
3288 0.0028735632
7897 0.00862069
5083 0.0028735632
22235 0.0057471264
13532 0.0057471264
7135 0.0028735632
4319 0.01724138
5089 0.0028735632
11235 0.0028735632
6116 0.0057471264
20453 0.0028735632
15078 0.0057471264
20712 0.0028735632
6888 0.0028735632
14314 0.0028735632
17644 0.0028735632
9710 0.0028735632
1006 0.011494253
752 0.0028735632
9973 0.0028735632
11512 0.028735632
253 0.0028735632
6654 0.0028735632
18431 0.0028735632
6143 0.0057471264
