8194 0.0030674846
17156 0.006134969
5892 0.012269938
19461 0.0030674846
8709 0.006134969
5893 0.036809817
16390 0.009202454
10246 0.018404908
13831 0.0030674846
1802 0.0030674846
15629 0.0030674846
20496 0.0030674846
22035 0.0030674846
5396 0.0030674846
13844 0.0030674846
22294 0.0030674846
19736 0.030674847
15902 0.0030674846
6687 0.006134969
6688 0.0030674846
18208 0.006134969
16161 0.012269938
13090 0.0030674846
22050 0.0030674846
9250 0.009202454
11298 0.009202454
3619 0.0030674846
20516 0.0030674846
2602 0.0030674846
4652 0.0030674846
13613 0.0030674846
15662 0.0030674846
14129 0.0030674846
10546 0.006134969
18483 0.0030674846
8243 0.0030674846
311 0.0030674846
14394 0.0030674846
14650 0.012269938
4923 0.0030674846
22076 0.0030674846
18239 0.009202454
1858 0.0030674846
10821 0.0030674846
4934 0.0030674846
18758 0.006134969
8263 0.0030674846
12871 0.006134969
2119 0.009202454
7752 0.0030674846
4169 0.006134969
18251 0.0030674846
16717 0.0030674846
14158 0.0030674846
4687 0.0030674846
20816 0.0030674846
18000 0.021472393
20821 0.0030674846
9813 0.0030674846
13659 0.0030674846
15196 0.0030674846
21597 0.0030674846
13662 0.0030674846
6239 0.0030674846
17760 0.006134969
16481 0.0030674846
21345 0.0030674846
15716 0.0030674846
17252 0.0030674846
7012 0.0030674846
17253 0.0030674846
3430 0.006134969
5736 0.0030674846
10095 0.0030674846
11121 0.0030674846
5235 0.0030674846
11635 0.009202454
884 0.018404908
9845 0.0030674846
15484 0.006134969
19581 0.015337423
21632 0.0030674846
3203 0.0030674846
11141 0.0030674846
9862 0.009202454
21385 0.0030674846
8843 0.0030674846
13709 0.012269938
20624 0.0030674846
6032 0.0030674846
8592 0.0030674846
9361 0.0030674846
9873 0.0030674846
17553 0.0030674846
10897 0.018404908
9362 0.0030674846
20883 0.0030674846
1427 0.0030674846
20886 0.0030674846
7830 0.0030674846
8343 0.009202454
10649 0.0030674846
21401 0.0030674846
10651 0.030674847
16028 0.0030674846
11932 0.0030674846
4510 0.0030674846
3745 0.006134969
9901 0.006134969
8371 0.0030674846
1716 0.0030674846
12468 0.0030674846
20405 0.018404908
18872 0.0030674846
8890 0.006134969
3262 0.0030674846
12734 0.0030674846
13248 0.0030674846
5825 0.0030674846
4290 0.0030674846
14788 0.0030674846
10949 0.0030674846
16582 0.0030674846
11718 0.0030674846
2758 0.0030674846
8135 0.0030674846
21703 0.0030674846
7880 0.006134969
20942 0.006134969
13521 0.0030674846
20946 0.0030674846
10451 0.027607363
9685 0.0030674846
20696 0.006134969
1241 0.0030674846
7897 0.03374233
4574 0.0030674846
4319 0.0030674846
9183 0.0030674846
6114 0.006134969
19683 0.0030674846
8163 0.015337423
20453 0.0030674846
6886 0.0030674846
20968 0.0030674846
19178 0.0030674846
14314 0.0030674846
7914 0.006134969
14060 0.0030674846
14061 0.0030674846
1006 0.024539877
8175 0.0030674846
21487 0.0030674846
11504 0.012269938
2292 0.0030674846
5620 0.0030674846
1524 0.006134969
15606 0.0030674846
1527 0.0030674846
16375 0.0030674846
11512 0.049079753
2041 0.006134969
3323 0.006134969
5631 0.0030674846
4095 0.0030674846
19199 0.0030674846
6143 0.012269938
