1 0.0038910506
5893 0.019455252
10246 0.0038910506
16390 0.0038910506
17415 0.007782101
20231 0.015564202
16396 0.007782101
5903 0.0038910506
10767 0.015564202
22035 0.0038910506
22294 0.0038910506
19736 0.007782101
4635 0.0038910506
15900 0.0038910506
10780 0.0038910506
12830 0.0038910506
18208 0.0038910506
13090 0.0038910506
9250 0.023346303
6435 0.0038910506
8743 0.0038910506
18731 0.0038910506
15662 0.0038910506
4658 0.0038910506
21044 0.0038910506
20020 0.0038910506
21558 0.0038910506
17464 0.0038910506
3130 0.007782101
14650 0.007782101
11327 0.0038910506
18239 0.0116731515
11333 0.0038910506
10821 0.019455252
18758 0.007782101
12871 0.0038910506
6215 0.0038910506
6728 0.0038910506
18251 0.0038910506
21325 0.0038910506
12109 0.0038910506
14158 0.0038910506
8274 0.0038910506
20309 0.0038910506
15959 0.0038910506
18263 0.019455252
15193 0.0038910506
13659 0.0038910506
20315 0.0038910506
6491 0.0038910506
19548 0.0038910506
9310 0.007782101
7007 0.0038910506
16736 0.038910504
16481 0.0038910506
21345 0.0116731515
19044 0.0038910506
22117 0.0038910506
14185 0.0038910506
18282 0.0038910506
15980 0.0038910506
10095 0.0038910506
21872 0.0038910506
2674 0.0038910506
11635 0.015564202
9845 0.0038910506
21110 0.0038910506
19581 0.007782101
21632 0.0038910506
2176 0.0038910506
1153 0.0038910506
16002 0.0116731515
16003 0.0038910506
9862 0.0038910506
8070 0.0038910506
20359 0.0038910506
20360 0.007782101
10380 0.0038910506
13452 0.0038910506
6286 0.0038910506
9359 0.0038910506
14223 0.0038910506
18064 0.0038910506
20624 0.0038910506
10897 0.0116731515
20372 0.0038910506
15509 0.0038910506
150 0.0038910506
21401 0.0038910506
10651 0.007782101
20127 0.0038910506
3745 0.0038910506
17314 0.0038910506
12710 0.019455252
11432 0.0038910506
20648 0.007782101
7082 0.0038910506
2731 0.0038910506
14510 0.0038910506
9393 0.0038910506
8371 0.0038910506
4787 0.0038910506
19893 0.0038910506
20405 0.019455252
20150 0.0038910506
12470 0.0038910506
19126 0.007782101
21432 0.0038910506
19385 0.0038910506
1725 0.0038910506
5567 0.0038910506
5825 0.007782101
10691 0.0038910506
3268 0.0038910506
16582 0.007782101
20167 0.007782101
21194 0.0038910506
6091 0.0116731515
4556 0.0038910506
13260 0.0116731515
19917 0.0038910506
718 0.0038910506
13521 0.0038910506
19921 0.0038910506
20690 0.0038910506
20178 0.0038910506
10451 0.019455252
6612 0.0038910506
18134 0.0038910506
20950 0.0038910506
3288 0.019455252
1754 0.0038910506
11482 0.0116731515
15323 0.0038910506
14300 0.007782101
6623 0.0038910506
9441 0.0038910506
5859 0.0038910506
17380 0.0038910506
20196 0.0038910506
6116 0.007782101
20453 0.007782101
8422 0.0038910506
2791 0.0116731515
2281 0.0038910506
14060 0.0038910506
1006 0.0038910506
13039 0.0038910506
19183 0.0038910506
12271 0.0038910506
3058 0.0038910506
20723 0.0038910506
9973 0.0038910506
15606 0.007782101
11512 0.027237354
14843 0.0038910506
3323 0.0038910506
253 0.0038910506
6654 0.007782101
19199 0.007782101
6143 0.0116731515
