8194 0.0077120825
6660 0.002570694
5380 0.002570694
5892 0.0077120825
5893 0.005141388
10246 0.012853471
17415 0.005141388
9227 0.015424165
10767 0.002570694
4111 0.005141388
22035 0.002570694
22294 0.002570694
19736 0.010282776
21786 0.002570694
4635 0.005141388
16669 0.002570694
16926 0.002570694
21278 0.002570694
9758 0.002570694
4638 0.002570694
13343 0.002570694
13855 0.002570694
11553 0.002570694
11298 0.002570694
5410 0.002570694
9250 0.0077120825
21541 0.002570694
7209 0.002570694
13097 0.005141388
13610 0.002570694
18731 0.002570694
21295 0.002570694
11825 0.002570694
10546 0.002570694
5170 0.005141388
21044 0.002570694
2356 0.002570694
20020 0.0077120825
21813 0.010282776
22070 0.002570694
311 0.002570694
17464 0.002570694
20538 0.002570694
14650 0.005141388
3130 0.005141388
11327 0.005141388
18239 0.0077120825
21060 0.002570694
10821 0.033419024
18758 0.005141388
12871 0.002570694
8263 0.002570694
6215 0.005141388
11336 0.002570694
21321 0.017994858
18251 0.017994858
16717 0.002570694
12365 0.002570694
21325 0.002570694
6222 0.002570694
11598 0.002570694
9810 0.002570694
18263 0.0077120825
19034 0.002570694
11611 0.002570694
14684 0.002570694
15196 0.0077120825
7007 0.002570694
13919 0.002570694
20065 0.002570694
21345 0.002570694
16481 0.0077120825
10083 0.0077120825
20579 0.0077120825
5990 0.002570694
2662 0.002570694
3430 0.0077120825
8297 0.002570694
15209 0.002570694
13929 0.0077120825
109 0.002570694
21872 0.002570694
11635 0.012853471
884 0.002570694
9845 0.002570694
21621 0.0077120825
19062 0.012853471
15484 0.002570694
14204 0.002570694
8573 0.002570694
19581 0.010282776
1150 0.002570694
21632 0.002570694
4736 0.002570694
3456 0.0077120825
22147 0.002570694
9862 0.005141388
9607 0.002570694
16520 0.002570694
2184 0.002570694
12682 0.002570694
18573 0.002570694
16270 0.002570694
14223 0.005141388
10896 0.002570694
6033 0.002570694
12433 0.002570694
10897 0.020565553
13714 0.002570694
17810 0.005141388
1427 0.002570694
8851 0.002570694
20627 0.023136247
8342 0.002570694
8343 0.005141388
21401 0.002570694
13210 0.002570694
18330 0.002570694
11932 0.0077120825
3745 0.005141388
8355 0.0077120825
3491 0.0077120825
14757 0.005141388
18341 0.005141388
12710 0.020565553
11431 0.002570694
2471 0.002570694
10152 0.002570694
11432 0.033419024
2731 0.002570694
9393 0.005141388
4274 0.002570694
4531 0.002570694
9397 0.002570694
20405 0.015424165
12470 0.005141388
22201 0.002570694
14273 0.002570694
5825 0.002570694
4547 0.002570694
10691 0.0077120825
3268 0.002570694
7110 0.002570694
2758 0.002570694
9926 0.002570694
16582 0.005141388
4809 0.002570694
3530 0.002570694
18378 0.005141388
6091 0.0077120825
3276 0.002570694
716 0.005141388
13260 0.028277636
19917 0.002570694
3790 0.002570694
1488 0.005141388
13521 0.002570694
10451 0.010282776
9685 0.002570694
5845 0.002570694
20437 0.002570694
20696 0.002570694
3288 0.0077120825
7897 0.002570694
21465 0.002570694
14300 0.002570694
12511 0.002570694
4319 0.012853471
9441 0.002570694
10209 0.002570694
5859 0.002570694
6116 0.005141388
20453 0.002570694
5349 0.002570694
8422 0.002570694
16871 0.002570694
11241 0.002570694
18410 0.002570694
7660 0.002570694
14060 0.0077120825
18414 0.005141388
1006 0.015424165
21487 0.002570694
499 0.002570694
18932 0.002570694
19190 0.002570694
7160 0.002570694
11512 0.048843186
2041 0.002570694
10492 0.002570694
6654 0.002570694
19199 0.002570694
