20992 0.0028818443
2049 0.0028818443
8194 0.0057636886
5893 0.0259366
10246 0.0028818443
17415 0.0028818443
9226 0.0028818443
5900 0.0028818443
7950 0.008645534
5903 0.0028818443
10767 0.0028818443
8208 0.0028818443
2837 0.0057636886
22294 0.0028818443
19736 0.0028818443
280 0.0028818443
22298 0.0028818443
4635 0.008645534
797 0.0028818443
2589 0.0028818443
12830 0.0057636886
13345 0.008645534
9250 0.0057636886
6435 0.011527377
12836 0.0028818443
12325 0.0028818443
13610 0.0028818443
4395 0.0028818443
18731 0.0028818443
13613 0.0057636886
1837 0.011527377
21806 0.0028818443
14129 0.0028818443
8497 0.0028818443
6450 0.0028818443
10546 0.014409222
21813 0.0057636886
14650 0.0057636886
319 0.0057636886
11327 0.011527377
18239 0.011527377
4416 0.0028818443
3137 0.0028818443
10821 0.0028818443
4934 0.0028818443
18758 0.0057636886
12871 0.0028818443
8263 0.0028818443
4169 0.0028818443
18251 0.04034582
11598 0.0028818443
337 0.008645534
9810 0.0028818443
11607 0.0057636886
18263 0.011527377
9560 0.0028818443
13659 0.0028818443
5468 0.0028818443
15196 0.0028818443
6239 0.0028818443
16481 0.0028818443
21345 0.0057636886
17252 0.008645534
21862 0.0057636886
3430 0.0057636886
4714 0.0028818443
6510 0.0028818443
12398 0.0028818443
2674 0.0028818443
884 0.0057636886
9845 0.0028818443
19062 0.0057636886
19580 0.0028818443
19581 0.023054754
21632 0.0028818443
11141 0.0028818443
9862 0.014409222
16520 0.0028818443
10893 0.0028818443
6286 0.0028818443
6032 0.0028818443
17553 0.0028818443
913 0.0057636886
10897 0.02017291
12180 0.0028818443
11925 0.0028818443
15511 0.0028818443
8343 0.031700287
21403 0.0028818443
11932 0.014409222
18078 0.0028818443
3745 0.0028818443
21665 0.0028818443
5281 0.0028818443
8097 0.0057636886
18343 0.0028818443
935 0.0028818443
15528 0.0028818443
7082 0.011527377
10412 0.0057636886
19886 0.008645534
14768 0.0028818443
5808 0.0028818443
8368 0.014409222
8371 0.0028818443
14515 0.014409222
2740 0.0028818443
20405 0.008645534
2231 0.0028818443
16573 0.0028818443
21438 0.0028818443
19137 0.0028818443
5825 0.008645534
4548 0.0028818443
3268 0.0028818443
16582 0.0028818443
2758 0.008645534
5319 0.0028818443
5323 0.0028818443
716 0.0028818443
16847 0.0028818443
15311 0.0028818443
13521 0.0028818443
10451 0.011527377
18391 0.0028818443
3288 0.0057636886
20696 0.008645534
1499 0.0028818443
731 0.0028818443
14556 0.0028818443
6623 0.014409222
4319 0.034582134
16097 0.0028818443
20453 0.014409222
20712 0.0057636886
5096 0.0057636886
7402 0.0028818443
19691 0.0028818443
21739 0.0057636886
9710 0.0057636886
1006 0.0057636886
1007 0.008645534
2544 0.0028818443
12016 0.0028818443
10994 0.031700287
14070 0.0028818443
14838 0.063400574
9720 0.0028818443
11512 0.028818443
22009 0.0028818443
15610 0.0028818443
11259 0.0028818443
22268 0.0028818443
20477 0.0028818443
5631 0.0028818443
6143 0.0057636886
