19712 0.004716981
8194 0.004716981
5893 0.014150944
10763 0.009433962
16396 0.004716981
278 0.004716981
19736 0.004716981
4635 0.014150944
15900 0.004716981
14879 0.004716981
13097 0.009433962
298 0.004716981
10284 0.009433962
13613 0.004716981
22064 0.004716981
9776 0.004716981
19250 0.004716981
311 0.004716981
14650 0.009433962
11327 0.004716981
18239 0.009433962
319 0.11320755
8260 0.004716981
4934 0.004716981
18758 0.009433962
12871 0.004716981
2119 0.004716981
18251 0.03773585
10321 0.004716981
14678 0.004716981
18263 0.004716981
3419 0.009433962
16481 0.004716981
5729 0.004716981
20579 0.009433962
4714 0.014150944
10350 0.004716981
11635 0.004716981
5235 0.004716981
884 0.009433962
21621 0.023584906
19581 0.014150944
3455 0.004716981
21632 0.004716981
2690 0.004716981
16003 0.009433962
9862 0.004716981
8843 0.004716981
20367 0.009433962
6032 0.004716981
17553 0.004716981
10897 0.018867925
2197 0.004716981
8342 0.004716981
8343 0.004716981
10651 0.004716981
3745 0.004716981
1706 0.004716981
12459 0.004716981
19886 0.014150944
17840 0.004716981
12208 0.014150944
16561 0.004716981
14514 0.004716981
14515 0.009433962
20405 0.028301887
184 0.004716981
18872 0.009433962
19385 0.004716981
3520 0.004716981
8384 0.004716981
10691 0.004716981
3268 0.004716981
16582 0.004716981
14022 0.009433962
1737 0.004716981
14796 0.004716981
19917 0.004716981
1488 0.004716981
720 0.004716981
13521 0.004716981
977 0.004716981
10451 0.04245283
7381 0.004716981
16599 0.009433962
3288 0.004716981
18136 0.004716981
20696 0.051886793
217 0.004716981
21465 0.009433962
4319 0.023584906
14818 0.004716981
20453 0.004716981
5861 0.004716981
8422 0.009433962
1006 0.014150944
12016 0.004716981
20723 0.004716981
13299 0.004716981
1524 0.004716981
12020 0.009433962
14838 0.004716981
18424 0.009433962
11512 0.047169812
3323 0.004716981
3839 0.004716981
