7680 0.0028985508
18945 0.0028985508
8194 0.0028985508
15362 0.0057971017
1794 0.0057971017
8709 0.0028985508
5893 0.026086956
10246 0.0028985508
17415 0.0028985508
17928 0.0028985508
21514 0.0028985508
5900 0.020289855
15629 0.0028985508
10767 0.0057971017
17935 0.0057971017
8208 0.0028985508
13586 0.0028985508
13844 0.008695652
7189 0.0028985508
22294 0.014492754
19736 0.011594203
8218 0.0028985508
4635 0.014492754
12830 0.0028985508
13855 0.0028985508
6688 0.0028985508
12321 0.0028985508
9250 0.008695652
2854 0.0028985508
38 0.0028985508
6952 0.0057971017
20781 0.0028985508
13613 0.014492754
21807 0.0028985508
8497 0.0028985508
20020 0.0028985508
14650 0.026086956
4923 0.0028985508
11327 0.011594203
18239 0.011594203
1858 0.0028985508
13891 0.0028985508
10821 0.008695652
12871 0.0028985508
8263 0.0057971017
20808 0.0028985508
18251 0.034782607
12365 0.0028985508
7757 0.0028985508
11598 0.0028985508
7246 0.0028985508
14158 0.008695652
20821 0.0028985508
18263 0.0057971017
20057 0.0028985508
13659 0.011594203
19548 0.0028985508
14172 0.0028985508
19805 0.0028985508
6239 0.0028985508
6240 0.0028985508
16481 0.0028985508
20579 0.0028985508
2662 0.0028985508
3430 0.008695652
8297 0.0057971017
15209 0.017391304
8811 0.0028985508
17772 0.0028985508
10094 0.0028985508
14190 0.0028985508
13426 0.0028985508
2932 0.0028985508
22132 0.0028985508
21621 0.0028985508
19062 0.0028985508
13689 0.014492754
19581 0.020289855
21632 0.0028985508
13952 0.0028985508
13185 0.0028985508
11905 0.0028985508
16520 0.0028985508
21642 0.0057971017
19594 0.0057971017
6286 0.008695652
11151 0.0057971017
10897 0.008695652
150 0.0028985508
17815 0.0028985508
8343 0.011594203
8090 0.0028985508
10907 0.0057971017
15003 0.0057971017
11932 0.0057971017
2204 0.014492754
20638 0.0028985508
3745 0.0057971017
15011 0.0028985508
14757 0.0028985508
15528 0.0028985508
5801 0.0057971017
6828 0.0028985508
14768 0.0028985508
14514 0.008695652
8371 0.0028985508
9141 0.0028985508
9397 0.0028985508
20405 0.017391304
17846 0.0057971017
13495 0.0028985508
184 0.0028985508
21944 0.0057971017
4025 0.0028985508
4286 0.0028985508
192 0.0028985508
4290 0.0028985508
10691 0.0057971017
3268 0.0028985508
3524 0.0028985508
16582 0.0028985508
13255 0.0028985508
6863 0.0057971017
1488 0.0057971017
13521 0.0028985508
3538 0.0057971017
10451 0.03768116
20437 0.0028985508
20696 0.0057971017
3288 0.028985508
21465 0.0028985508
1242 0.0028985508
11739 0.0028985508
6364 0.0028985508
9951 0.0028985508
4319 0.020289855
8417 0.0028985508
9442 0.0028985508
6116 0.0028985508
20453 0.008695652
8422 0.0028985508
10728 0.0028985508
6120 0.0028985508
6888 0.0028985508
14060 0.03188406
11757 0.0028985508
1006 0.020289855
19183 0.0028985508
241 0.0028985508
3058 0.0028985508
20723 0.0057971017
2292 0.0028985508
14838 0.008695652
11512 0.04927536
9468 0.0028985508
5631 0.0028985508
6143 0.0057971017
