8193 0.0033112583
770 0.0033112583
5893 0.009933775
10246 0.0066225166
10763 0.0066225166
14860 0.0033112583
5900 0.0033112583
10767 0.009933775
272 0.0033112583
11793 0.0033112583
22035 0.013245033
22294 0.0033112583
14359 0.0033112583
10010 0.0066225166
4635 0.0033112583
14365 0.0033112583
11808 0.0066225166
18466 0.0033112583
11298 0.0066225166
9250 0.009933775
6435 0.0033112583
12836 0.0033112583
8743 0.0066225166
13613 0.0033112583
4141 0.01986755
19249 0.0033112583
14650 0.009933775
8251 0.0033112583
18239 0.009933775
4416 0.0033112583
833 0.01986755
5698 0.0033112583
10821 0.0033112583
12871 0.0033112583
8263 0.026490066
7752 0.0066225166
329 0.0033112583
18251 0.013245033
12365 0.0033112583
7246 0.0033112583
3922 0.0033112583
9810 0.0066225166
853 0.0033112583
15446 0.0033112583
18263 0.0033112583
16471 0.0033112583
2393 0.0066225166
11611 0.0033112583
13659 0.009933775
2140 0.0033112583
9310 0.0066225166
6239 0.0066225166
1376 0.0033112583
18528 0.0033112583
16481 0.0033112583
12897 0.0033112583
10083 0.0066225166
20579 0.009933775
3430 0.0033112583
874 0.0033112583
17262 0.0033112583
16495 0.0033112583
11635 0.0033112583
884 0.023178808
22140 0.0066225166
19581 0.01655629
17023 0.0033112583
21632 0.0033112583
7299 0.0033112583
8836 0.0066225166
17029 0.013245033
8070 0.009933775
16520 0.0033112583
15496 0.0033112583
5000 0.0033112583
3466 0.0033112583
13709 0.0033112583
6032 0.026490066
10897 0.023178808
15511 0.0033112583
8343 0.0033112583
9368 0.0033112583
4513 0.0033112583
3745 0.0066225166
7847 0.0033112583
11431 0.04304636
15528 0.0033112583
12208 0.0033112583
14515 0.03311258
10164 0.0033112583
20405 0.01655629
184 0.0033112583
16317 0.0033112583
12734 0.0033112583
5825 0.026490066
963 0.0033112583
16582 0.0066225166
6091 0.0033112583
13260 0.013245033
5581 0.0033112583
19917 0.0033112583
14798 0.0033112583
13521 0.0033112583
10451 0.029801324
20438 0.0033112583
20696 0.0033112583
21465 0.0033112583
13017 0.0033112583
731 0.0033112583
18397 0.0033112583
9183 0.0033112583
4319 0.0066225166
20196 0.0033112583
6116 0.0066225166
16869 0.0033112583
5349 0.0033112583
20453 0.0033112583
15078 0.0033112583
6886 0.0033112583
8422 0.013245033
2791 0.0033112583
19176 0.009933775
8937 0.009933775
18410 0.0033112583
14061 0.0033112583
1006 0.04304636
8175 0.0033112583
18159 0.023178808
12016 0.0033112583
9201 0.0033112583
20723 0.0033112583
500 0.0033112583
11512 0.029801324
20217 0.0066225166
22009 0.009933775
20474 0.0066225166
3071 0.0033112583
6143 0.0066225166
