8194 0.007444169
4100 0.0024813896
8709 0.0024813896
10246 0.012406948
16396 0.0024813896
17935 0.0024813896
4111 0.0024813896
6160 0.0024813896
4635 0.012406948
18972 0.0024813896
15900 0.0024813896
15902 0.009925558
31 0.0024813896
6688 0.0024813896
11808 0.0024813896
9250 0.004962779
3619 0.0024813896
15908 0.004962779
21541 0.0024813896
8743 0.0024813896
14381 0.024813896
18991 0.0024813896
21044 0.004962779
11320 0.0024813896
8260 0.0024813896
5189 0.0024813896
10821 0.032258064
14406 0.0024813896
22086 0.0024813896
12871 0.0024813896
8263 0.007444169
6218 0.0024813896
3147 0.0024813896
21076 0.0024813896
21588 0.0024813896
16981 0.0024813896
15959 0.0024813896
8798 0.0024813896
6239 0.004962779
16481 0.0024813896
20579 0.0024813896
15465 0.0024813896
13929 0.007444169
109 0.0024813896
15469 0.0024813896
21621 0.0024813896
18038 0.0024813896
19062 0.004962779
19581 0.027295286
21632 0.0024813896
6785 0.0024813896
2690 0.0024813896
11396 0.0024813896
8837 0.004962779
9862 0.0024813896
13958 0.0024813896
2183 0.0024813896
16520 0.0024813896
3210 0.0024813896
10896 0.0024813896
10897 0.007444169
2706 0.0024813896
15509 0.004962779
8342 0.0024813896
4758 0.0024813896
8343 0.007444169
9370 0.0024813896
11932 0.004962779
3230 0.0024813896
3745 0.0024813896
8355 0.0024813896
20645 0.0024813896
15528 0.0024813896
19636 0.0024813896
8885 0.0024813896
184 0.0024813896
21178 0.0024813896
16064 0.0024813896
6336 0.0024813896
21698 0.004962779
16582 0.0024813896
2758 0.0024813896
20682 0.007444169
716 0.0024813896
13521 0.0024813896
10451 0.032258064
20696 0.027295286
7897 0.0024813896
731 0.0024813896
13532 0.0024813896
2269 0.0024813896
5859 0.004962779
3300 0.0024813896
5349 0.0024813896
15078 0.0024813896
8422 0.009925558
6888 0.0024813896
20712 0.0024813896
7914 0.0024813896
3306 0.014888338
19179 0.007444169
14061 0.007444169
19695 0.0024813896
11504 0.0024813896
12016 0.004962779
8433 0.0024813896
21234 0.0024813896
2292 0.0024813896
11512 0.05955335
19199 0.0024813896
2305 0.0024813896
770 0.009925558
5893 0.004962779
15629 0.0024813896
20237 0.0024813896
275 0.0024813896
7444 0.0024813896
2837 0.0024813896
22294 0.0024813896
19736 0.007444169
2335 0.0024813896
16161 0.004962779
5410 0.0024813896
6435 0.0024813896
13097 0.0024813896
13610 0.0024813896
10027 0.0024813896
18731 0.012406948
1324 0.0024813896
17196 0.004962779
13613 0.004962779
1840 0.0024813896
8497 0.0024813896
10546 0.0024813896
7474 0.004962779
9017 0.0024813896
14650 0.004962779
18239 0.007444169
10050 0.0024813896
18251 0.009925558
16717 0.007444169
16724 0.0024813896
11611 0.0024813896
13659 0.004962779
14684 0.0024813896
16736 0.0024813896
10083 0.0024813896
3430 0.012406948
15209 0.0024813896
6509 0.0024813896
10605 0.0024813896
9071 0.004962779
11635 0.0024813896
884 0.0024813896
20854 0.0024813896
8573 0.004962779
3456 0.004962779
4481 0.0024813896
7567 0.007444169
6042 0.0024813896
13210 0.004962779
10651 0.0024813896
4003 0.0024813896
7077 0.0024813896
1960 0.0024813896
8111 0.0024813896
17329 0.004962779
2994 0.0024813896
20402 0.0024813896
17842 0.0024813896
20405 0.024813896
21432 0.0024813896
12734 0.009925558
10691 0.009925558
16841 0.004962779
1482 0.0024813896
18378 0.0024813896
6091 0.0024813896
13260 0.034739453
462 0.0024813896
1488 0.004962779
18385 0.0024813896
20437 0.0024813896
20438 0.0024813896
11734 0.009925558
21465 0.0024813896
18394 0.0024813896
6623 0.0024813896
18400 0.0024813896
5088 0.0024813896
20453 0.0024813896
16871 0.004962779
11241 0.012406948
1006 0.007444169
17903 0.0024813896
496 0.0024813896
11761 0.0024813896
6647 0.0024813896
2041 0.004962779
11259 0.0024813896
6654 0.007444169
6143 0.007444169
