21632 0.00877193
16003 0.01754386
5892 0.00877193
9988 0.00877193
11141 0.00877193
11653 0.00877193
9862 0.02631579
10246 0.02631579
17544 0.00877193
9227 0.01754386
5900 0.04385965
20749 0.00877193
3982 0.02631579
8208 0.00877193
10897 0.02631579
1427 0.00877193
22294 0.00877193
10518 0.00877193
8343 0.00877193
281 0.00877193
13343 0.00877193
6687 0.00877193
3745 0.00877193
9250 0.00877193
11298 0.00877193
12836 0.00877193
17318 0.00877193
7208 0.00877193
17196 0.00877193
22064 0.00877193
8371 0.00877193
10677 0.00877193
20405 0.02631579
14903 0.00877193
184 0.00877193
14650 0.00877193
8508 0.00877193
4286 0.00877193
11327 0.00877193
5825 0.02631579
17476 0.00877193
12101 0.00877193
10821 0.00877193
16582 0.00877193
12871 0.00877193
8263 0.00877193
18251 0.00877193
14798 0.00877193
13521 0.00877193
18769 0.00877193
10451 0.00877193
18263 0.03508772
20696 0.00877193
20571 0.00877193
13532 0.00877193
6239 0.00877193
7007 0.01754386
16481 0.00877193
7265 0.078947365
20453 0.00877193
2022 0.00877193
3306 0.00877193
18159 0.00877193
11121 0.00877193
11635 0.00877193
12020 0.00877193
1524 0.02631579
7160 0.01754386
11512 0.05263158
9979 0.00877193
3323 0.00877193
19581 0.01754386
8573 0.02631579
