15362 0.0030864198
8194 0.0061728396
14596 0.0030864198
5893 0.021604938
20231 0.0030864198
6409 0.0030864198
16396 0.0030864198
5900 0.0030864198
10767 0.0030864198
8208 0.0030864198
10512 0.0061728396
22294 0.0061728396
19736 0.018518519
14361 0.0030864198
4635 0.0061728396
15900 0.0030864198
10269 0.0030864198
14365 0.0030864198
5917 0.0030864198
14625 0.0030864198
12325 0.0030864198
38 0.0061728396
6952 0.0030864198
4649 0.0030864198
2602 0.0030864198
13610 0.0030864198
18731 0.0030864198
10284 0.033950616
13613 0.0030864198
14381 0.0030864198
18991 0.0030864198
1327 0.0061728396
1072 0.0030864198
22064 0.009259259
7220 0.0030864198
22069 0.0030864198
14650 0.0061728396
18239 0.0030864198
11327 0.009259259
2112 0.0030864198
8001 0.009259259
10821 0.015432099
4934 0.0030864198
18758 0.0030864198
12871 0.0030864198
2119 0.0030864198
8263 0.012345679
18251 0.043209877
20813 0.0030864198
16717 0.0030864198
3922 0.0030864198
8021 0.0030864198
9813 0.0030864198
14165 0.0061728396
18774 0.0030864198
18263 0.009259259
12637 0.0030864198
13919 0.0030864198
16481 0.0030864198
21345 0.009259259
7265 0.030864198
3430 0.0061728396
6247 0.0030864198
16487 0.0030864198
15469 0.0030864198
8557 0.0030864198
6509 0.0061728396
10094 0.015432099
9839 0.0061728396
16754 0.0030864198
5235 0.0030864198
11635 0.0061728396
21621 0.0061728396
19062 0.0030864198
14204 0.0030864198
19581 0.027777778
5246 0.0030864198
21632 0.0030864198
7042 0.0030864198
16003 0.012345679
11141 0.009259259
9862 0.009259259
17294 0.0030864198
10897 0.012345679
5011 0.0030864198
1427 0.009259259
2197 0.012345679
150 0.0030864198
8343 0.009259259
10649 0.0061728396
19098 0.0030864198
21403 0.0030864198
669 0.0061728396
3745 0.0030864198
14757 0.0030864198
17318 0.0030864198
3240 0.0030864198
2731 0.0030864198
6828 0.0030864198
13485 0.0030864198
21166 0.0030864198
19886 0.009259259
14512 0.0030864198
14514 0.012345679
8371 0.0030864198
14515 0.0061728396
1716 0.0030864198
20405 0.009259259
184 0.0030864198
14520 0.0030864198
21947 0.0030864198
22206 0.0030864198
16064 0.012345679
5825 0.009259259
20163 0.0030864198
10691 0.009259259
3268 0.0030864198
3524 0.0030864198
16582 0.0030864198
2758 0.0061728396
968 0.0030864198
1224 0.0061728396
14793 0.009259259
1488 0.027777778
13521 0.0030864198
10451 0.018518519
7124 0.009259259
7381 0.009259259
20696 0.009259259
217 0.0030864198
1242 0.0030864198
5083 0.0030864198
13532 0.012345679
9951 0.0030864198
6623 0.0030864198
4319 0.021604938
8928 0.0030864198
5088 0.0030864198
5859 0.0030864198
6116 0.0061728396
20453 0.0030864198
5349 0.0030864198
8422 0.0030864198
20712 0.0030864198
7914 0.0030864198
14838 0.0030864198
11512 0.046296295
3323 0.012345679
20988 0.0030864198
3839 0.0061728396
6143 0.012345679
