7680 0.0026595744
8194 0.0026595744
8709 0.0026595744
19461 0.005319149
5893 0.023936171
10246 0.005319149
16390 0.013297873
17415 0.01861702
8456 0.0026595744
10763 0.0026595744
5900 0.0026595744
15629 0.0026595744
17935 0.0026595744
10767 0.010638298
13844 0.0026595744
22294 0.0026595744
12311 0.0026595744
19736 0.026595745
12059 0.0026595744
4635 0.010638298
19487 0.007978723
12321 0.0026595744
11298 0.0026595744
9250 0.013297873
2854 0.0026595744
298 0.005319149
18731 0.007978723
17196 0.0026595744
4652 0.0026595744
13613 0.010638298
4911 0.0026595744
10546 0.0026595744
9786 0.0026595744
14650 0.013297873
18239 0.007978723
11327 0.010638298
8000 0.0026595744
1858 0.0026595744
19779 0.0026595744
10821 0.010638298
12614 0.0026595744
12871 0.0026595744
8263 0.005319149
2632 0.0026595744
18251 0.0026595744
16717 0.0026595744
3154 0.0026595744
18263 0.039893616
20315 0.0026595744
20571 0.005319149
14173 0.005319149
16481 0.0026595744
20065 0.0026595744
10083 0.0026595744
20579 0.007978723
5990 0.0026595744
3430 0.005319149
15975 0.0026595744
15209 0.007978723
8811 0.0026595744
14443 0.0026595744
6509 0.0026595744
15469 0.005319149
21872 0.005319149
2674 0.007978723
8819 0.0026595744
11635 0.010638298
19062 0.0026595744
15484 0.013297873
15742 0.0026595744
3455 0.005319149
21632 0.0026595744
8832 0.0026595744
11141 0.005319149
9862 0.055851065
22151 0.0026595744
1166 0.0026595744
17294 0.005319149
143 0.0026595744
12176 0.0026595744
10896 0.005319149
17553 0.0026595744
10897 0.007978723
20883 0.0026595744
150 0.0026595744
20886 0.0026595744
9879 0.0026595744
8343 0.0026595744
8855 0.0026595744
11672 0.0026595744
19098 0.0026595744
7835 0.0026595744
11932 0.013297873
18077 0.0026595744
20127 0.0026595744
19615 0.0026595744
3745 0.0026595744
1954 0.0026595744
18340 0.0026595744
15527 0.0026595744
2473 0.031914894
7082 0.0026595744
9642 0.0026595744
14514 0.0026595744
9139 0.005319149
20405 0.026595745
184 0.0026595744
8890 0.005319149
956 0.0026595744
6588 0.007978723
5825 0.0026595744
2241 0.0026595744
15041 0.0026595744
18882 0.0026595744
9666 0.0026595744
17347 0.0026595744
10691 0.005319149
3268 0.0026595744
3525 0.0026595744
14533 0.0026595744
16582 0.0026595744
2758 0.005319149
11719 0.0026595744
3530 0.0026595744
716 0.0026595744
13260 0.010638298
14798 0.0026595744
1488 0.0026595744
13521 0.0026595744
18385 0.0026595744
10451 0.061170213
10452 0.0026595744
9685 0.005319149
18136 0.0026595744
20696 0.015957447
1754 0.005319149
13275 0.0026595744
12765 0.0026595744
6623 0.007978723
16097 0.0026595744
5859 0.005319149
6116 0.0026595744
3300 0.0026595744
16869 0.0026595744
20453 0.0026595744
15078 0.0026595744
8422 0.005319149
16871 0.0026595744
7914 0.0026595744
18410 0.005319149
1006 0.015957447
8175 0.010638298
9973 0.0026595744
17653 0.010638298
14070 0.0026595744
14838 0.005319149
8696 0.0026595744
11512 0.039893616
14330 0.0026595744
6143 0.005319149
5631 0.010638298
