7680 0.003215434
3842 0.003215434
5893 0.022508038
17415 0.003215434
10759 0.003215434
7434 0.003215434
9483 0.006430868
5900 0.019292604
5645 0.003215434
10767 0.012861736
22035 0.003215434
15127 0.003215434
19736 0.003215434
5402 0.006430868
4635 0.006430868
21277 0.009646302
13345 0.012861736
9250 0.003215434
20516 0.006430868
2854 0.003215434
13097 0.003215434
8237 0.003215434
4141 0.003215434
19250 0.003215434
10546 0.003215434
12595 0.003215434
8243 0.003215434
18740 0.003215434
21044 0.003215434
21813 0.003215434
8757 0.003215434
14650 0.003215434
4669 0.003215434
3902 0.003215434
11327 0.003215434
18239 0.012861736
8000 0.003215434
9538 0.003215434
1858 0.009646302
14406 0.003215434
18758 0.003215434
12871 0.003215434
18251 0.03858521
11598 0.003215434
16981 0.003215434
18263 0.006430868
20571 0.003215434
11611 0.003215434
13659 0.003215434
14684 0.003215434
6239 0.003215434
16481 0.003215434
21345 0.003215434
4451 0.003215434
14691 0.003215434
11363 0.003215434
20579 0.006430868
4714 0.003215434
15980 0.003215434
6509 0.003215434
884 0.003215434
19581 0.009646302
1150 0.003215434
21632 0.003215434
16003 0.003215434
7299 0.003215434
8836 0.009646302
9861 0.003215434
11141 0.003215434
8070 0.003215434
19846 0.003215434
9862 0.006430868
10380 0.003215434
4237 0.003215434
3982 0.003215434
7567 0.003215434
22161 0.003215434
10897 0.03215434
7830 0.03215434
15511 0.003215434
8343 0.006430868
13210 0.003215434
11932 0.012861736
16543 0.003215434
3745 0.003215434
8097 0.003215434
15011 0.003215434
7847 0.003215434
5801 0.003215434
13485 0.003215434
19886 0.003215434
14515 0.03215434
20405 0.012861736
11447 0.006430868
2231 0.006430868
184 0.003215434
18872 0.019292604
7865 0.006430868
16058 0.012861736
16064 0.003215434
5825 0.003215434
3522 0.006430868
3268 0.003215434
16068 0.003215434
9413 0.003215434
16582 0.003215434
2758 0.006430868
17867 0.003215434
19917 0.003215434
6863 0.003215434
17615 0.003215434
11215 0.003215434
20176 0.003215434
13521 0.003215434
10451 0.035369776
20696 0.003215434
13784 0.006430868
16090 0.003215434
7130 0.003215434
731 0.003215434
14300 0.006430868
4319 0.035369776
6623 0.09967846
6883 0.003215434
6116 0.009646302
20453 0.006430868
8422 0.006430868
3306 0.006430868
14060 0.006430868
1006 0.019292604
18159 0.003215434
8175 0.003215434
12016 0.003215434
241 0.003215434
9720 0.003215434
11512 0.041800644
19449 0.003215434
3323 0.003215434
8444 0.003215434
13308 0.003215434
13566 0.003215434
6143 0.006430868
