8194 0.0027322404
4100 0.0027322404
5892 0.0054644807
5893 0.021857923
16390 0.0054644807
10246 0.010928961
17415 0.0027322404
15625 0.0027322404
6409 0.0027322404
3339 0.0054644807
5900 0.0027322404
2061 0.0027322404
17935 0.0027322404
10767 0.016393442
8208 0.0027322404
18452 0.0027322404
2836 0.0027322404
5396 0.030054646
22294 0.027322404
19736 0.021857923
4635 0.019125683
16161 0.0054644807
9250 0.0027322404
11298 0.0054644807
4903 0.0027322404
2602 0.0027322404
14891 0.0027322404
4141 0.0054644807
13613 0.0054644807
15662 0.0027322404
22064 0.0054644807
10546 0.0054644807
1587 0.0027322404
9012 0.0054644807
311 0.0054644807
14650 0.0027322404
19773 0.0027322404
6206 0.0027322404
19007 0.0027322404
11327 0.008196721
18239 0.013661202
10821 0.0027322404
12357 0.0027322404
15173 0.0027322404
12871 0.0054644807
8263 0.010928961
18251 0.0027322404
1867 0.0027322404
18253 0.0027322404
8272 0.0027322404
8274 0.0027322404
2901 0.0027322404
20309 0.0027322404
20821 0.0027322404
19286 0.0054644807
18263 0.0054644807
17752 0.0027322404
15193 0.0027322404
19034 0.0027322404
15965 0.0027322404
21086 0.0027322404
9310 0.0027322404
6239 0.0027322404
21345 0.0054644807
16481 0.008196721
10083 0.0027322404
2662 0.0027322404
3430 0.008196721
1383 0.0027322404
616 0.0027322404
15208 0.0027322404
15209 0.0027322404
10604 0.0027322404
3950 0.0027322404
11121 0.0027322404
2674 0.0054644807
10868 0.0054644807
20349 0.0027322404
8573 0.0027322404
19581 0.013661202
21632 0.0027322404
20610 0.0027322404
2690 0.008196721
11141 0.0054644807
9862 0.008196721
20360 0.0027322404
17549 0.0027322404
17294 0.0027322404
21903 0.0027322404
17553 0.0027322404
9361 0.0027322404
10897 0.010928961
13714 0.0027322404
21141 0.0054644807
8855 0.0027322404
17815 0.0027322404
8343 0.0054644807
5273 0.0027322404
10651 0.010928961
16543 0.0027322404
3745 0.008196721
12710 0.0027322404
20648 0.0027322404
15528 0.013661202
9642 0.0027322404
1706 0.0054644807
2731 0.0027322404
19886 0.019125683
12464 0.0027322404
8368 0.016393442
20402 0.0027322404
9139 0.0054644807
20405 0.013661202
5302 0.0027322404
184 0.0027322404
12987 0.0027322404
16064 0.0027322404
10689 0.0027322404
10691 0.013661202
3268 0.0027322404
16582 0.0054644807
2758 0.013661202
1223 0.0027322404
16841 0.0054644807
1482 0.0054644807
13260 0.0027322404
9935 0.0027322404
13521 0.0027322404
11475 0.0027322404
10451 0.027322404
10965 0.0027322404
3288 0.0027322404
20696 0.024590164
217 0.0054644807
21465 0.0054644807
1754 0.0027322404
4314 0.0054644807
6364 0.0054644807
12765 0.0027322404
2269 0.0027322404
9437 0.0027322404
12255 0.0027322404
18657 0.0027322404
5859 0.0027322404
8163 0.0027322404
6116 0.0027322404
1509 0.0027322404
5349 0.0027322404
6886 0.008196721
2791 0.0027322404
10472 0.0027322404
744 0.0027322404
1001 0.0027322404
20203 0.0027322404
14061 0.0027322404
1006 0.008196721
17653 0.0027322404
7669 0.010928961
4342 0.013661202
21752 0.0054644807
11512 0.04644809
18681 0.0027322404
9721 0.0054644807
3323 0.057377048
22270 0.0027322404
3839 0.0027322404
6143 0.0054644807
