16385 0.0051020407
5122 0.0051020407
5892 0.0051020407
5893 0.0051020407
18693 0.0051020407
10246 0.025510205
16396 0.0051020407
5900 0.020408163
10767 0.0051020407
8208 0.0051020407
272 0.0051020407
19736 0.015306123
4635 0.015306123
6174 0.0051020407
11808 0.010204081
13857 0.0051020407
11298 0.0051020407
22050 0.0051020407
9250 0.015306123
21541 0.0051020407
8743 0.0051020407
13097 0.010204081
4915 0.0051020407
21813 0.0051020407
1335 0.0051020407
20538 0.0051020407
14650 0.0051020407
3389 0.0051020407
14653 0.0051020407
12606 0.0051020407
18239 0.010204081
833 0.0051020407
10821 0.0051020407
18758 0.0051020407
12871 0.0051020407
2119 0.0051020407
20296 0.0051020407
18251 0.025510205
9036 0.010204081
16717 0.0051020407
20813 0.0051020407
15183 0.010204081
18001 0.0051020407
3922 0.0051020407
7252 0.0051020407
1370 0.010204081
13659 0.015306123
15196 0.0051020407
22111 0.0051020407
16481 0.0051020407
2914 0.0051020407
18021 0.0051020407
15209 0.0051020407
20074 0.0051020407
2674 0.0051020407
4211 0.010204081
19060 0.0051020407
21621 0.010204081
887 0.010204081
18298 0.0051020407
12413 0.0051020407
19581 0.020408163
21632 0.0051020407
16002 0.0051020407
11141 0.0051020407
18054 0.020408163
16520 0.0051020407
7820 0.010204081
17553 0.0051020407
10897 0.010204081
20883 0.0051020407
19603 0.0051020407
8343 0.010204081
19865 0.0051020407
13210 0.0051020407
10651 0.0051020407
1439 0.0051020407
20127 0.0051020407
3745 0.010204081
12208 0.015306123
2226 0.0051020407
14515 0.020408163
20405 0.0051020407
19126 0.0051020407
20150 0.010204081
184 0.0051020407
958 0.0051020407
192 0.0051020407
5825 0.030612245
11718 0.0051020407
16582 0.010204081
12746 0.0051020407
13521 0.0051020407
10451 0.030612245
11220 0.0051020407
20438 0.010204081
20696 0.0051020407
7642 0.0051020407
4314 0.0051020407
14556 0.025510205
16605 0.0051020407
4319 0.010204081
6368 0.0051020407
6116 0.020408163
19173 0.0051020407
5861 0.0051020407
5349 0.0051020407
15078 0.0051020407
20712 0.0051020407
20203 0.0051020407
1006 0.030612245
18159 0.0051020407
15091 0.0051020407
5623 0.0051020407
11512 0.045918368
20217 0.0051020407
15610 0.015306123
