3842 0.004048583
8194 0.012145749
5892 0.012145749
8709 0.004048583
5893 0.04048583
10246 0.004048583
16390 0.02834008
17415 0.004048583
10763 0.008097166
15629 0.012145749
21262 0.004048583
5903 0.004048583
10767 0.004048583
8978 0.004048583
19736 0.020242915
4635 0.008097166
9250 0.004048583
21541 0.020242915
17446 0.004048583
298 0.004048583
2602 0.004048583
6444 0.004048583
8749 0.004048583
17453 0.016194332
14650 0.008097166
18750 0.004048583
17470 0.008097166
11327 0.008097166
18239 0.008097166
18758 0.004048583
4934 0.008097166
6215 0.004048583
12871 0.008097166
18251 0.048582997
16717 0.004048583
10065 0.016194332
18263 0.008097166
5212 0.004048583
6239 0.004048583
16481 0.008097166
19557 0.004048583
5990 0.004048583
3430 0.008097166
10344 0.020242915
6509 0.012145749
17262 0.004048583
13936 0.004048583
11635 0.004048583
884 0.004048583
19062 0.004048583
20349 0.012145749
19581 0.020242915
21632 0.004048583
14471 0.004048583
16520 0.004048583
19080 0.012145749
11145 0.004048583
20879 0.004048583
11151 0.004048583
18064 0.004048583
8592 0.004048583
10897 0.008097166
8343 0.004048583
10649 0.024291499
11932 0.016194332
3745 0.004048583
10403 0.004048583
13480 0.004048583
21160 0.004048583
2731 0.004048583
9901 0.004048583
14514 0.004048583
20405 0.036437247
19126 0.012145749
184 0.004048583
6588 0.004048583
16064 0.008097166
5825 0.008097166
10691 0.004048583
963 0.008097166
9926 0.004048583
16582 0.008097166
715 0.004048583
11215 0.004048583
9935 0.004048583
1488 0.004048583
14288 0.004048583
13521 0.004048583
18385 0.004048583
10451 0.02834008
16853 0.004048583
20696 0.008097166
7897 0.004048583
13532 0.024291499
4319 0.016194332
18657 0.004048583
16621 0.004048583
1006 0.032388665
12271 0.004048583
21487 0.012145749
11504 0.024291499
20723 0.004048583
2292 0.004048583
11512 0.072874494
20217 0.004048583
5631 0.004048583
19199 0.004048583
