8194 0.004149378
10246 0.008298756
16390 0.016597511
15117 0.004149378
10767 0.004149378
19216 0.004149378
19736 0.012448133
21786 0.008298756
4635 0.004149378
9250 0.004149378
11298 0.008298756
10025 0.004149378
18731 0.004149378
10027 0.012448133
13613 0.008298756
11825 0.008298756
8250 0.004149378
15422 0.004149378
18239 0.016597511
5698 0.004149378
17476 0.004149378
10821 0.049792532
8262 0.008298756
12871 0.004149378
8263 0.004149378
6215 0.004149378
18251 0.012448133
11852 0.004149378
16717 0.004149378
20813 0.004149378
9810 0.004149378
18003 0.004149378
20823 0.004149378
18263 0.020746889
6491 0.004149378
1371 0.004149378
10331 0.004149378
15196 0.012448133
22111 0.004149378
16481 0.008298756
20065 0.082987554
10083 0.008298756
3430 0.004149378
2662 0.008298756
15209 0.008298756
20080 0.004149378
21872 0.008298756
4988 0.004149378
19581 0.004149378
5246 0.004149378
21632 0.004149378
13186 0.004149378
5508 0.004149378
11141 0.004149378
9862 0.012448133
20360 0.004149378
17294 0.004149378
10897 0.012448133
20883 0.004149378
9363 0.012448133
150 0.008298756
8342 0.008298756
11679 0.004149378
13983 0.004149378
20127 0.004149378
3745 0.008298756
15527 0.004149378
11431 0.020746889
11944 0.004149378
19886 0.012448133
21679 0.004149378
9139 0.004149378
20405 0.029045643
184 0.004149378
21432 0.008298756
6588 0.004149378
12734 0.004149378
5825 0.008298756
9666 0.004149378
10691 0.004149378
16582 0.004149378
9926 0.004149378
16841 0.004149378
716 0.008298756
13260 0.07883818
19917 0.004149378
13521 0.004149378
10451 0.049792532
16599 0.008298756
20696 0.004149378
3288 0.008298756
21465 0.004149378
1241 0.004149378
18394 0.016597511
4319 0.012448133
13538 0.004149378
9188 0.004149378
20453 0.004149378
11241 0.004149378
14060 0.004149378
1006 0.020746889
8175 0.004149378
20723 0.004149378
15606 0.004149378
11512 0.0373444
20217 0.004149378
6143 0.016597511
