8193 0.0031847134
8194 0.0031847134
5892 0.0031847134
5893 0.015923567
10246 0.015923567
19463 0.0031847134
17415 0.01910828
3335 0.044585988
5900 0.0031847134
10767 0.00955414
15120 0.044585988
13844 0.0031847134
2836 0.0031847134
13334 0.0031847134
22294 0.015923567
19736 0.006369427
19737 0.0031847134
4635 0.006369427
18716 0.0031847134
13855 0.0031847134
13600 0.0031847134
9250 0.00955414
21287 0.0031847134
4136 0.0031847134
13097 0.0031847134
21291 0.0031847134
8237 0.0031847134
2605 0.0477707
15662 0.0031847134
6450 0.0031847134
20275 0.0031847134
22067 0.006369427
21813 0.0031847134
14650 0.031847134
11327 0.0031847134
18239 0.006369427
1858 0.0031847134
11587 0.0031847134
12871 0.0031847134
2119 0.0031847134
3144 0.006369427
9801 0.0031847134
8266 0.0031847134
18251 0.0031847134
16717 0.0031847134
11598 0.0031847134
1359 0.0031847134
16976 0.0031847134
5972 0.0031847134
21588 0.0031847134
15959 0.006369427
15962 0.0031847134
13659 0.006369427
6491 0.015923567
6239 0.0031847134
16481 0.0031847134
12899 0.0031847134
2662 0.012738854
3430 0.012738854
13929 0.012738854
13162 0.0031847134
10605 0.006369427
10094 0.0031847134
21872 0.0031847134
8561 0.0031847134
19062 0.006369427
12664 0.0031847134
19579 0.0031847134
19580 0.0031847134
7037 0.0031847134
21632 0.0031847134
13186 0.006369427
6021 0.0031847134
17797 0.0031847134
8070 0.015923567
18572 0.0031847134
6286 0.0031847134
20624 0.0031847134
10897 0.00955414
19603 0.0031847134
20886 0.0031847134
8855 0.0031847134
5019 0.0031847134
2204 0.0031847134
11932 0.0031847134
2973 0.0031847134
5790 0.006369427
4510 0.02866242
3745 0.0031847134
7847 0.0031847134
15272 0.0031847134
15528 0.006369427
10409 0.006369427
6828 0.0031847134
10417 0.0031847134
9139 0.0031847134
1716 0.0031847134
20405 0.0031847134
184 0.0031847134
11708 0.0031847134
5056 0.0031847134
14273 0.0031847134
16836 0.0031847134
16582 0.0031847134
10184 0.0031847134
18378 0.0031847134
8650 0.006369427
17867 0.0031847134
7117 0.0031847134
2765 0.08598726
13521 0.0031847134
10451 0.01910828
9940 0.0031847134
20437 0.00955414
11734 0.0031847134
6359 0.0031847134
3288 0.0031847134
20696 0.025477707
21465 0.0031847134
4061 0.0031847134
11744 0.0031847134
5859 0.0031847134
6116 0.012738854
5349 0.00955414
6886 0.012738854
2791 0.006369427
7914 0.006369427
3306 0.00955414
20203 0.0031847134
14061 0.0031847134
18414 0.00955414
12016 0.006369427
20723 0.0031847134
16375 0.0031847134
11512 0.02866242
12283 0.00955414
16892 0.0031847134
14334 0.0031847134
