11012 0.0040650405
5893 0.0121951215
10246 0.0121951215
16396 0.0040650405
7692 0.0040650405
5903 0.0040650405
17935 0.0040650405
9233 0.0040650405
2836 0.0040650405
19736 0.0121951215
15900 0.0040650405
10780 0.0040650405
797 0.0040650405
14365 0.008130081
11298 0.008130081
9250 0.0121951215
20516 0.06097561
10789 0.0121951215
4903 0.0040650405
11303 0.0040650405
13610 0.0040650405
17196 0.0040650405
1324 0.0040650405
8237 0.0040650405
15662 0.0040650405
21295 0.0040650405
10546 0.008130081
14903 0.0040650405
7479 0.0040650405
8508 0.0040650405
13884 0.008130081
7487 0.0040650405
18239 0.0121951215
11073 0.008130081
10821 0.0040650405
12614 0.0040650405
12871 0.0040650405
2119 0.0040650405
8263 0.028455285
14153 0.0040650405
18251 0.0121951215
6222 0.0040650405
21327 0.0040650405
10065 0.008130081
7252 0.0040650405
8021 0.008130081
18263 0.0040650405
19034 0.0040650405
20315 0.0040650405
13919 0.0121951215
1376 0.0040650405
16481 0.008130081
10083 0.0040650405
17252 0.008130081
15209 0.008130081
8811 0.0040650405
6509 0.0040650405
10094 0.0040650405
21872 0.008130081
11121 0.0040650405
13426 0.0040650405
19581 0.0121951215
21632 0.0040650405
2176 0.0040650405
16514 0.0040650405
18563 0.0040650405
9862 0.0040650405
6286 0.008130081
3982 0.040650405
10897 0.020325202
3730 0.008130081
4758 0.024390243
8343 0.008130081
22169 0.0040650405
13722 0.0040650405
13210 0.008130081
2204 0.0040650405
8097 0.0040650405
3745 0.0121951215
162 0.008130081
7077 0.0040650405
12205 0.0040650405
19886 0.016260162
9139 0.0040650405
8371 0.008130081
1716 0.0040650405
6325 0.0040650405
20405 0.016260162
184 0.0040650405
6336 0.008130081
21698 0.0040650405
3522 0.008130081
7110 0.0040650405
16582 0.008130081
9935 0.0040650405
14288 0.0040650405
13521 0.0040650405
10451 0.032520324
20436 0.0040650405
20438 0.0040650405
11990 0.0040650405
214 0.0040650405
8151 0.0040650405
20696 0.016260162
21465 0.008130081
8163 0.0040650405
6116 0.0040650405
20196 0.0121951215
8422 0.0121951215
7914 0.0040650405
1006 0.020325202
12016 0.0040650405
11504 0.028455285
20723 0.016260162
2292 0.0040650405
1783 0.0040650405
15608 0.008130081
21752 0.008130081
11512 0.032520324
14330 0.016260162
20988 0.0040650405
5631 0.0040650405
