8194 0.0056179776
5893 0.030898876
10246 0.011235955
17415 0.0028089888
20231 0.08707865
18442 0.0028089888
5900 0.0028089888
15629 0.0028089888
15117 0.0028089888
10767 0.014044944
19736 0.0028089888
12057 0.0028089888
8474 0.0028089888
4634 0.0028089888
4635 0.0056179776
13855 0.0028089888
8735 0.0056179776
16161 0.008426966
11298 0.0028089888
9250 0.008426966
4903 0.0028089888
8743 0.0028089888
10025 0.0028089888
10793 0.0028089888
298 0.0028089888
13613 0.0056179776
8497 0.0028089888
10546 0.0056179776
17715 0.0028089888
5428 0.0028089888
20020 0.0056179776
12599 0.0028089888
14650 0.0056179776
13884 0.011235955
11327 0.0056179776
18239 0.019662922
5696 0.0028089888
17476 0.0028089888
10821 0.011235955
12871 0.0056179776
18251 0.016853932
20813 0.0028089888
11598 0.0028089888
18003 0.0028089888
14164 0.0028089888
9813 0.0056179776
18263 0.016853932
2393 0.0028089888
15196 0.0056179776
16736 0.008426966
16481 0.0028089888
9057 0.0028089888
21345 0.0028089888
9313 0.008426966
20579 0.0028089888
10083 0.008426966
2662 0.0028089888
3430 0.0056179776
5735 0.0028089888
8297 0.0028089888
13929 0.0056179776
10605 0.0028089888
16495 0.0028089888
11635 0.0028089888
5235 0.0028089888
884 0.008426966
13686 0.0028089888
19062 0.0056179776
8569 0.0028089888
19581 0.016853932
21632 0.0028089888
3456 0.0056179776
13186 0.0028089888
131 0.0028089888
9862 0.0056179776
8070 0.016853932
20360 0.0028089888
16520 0.0028089888
8592 0.0028089888
10897 0.019662922
12180 0.0028089888
150 0.0028089888
8343 0.0056179776
9368 0.0028089888
2969 0.0028089888
10651 0.008426966
11932 0.0028089888
3745 0.0056179776
1955 0.0028089888
11431 0.0056179776
18858 0.0028089888
2731 0.0028089888
6828 0.0056179776
21679 0.0028089888
20405 0.033707865
20150 0.0028089888
12470 0.0056179776
184 0.0028089888
21432 0.0028089888
1217 0.0028089888
21698 0.0028089888
22210 0.0028089888
3268 0.0056179776
16582 0.0028089888
10184 0.0028089888
6857 0.0028089888
3530 0.0028089888
18378 0.014044944
6091 0.0056179776
716 0.0028089888
13260 0.028089888
3790 0.0028089888
1488 0.0028089888
13521 0.0028089888
10451 0.036516853
6612 0.0028089888
5336 0.0056179776
3288 0.058988765
21465 0.0028089888
13274 0.0028089888
20698 0.008426966
5083 0.0056179776
14300 0.0028089888
16604 0.0028089888
13532 0.0028089888
12765 0.0028089888
4319 0.016853932
5859 0.0028089888
20196 0.0028089888
3300 0.0028089888
6116 0.0056179776
20453 0.0028089888
16871 0.0028089888
18410 0.011235955
14060 0.0028089888
1006 0.0028089888
18414 0.0056179776
15342 0.0056179776
4592 0.0028089888
12016 0.0028089888
20723 0.0028089888
13044 0.0028089888
15606 0.0028089888
11512 0.028089888
6654 0.0028089888
19199 0.011235955
6143 0.014044944
