8193 0.0025445293
5122 0.0025445293
8194 0.012722646
4100 0.03307888
5893 0.030534351
20231 0.0025445293
6409 0.0050890585
10763 0.0025445293
5900 0.0025445293
5903 0.0025445293
10767 0.0050890585
18706 0.0025445293
13844 0.007633588
2836 0.007633588
4635 0.015267176
8989 0.0025445293
13343 0.0025445293
11298 0.0025445293
9250 0.012722646
8485 0.0025445293
21541 0.0025445293
12325 0.0025445293
38 0.0050890585
6952 0.03307888
298 0.0025445293
11825 0.0025445293
14386 0.0025445293
5170 0.0050890585
19763 0.0025445293
4915 0.007633588
18740 0.0025445293
21813 0.0025445293
14650 0.007633588
20540 0.0025445293
3645 0.050890584
15422 0.0025445293
11327 0.0025445293
18239 0.010178117
13121 0.0025445293
1858 0.0025445293
9029 0.0050890585
12871 0.0025445293
8263 0.0025445293
9801 0.0025445293
18251 0.027989822
9036 0.0025445293
12365 0.0025445293
6477 0.025445292
18263 0.007633588
3672 0.0025445293
19034 0.0025445293
1376 0.0025445293
16481 0.0025445293
21345 0.0025445293
7265 0.027989822
20579 0.0025445293
13155 0.0025445293
11365 0.0025445293
2662 0.007633588
13160 0.0025445293
14185 0.0025445293
4714 0.0025445293
8811 0.0025445293
19307 0.012722646
877 0.0025445293
16238 0.0025445293
7793 0.0025445293
14450 0.0050890585
11635 0.0025445293
10611 0.007633588
10868 0.0025445293
884 0.0050890585
10101 0.0025445293
21621 0.007633588
18038 0.0025445293
16503 0.0025445293
12413 0.0025445293
8573 0.007633588
19581 0.012722646
10878 0.0025445293
21632 0.0025445293
16003 0.043256998
11141 0.0025445293
8837 0.012722646
9862 0.010178117
9096 0.0025445293
20360 0.0050890585
20367 0.0025445293
6032 0.0025445293
21136 0.0025445293
14992 0.0025445293
17808 0.0025445293
17040 0.0025445293
10896 0.0050890585
10897 0.017811704
8343 0.0025445293
10651 0.020356234
11932 0.0025445293
10908 0.0025445293
3745 0.0050890585
8097 0.012722646
12710 0.007633588
13739 0.0025445293
21677 0.010178117
19886 0.0025445293
9139 0.0025445293
14515 0.017811704
20405 0.007633588
11447 0.0025445293
2231 0.0025445293
184 0.0025445293
18872 0.0025445293
16058 0.0025445293
4286 0.0025445293
5825 0.007633588
3522 0.0050890585
16582 0.0025445293
2758 0.0025445293
21703 0.0025445293
13255 0.0025445293
4809 0.0025445293
14028 0.0025445293
19917 0.0025445293
718 0.0025445293
14798 0.0050890585
1488 0.0025445293
13521 0.0025445293
10451 0.03307888
7381 0.0025445293
9685 0.012722646
14300 0.0025445293
4319 0.025445292
5856 0.0025445293
17890 0.0025445293
13538 0.0050890585
8163 0.0025445293
3300 0.0025445293
18148 0.0025445293
6116 0.0025445293
20453 0.007633588
6888 0.0025445293
20712 0.007633588
4589 0.0025445293
1006 0.0050890585
19695 0.0025445293
19183 0.0050890585
12016 0.007633588
17653 0.0025445293
14838 0.0050890585
1527 0.0025445293
7160 0.0025445293
11512 0.030534351
2041 0.0025445293
9212 0.0050890585
