8194 0.0034482758
4100 0.0034482758
5893 0.04137931
10246 0.010344828
10248 0.0034482758
4617 0.0034482758
9226 0.0034482758
8203 0.0034482758
10763 0.0034482758
16396 0.0068965517
17679 0.0034482758
10767 0.020689655
15376 0.01724138
13844 0.0034482758
19736 0.013793103
4635 0.010344828
10780 0.0034482758
31 0.0034482758
3104 0.0068965517
11298 0.0034482758
9250 0.01724138
21541 0.010344828
4903 0.0034482758
9769 0.0034482758
13610 0.0068965517
298 0.0068965517
4652 0.0034482758
48 0.0034482758
1072 0.0068965517
11825 0.0034482758
7474 0.0034482758
10546 0.0034482758
6454 0.010344828
57 0.0034482758
3130 0.0034482758
13883 0.0034482758
11327 0.0034482758
18239 0.020689655
11073 0.0034482758
12871 0.0034482758
8263 0.0034482758
18251 0.03448276
18263 0.0034482758
18778 0.0034482758
20315 0.0034482758
16479 0.0034482758
2912 0.0034482758
16481 0.0034482758
20579 0.0034482758
6243 0.0034482758
14691 0.0034482758
2662 0.0034482758
5990 0.0034482758
3430 0.010344828
6247 0.0034482758
21864 0.0034482758
8811 0.0034482758
15980 0.0034482758
109 0.0034482758
11635 0.0034482758
884 0.010344828
20854 0.0034482758
8573 0.0034482758
6781 0.0034482758
19581 0.010344828
21632 0.0034482758
6785 0.0034482758
2690 0.0034482758
2435 0.0034482758
19333 0.0034482758
16005 0.0034482758
11141 0.010344828
18566 0.0034482758
9862 0.010344828
20876 0.0034482758
6286 0.0034482758
7567 0.0034482758
20367 0.0068965517
14992 0.0034482758
10896 0.0068965517
8592 0.01724138
10897 0.013793103
8343 0.013793103
8090 0.010344828
11932 0.0034482758
13983 0.0034482758
3745 0.0034482758
12710 0.0068965517
4007 0.01724138
13480 0.027586207
13227 0.0034482758
20405 0.010344828
19126 0.0068965517
184 0.0034482758
8890 0.0068965517
17595 0.0034482758
6588 0.0034482758
18623 0.0034482758
19137 0.0034482758
21188 0.0034482758
16582 0.0034482758
3016 0.0034482758
20426 0.0034482758
6091 0.0034482758
17355 0.037931036
718 0.0034482758
1488 0.010344828
13521 0.0034482758
12754 0.0034482758
3538 0.0034482758
10451 0.010344828
7124 0.0068965517
11734 0.0034482758
11482 0.0034482758
14300 0.0034482758
7645 0.0034482758
20703 0.0034482758
9951 0.0068965517
20959 0.0068965517
4319 0.013793103
19683 0.0034482758
3300 0.0034482758
20196 0.0068965517
5861 0.0068965517
8422 0.010344828
16871 0.0034482758
6119 0.0034482758
20712 0.0034482758
15337 0.0034482758
19178 0.0034482758
18414 0.0034482758
1006 0.01724138
18159 0.0034482758
8175 0.0068965517
18677 0.0034482758
15606 0.0034482758
5878 0.0034482758
1527 0.0034482758
16375 0.01724138
21752 0.0034482758
11512 0.044827588
14330 0.013793103
22010 0.013793103
5885 0.0034482758
9214 0.0034482758
