3842 0.0031347962
18435 0.0031347962
14596 0.0031347962
5893 0.028213166
10246 0.009404388
15624 0.0031347962
17419 0.0031347962
16396 0.0062695923
10767 0.0062695923
13844 0.009404388
19736 0.031347964
4635 0.009404388
15900 0.0062695923
21278 0.009404388
18208 0.0031347962
6688 0.0031347962
3619 0.0031347962
21541 0.0031347962
2854 0.0062695923
17447 0.0031347962
13097 0.0031347962
13610 0.0031347962
1837 0.009404388
10546 0.0031347962
16947 0.0031347962
7479 0.009404388
4665 0.0031347962
7995 0.0062695923
1339 0.0062695923
22077 0.0062695923
11327 0.021943573
18239 0.03448276
7490 0.015673982
20550 0.0031347962
12871 0.0031347962
8263 0.0031347962
18250 0.0031347962
20554 0.0062695923
18251 0.04075235
6220 0.0031347962
5196 0.0031347962
20813 0.0062695923
16717 0.0062695923
6477 0.04075235
14158 0.0031347962
10065 0.0031347962
3154 0.0031347962
20821 0.0031347962
16471 0.0031347962
8793 0.0031347962
16481 0.0031347962
21345 0.0062695923
12899 0.0031347962
10083 0.0031347962
20579 0.0062695923
2662 0.0031347962
13160 0.0031347962
20072 0.0031347962
8557 0.0031347962
11121 0.0031347962
13426 0.0031347962
11635 0.0062695923
5236 0.012539185
15484 0.0031347962
14204 0.0031347962
8573 0.0031347962
19581 0.015673982
21632 0.0031347962
2690 0.0062695923
9862 0.0031347962
8070 0.0031347962
18054 0.0031347962
16520 0.0031347962
3464 0.012539185
3982 0.015673982
11151 0.0062695923
10896 0.0031347962
10897 0.02507837
20883 0.0031347962
8343 0.009404388
16024 0.0031347962
10651 0.0062695923
11932 0.0031347962
3745 0.015673982
18340 0.0031347962
11177 0.0062695923
7082 0.053291537
12716 0.0031347962
14514 0.0031347962
20405 0.015673982
12470 0.0062695923
184 0.0031347962
10425 0.0031347962
9146 0.0062695923
3515 0.0062695923
12734 0.0031347962
5825 0.012539185
3524 0.0031347962
16582 0.0031347962
11718 0.0031347962
8140 0.0031347962
462 0.0031347962
718 0.0031347962
14798 0.0062695923
13521 0.0031347962
10451 0.0031347962
5077 0.0062695923
9432 0.0031347962
20696 0.0062695923
7642 0.0031347962
15323 0.0031347962
4319 0.03448276
5088 0.0031347962
4065 0.0031347962
19683 0.0031347962
20453 0.0031347962
5861 0.0031347962
3306 0.02507837
14060 0.0062695923
1006 0.0062695923
12016 0.009404388
21492 0.0031347962
2292 0.0031347962
15608 0.0031347962
5880 0.0031347962
11512 0.05015674
7930 0.0031347962
15610 0.0031347962
8444 0.009404388
6654 0.0031347962
13823 0.0031347962
5631 0.0031347962
19199 0.009404388
