3328 0.003012048
16385 0.003012048
8194 0.006024096
4100 0.003012048
5893 0.009036144
16390 0.006024096
10246 0.009036144
17415 0.006024096
10763 0.006024096
16140 0.003012048
15117 0.003012048
15629 0.003012048
10767 0.003012048
17935 0.003012048
19216 0.006024096
13587 0.003012048
19736 0.018072288
7193 0.003012048
4635 0.009036144
6688 0.003012048
9250 0.012048192
16676 0.003012048
4649 0.003012048
10025 0.003012048
298 0.003012048
13610 0.003012048
13613 0.012048192
18991 0.003012048
7474 0.003012048
10546 0.006024096
21044 0.003012048
12343 0.003012048
14394 0.003012048
14650 0.024096385
11837 0.003012048
319 0.003012048
18239 0.015060241
17476 0.003012048
10821 0.006024096
18758 0.006024096
12871 0.006024096
18251 0.003012048
16717 0.003012048
14158 0.006024096
10831 0.003012048
10321 0.003012048
3922 0.006024096
7252 0.003012048
18263 0.024096385
13659 0.003012048
8797 0.003012048
13919 0.003012048
1376 0.006024096
16481 0.003012048
10083 0.003012048
20579 0.012048192
1125 0.009036144
12134 0.003012048
3430 0.003012048
6247 0.003012048
14442 0.006024096
14443 0.006024096
19052 0.003012048
21872 0.009036144
11635 0.006024096
884 0.015060241
21621 0.006024096
1399 0.003012048
12664 0.003012048
15484 0.015060241
21632 0.003012048
2690 0.012048192
8836 0.003012048
9862 0.018072288
3982 0.003012048
10897 0.012048192
20883 0.009036144
8343 0.009036144
8090 0.006024096
11932 0.003012048
415 0.003012048
13983 0.003012048
4513 0.003012048
8097 0.003012048
3745 0.012048192
15522 0.10843374
13480 0.003012048
15528 0.006024096
7082 0.003012048
12464 0.006024096
9139 0.003012048
6069 0.015060241
20405 0.021084337
19126 0.009036144
184 0.003012048
8890 0.003012048
6588 0.003012048
12734 0.012048192
3268 0.006024096
16582 0.009036144
13255 0.003012048
716 0.003012048
2509 0.003012048
19917 0.006024096
12495 0.003012048
20943 0.003012048
22223 0.003012048
3023 0.003012048
20176 0.006024096
1488 0.006024096
13521 0.003012048
1746 0.003012048
10451 0.024096385
20696 0.036144577
7897 0.006024096
5849 0.006024096
7642 0.003012048
22235 0.003012048
13532 0.003012048
12765 0.003012048
13790 0.003012048
4319 0.003012048
6623 0.003012048
2531 0.003012048
3300 0.003012048
6116 0.003012048
20453 0.003012048
5349 0.003012048
8422 0.003012048
20712 0.003012048
4329 0.003012048
19178 0.003012048
14314 0.003012048
7914 0.009036144
20203 0.003012048
18414 0.003012048
1006 0.012048192
14066 0.003012048
499 0.003012048
15606 0.003012048
14838 0.006024096
11512 0.060240965
2041 0.003012048
6654 0.003012048
