512 0.0034364262
8194 0.010309278
4100 0.0034364262
6660 0.0034364262
8709 0.0034364262
5893 0.013745705
10246 0.020618556
17415 0.010309278
13834 0.0034364262
14090 0.0034364262
2061 0.0034364262
1295 0.0034364262
10767 0.0034364262
2063 0.0068728523
17935 0.010309278
19736 0.01718213
4121 0.0034364262
4635 0.01718213
16669 0.0034364262
16926 0.0034364262
20256 0.0034364262
9250 0.0034364262
4903 0.0034364262
4649 0.0034364262
2602 0.0034364262
13610 0.0068728523
298 0.010309278
21291 0.0034364262
13613 0.0034364262
19249 0.0034364262
10546 0.0034364262
19250 0.0068728523
8243 0.0034364262
2356 0.0034364262
14650 0.0068728523
18239 0.0068728523
9538 0.0034364262
1858 0.0068728523
10821 0.030927835
12871 0.0034364262
6215 0.0034364262
2119 0.0034364262
8263 0.0068728523
15688 0.0034364262
18251 0.0068728523
12108 0.0034364262
6222 0.0034364262
3662 0.0034364262
11598 0.0068728523
3922 0.0068728523
15959 0.0034364262
18263 0.041237112
13659 0.0068728523
6239 0.0034364262
1376 0.0034364262
18528 0.0034364262
16481 0.0034364262
10083 0.0034364262
20579 0.0068728523
3430 0.01718213
15209 0.0034364262
14442 0.0034364262
11635 0.020618556
20085 0.0034364262
21621 0.010309278
13686 0.0034364262
7030 0.0034364262
20345 0.0034364262
19581 0.010309278
21632 0.0034364262
2690 0.0068728523
16003 0.0034364262
18566 0.0034364262
9862 0.0068728523
20360 0.0034364262
11145 0.0034364262
17549 0.0034364262
3982 0.0034364262
7567 0.0034364262
9361 0.0068728523
10897 0.02749141
8851 0.0034364262
17815 0.0034364262
11672 0.0034364262
21401 0.0034364262
9370 0.0034364262
10651 0.0034364262
19356 0.02749141
20127 0.0068728523
3745 0.0068728523
8355 0.0034364262
4003 0.0034364262
8869 0.0034364262
13222 0.0034364262
20648 0.0034364262
15528 0.0068728523
2473 0.0034364262
14514 0.0034364262
8371 0.0034364262
6579 0.0034364262
10677 0.0034364262
20405 0.010309278
12470 0.0034364262
184 0.0034364262
12734 0.0068728523
16064 0.0034364262
6336 0.0034364262
21698 0.0034364262
10691 0.020618556
3268 0.0034364262
16582 0.0034364262
11718 0.0034364262
2758 0.010309278
1993 0.0034364262
19917 0.0034364262
11215 0.0034364262
13521 0.0034364262
10451 0.01718213
20696 0.024054984
10969 0.0034364262
21466 0.0034364262
7642 0.0034364262
17114 0.0068728523
731 0.0034364262
8925 0.0034364262
16605 0.0068728523
19421 0.0068728523
3300 0.0068728523
6116 0.0068728523
20453 0.024054984
8422 0.0068728523
16871 0.0034364262
15849 0.0034364262
3306 0.0034364262
16875 0.0034364262
20203 0.0034364262
1006 0.0034364262
8175 0.0034364262
12016 0.0034364262
11504 0.0034364262
20723 0.0034364262
15606 0.0034364262
14838 0.0034364262
14070 0.0034364262
17911 0.0034364262
22263 0.0034364262
11512 0.072164945
9977 0.0034364262
253 0.0034364262
10749 0.0034364262
2301 0.0034364262
