512 0.002754821
8194 0.005509642
10499 0.002754821
4100 0.002754821
5893 0.041322313
10246 0.002754821
16390 0.002754821
17415 0.046831954
5643 0.002754821
5900 0.008264462
13843 0.008264462
22294 0.019283747
19736 0.022038568
4635 0.011019284
3104 0.002754821
6688 0.002754821
13857 0.002754821
9250 0.008264462
3619 0.002754821
7460 0.002754821
21541 0.002754821
11557 0.002754821
18217 0.002754821
298 0.008264462
18731 0.002754821
10284 0.002754821
12077 0.002754821
13613 0.008264462
18991 0.011019284
10546 0.002754821
19250 0.002754821
20020 0.002754821
14650 0.002754821
8254 0.002754821
12606 0.002754821
11327 0.011019284
18239 0.011019284
11073 0.002754821
7489 0.005509642
13377 0.005509642
1858 0.002754821
13380 0.002754821
10821 0.011019284
18758 0.005509642
12871 0.002754821
6215 0.002754821
8263 0.002754821
15434 0.002754821
18251 0.008264462
3917 0.002754821
2897 0.002754821
7252 0.002754821
20821 0.002754821
20566 0.002754821
10326 0.002754821
18263 0.041322313
19034 0.002754821
1627 0.002754821
14173 0.038567495
4446 0.002754821
9310 0.002754821
16481 0.002754821
21345 0.008264462
10083 0.005509642
20579 0.013774104
2662 0.002754821
3430 0.008264462
10344 0.002754821
9836 0.002754821
1391 0.002754821
5231 0.002754821
21872 0.008264462
11635 0.002754821
884 0.016528925
21621 0.002754821
15222 0.002754821
1399 0.002754821
12664 0.002754821
7295 0.002754821
21632 0.002754821
11396 0.002754821
8836 0.002754821
9862 0.022038568
15240 0.002754821
20360 0.005509642
22154 0.002754821
13452 0.002754821
6286 0.005509642
3982 0.005509642
6032 0.002754821
10896 0.002754821
17553 0.002754821
10897 0.03305785
8343 0.002754821
17815 0.002754821
21401 0.002754821
10649 0.002754821
13211 0.002754821
1948 0.002754821
11932 0.008264462
4253 0.002754821
4513 0.002754821
3745 0.011019284
3491 0.002754821
18340 0.002754821
15528 0.002754821
19886 0.008264462
8368 0.005509642
10417 0.002754821
8371 0.008264462
20405 0.011019284
11447 0.002754821
184 0.002754821
19385 0.008264462
8890 0.002754821
6588 0.002754821
3262 0.005509642
16064 0.002754821
3268 0.002754821
16582 0.005509642
2758 0.005509642
12492 0.002754821
8140 0.002754821
1997 0.002754821
1488 0.005509642
19408 0.005509642
20176 0.011019284
13521 0.002754821
13778 0.002754821
10451 0.016528925
14293 0.002754821
20696 0.002754821
3288 0.011019284
7897 0.002754821
5849 0.002754821
21465 0.022038568
1754 0.002754821
14300 0.002754821
16605 0.002754821
4319 0.005509642
6623 0.008264462
17890 0.002754821
8163 0.005509642
20196 0.008264462
6116 0.008264462
5861 0.002754821
20453 0.005509642
13289 0.002754821
7914 0.002754821
21483 0.005509642
15854 0.002754821
1006 0.011019284
16625 0.002754821
1524 0.002754821
14070 0.002754821
7160 0.002754821
11512 0.038567495
10747 0.002754821
21501 0.002754821
22270 0.002754821
5631 0.002754821
