8194 0.008
16387 0.004
5893 0.012
8454 0.008
10246 0.016
17415 0.004
17928 0.004
10763 0.004
5900 0.024
7950 0.004
530 0.008
12563 0.004
2836 0.012
19736 0.008
4635 0.012
16926 0.016
8735 0.004
13343 0.008
9250 0.004
4903 0.004
13097 0.004
13610 0.004
7211 0.004
14129 0.004
19250 0.004
22067 0.004
21044 0.004
14650 0.024
22076 0.004
3645 0.012
8254 0.004
19519 0.004
11327 0.012
18239 0.016
18758 0.004
12871 0.004
2119 0.004
8263 0.008
2632 0.004
18251 0.004
21325 0.004
11598 0.004
8274 0.004
21588 0.004
5716 0.012
8021 0.004
18263 0.052
15963 0.004
13919 0.004
6239 0.012
1376 0.004
21345 0.004
16481 0.008
20065 0.008
20579 0.004
18021 0.004
3430 0.012
13929 0.004
109 0.004
6515 0.004
11635 0.008
884 0.004
5237 0.004
17782 0.004
19062 0.008
12664 0.004
12153 0.004
19581 0.004
20093 0.004
1150 0.008
21632 0.004
11905 0.004
16003 0.004
10115 0.008
9862 0.012
16520 0.004
3210 0.004
17549 0.016
6286 0.004
10896 0.004
10897 0.012
2706 0.004
9362 0.004
4758 0.004
11672 0.004
13210 0.004
10651 0.012
4510 0.004
3745 0.024
930 0.04
20648 0.004
15528 0.004
2473 0.004
20910 0.004
9393 0.004
4274 0.012
14515 0.004
20405 0.016
11446 0.004
20150 0.004
184 0.004
20411 0.004
5056 0.004
7106 0.004
10691 0.008
16582 0.004
8140 0.004
19917 0.004
20942 0.004
14798 0.004
1488 0.02
13521 0.004
10451 0.02
5077 0.004
20696 0.008
21465 0.032
16605 0.008
12767 0.004
18146 0.004
8163 0.004
6116 0.004
5606 0.004
16871 0.004
2791 0.012
20712 0.004
1006 0.012
8175 0.02
8433 0.008
11512 0.024
20217 0.004
18431 0.004
