8194 0.0033670033
4100 0.0033670033
5893 0.0067340066
16390 0.0033670033
10246 0.0067340066
22280 0.0033670033
7434 0.0033670033
15629 0.0033670033
10767 0.0033670033
19736 0.04040404
4635 0.01010101
14625 0.0033670033
9250 0.0067340066
8237 0.0033670033
21549 0.0033670033
13613 0.0067340066
10546 0.013468013
12595 0.0033670033
22067 0.0033670033
21044 0.0033670033
20020 0.0067340066
14903 0.0033670033
15415 0.0033670033
14138 0.0033670033
14650 0.02020202
11837 0.0067340066
18239 0.0067340066
1858 0.0033670033
10821 0.016835017
18758 0.0067340066
4934 0.0067340066
12871 0.0033670033
8263 0.0033670033
6215 0.0067340066
2119 0.0067340066
7752 0.0033670033
1354 0.0033670033
18251 0.0033670033
7757 0.0033670033
16717 0.013468013
17999 0.0033670033
14674 0.0033670033
9810 0.0067340066
18263 0.026936026
15450 0.0033670033
20571 0.0033670033
13659 0.0033670033
9821 0.0033670033
14173 0.01010101
6239 0.0067340066
16481 0.0033670033
15971 0.0033670033
10083 0.0033670033
5990 0.0033670033
2662 0.0033670033
3430 0.013468013
15209 0.0067340066
874 0.0033670033
17262 0.0033670033
17263 0.0033670033
16495 0.0033670033
21872 0.0033670033
882 0.0033670033
11635 0.01010101
884 0.0067340066
21621 0.0067340066
21110 0.0067340066
15484 0.026936026
19581 0.02020202
21632 0.0033670033
2946 0.0033670033
2690 0.0067340066
11141 0.0033670033
9862 0.023569023
16520 0.0033670033
21642 0.0033670033
11406 0.0033670033
3982 0.0067340066
20367 0.0033670033
9361 0.0067340066
10897 0.013468013
16530 0.0033670033
16789 0.0033670033
8342 0.0033670033
150 0.0033670033
15511 0.0033670033
20127 0.013468013
16288 0.0067340066
3745 0.013468013
2473 0.0033670033
10412 0.0033670033
21679 0.0033670033
17840 0.013468013
12464 0.013468013
9139 0.0033670033
12468 0.0033670033
10677 0.0033670033
11701 0.0067340066
20405 0.016835017
20150 0.0033670033
184 0.0033670033
19385 0.0033670033
15034 0.0033670033
6588 0.0033670033
12734 0.0033670033
3262 0.0067340066
5825 0.0033670033
3522 0.0033670033
20163 0.0033670033
10691 0.0033670033
16582 0.0033670033
14022 0.0033670033
3271 0.0033670033
1224 0.0033670033
13775 0.0033670033
12495 0.0033670033
1488 0.0033670033
20176 0.0067340066
13521 0.0033670033
1746 0.0033670033
10451 0.05050505
20696 0.02020202
1241 0.0067340066
6623 0.0033670033
21216 0.0033670033
12771 0.0067340066
6116 0.0033670033
3300 0.0033670033
16871 0.0067340066
6888 0.0033670033
14314 0.0033670033
3306 0.0033670033
7914 0.0033670033
8683 0.0033670033
12011 0.0033670033
1006 0.013468013
16625 0.0067340066
20723 0.0067340066
2292 0.0033670033
11512 0.06734007
14585 0.0033670033
2041 0.013468013
17659 0.0033670033
3323 0.0033670033
19199 0.0033670033
