9988 0.0030487804
5892 0.009146341
5893 0.009146341
16390 0.015243903
10246 0.015243903
20231 0.015243903
15625 0.0030487804
10763 0.015243903
16396 0.0030487804
14860 0.0060975607
2061 0.0030487804
19725 0.009146341
10767 0.0060975607
12305 0.0030487804
8468 0.0060975607
19736 0.015243903
4635 0.0030487804
15900 0.0030487804
5149 0.0030487804
16926 0.0030487804
13857 0.0030487804
9250 0.0030487804
6435 0.0030487804
38 0.0030487804
8743 0.0030487804
298 0.0030487804
18731 0.0030487804
2607 0.0030487804
10546 0.0030487804
20020 0.0030487804
21556 0.0030487804
21044 0.0060975607
14903 0.0030487804
14650 0.0060975607
13884 0.0030487804
20030 0.0030487804
18239 0.0060975607
11327 0.0060975607
1858 0.0030487804
9538 0.0030487804
16195 0.0030487804
7747 0.0030487804
10821 0.015243903
8262 0.0030487804
12871 0.0030487804
8263 0.0030487804
6215 0.009146341
18251 0.0030487804
3147 0.0030487804
11598 0.0030487804
10836 0.0030487804
16213 0.0030487804
4694 0.0030487804
11350 0.0030487804
20823 0.0030487804
18263 0.0060975607
19034 0.0030487804
6491 0.0030487804
13659 0.0121951215
2397 0.0030487804
9310 0.0060975607
13919 0.0030487804
6239 0.0030487804
16481 0.0060975607
21345 0.0060975607
11363 0.0030487804
10083 0.009146341
20579 0.015243903
19557 0.0030487804
5990 0.0030487804
5736 0.0030487804
874 0.0030487804
6509 0.0030487804
109 0.0030487804
19057 0.0030487804
12146 0.0030487804
11635 0.024390243
1908 0.0030487804
884 0.0060975607
8053 0.0030487804
21621 0.0121951215
19062 0.009146341
7288 0.009146341
4474 0.0030487804
14204 0.0030487804
125 0.0030487804
19581 0.0121951215
7295 0.0030487804
21632 0.0030487804
2690 0.009146341
22147 0.0030487804
16772 0.0030487804
17029 0.0030487804
15749 0.0060975607
9862 0.015243903
20360 0.0030487804
11659 0.0030487804
11406 0.0030487804
17294 0.0030487804
3982 0.0030487804
7567 0.0030487804
6032 0.0030487804
10896 0.0030487804
10897 0.009146341
20883 0.0030487804
8342 0.0030487804
7830 0.0060975607
8343 0.0060975607
11932 0.0060975607
669 0.0030487804
20127 0.0030487804
3745 0.0030487804
3489 0.0030487804
1697 0.0030487804
930 0.0030487804
4517 0.015243903
11432 0.0030487804
4526 0.0030487804
9393 0.0030487804
17329 0.015243903
20405 0.024390243
19126 0.0030487804
184 0.0030487804
4025 0.0030487804
15034 0.0030487804
6588 0.0060975607
7357 0.0030487804
3262 0.0030487804
16064 0.0030487804
19137 0.0030487804
5314 0.0030487804
21698 0.0060975607
10691 0.015243903
14533 0.0030487804
9413 0.0030487804
10949 0.0060975607
16582 0.0030487804
1224 0.0030487804
3530 0.0030487804
18378 0.0060975607
716 0.0030487804
13260 0.0121951215
19917 0.0030487804
14798 0.0060975607
9424 0.0030487804
13521 0.0030487804
11474 0.0030487804
10451 0.039634146
11220 0.0030487804
20437 0.0030487804
20696 0.0060975607
3288 0.0060975607
1241 0.0030487804
14300 0.0030487804
13532 0.0121951215
12765 0.0030487804
6368 0.0030487804
5859 0.0060975607
9188 0.0030487804
3300 0.0030487804
6116 0.0030487804
5349 0.0060975607
20453 0.009146341
8422 0.0030487804
1254 0.0060975607
2791 0.0030487804
7914 0.0030487804
14060 0.0060975607
16621 0.0060975607
1006 0.0121951215
8175 0.0030487804
12016 0.0030487804
11504 0.0030487804
20723 0.0030487804
17653 0.0030487804
14838 0.0030487804
11512 0.036585364
6397 0.0030487804
9727 0.0030487804
6143 0.0060975607
