8194 0.0070921984
5893 0.035460994
10246 0.0035460992
16390 0.0070921984
10763 0.0070921984
5900 0.0070921984
5903 0.0035460992
10767 0.0070921984
8208 0.0035460992
22035 0.0035460992
2836 0.0035460992
22294 0.0070921984
19736 0.021276595
4635 0.017730497
797 0.0035460992
15902 0.0035460992
10016 0.0035460992
6688 0.0070921984
21537 0.0035460992
16676 0.0035460992
21541 0.0035460992
10025 0.010638298
13613 0.014184397
19249 0.0070921984
14650 0.010638298
18493 0.0035460992
17981 0.0035460992
11327 0.0035460992
18239 0.014184397
10821 0.014184397
12614 0.0035460992
18758 0.0070921984
4934 0.010638298
12871 0.0035460992
8263 0.0035460992
2119 0.0035460992
18251 0.04964539
20813 0.0035460992
10065 0.0035460992
9557 0.010638298
20310 0.0035460992
18263 0.0035460992
8282 0.0070921984
20571 0.0035460992
3419 0.0035460992
7516 0.0035460992
349 0.0035460992
8797 0.0035460992
9310 0.0070921984
6239 0.0035460992
16481 0.0035460992
11362 0.0035460992
20579 0.0070921984
2662 0.0035460992
3430 0.0070921984
4714 0.0070921984
15469 0.0035460992
109 0.0070921984
884 0.0035460992
19062 0.0070921984
12664 0.0035460992
6525 0.0035460992
19581 0.014184397
21632 0.0035460992
16514 0.0035460992
13186 0.010638298
11141 0.0035460992
9862 0.0035460992
21385 0.0035460992
11145 0.0070921984
8843 0.0035460992
13709 0.0070921984
18064 0.0035460992
8592 0.0035460992
10897 0.0070921984
8082 0.0035460992
150 0.0035460992
8855 0.028368793
10649 0.0035460992
11932 0.0070921984
18589 0.0070921984
927 0.0035460992
13983 0.0070921984
3745 0.0070921984
14757 0.0035460992
13480 0.0035460992
17329 0.0070921984
20402 0.0035460992
8371 0.0035460992
180 0.0035460992
20405 0.028368793
11447 0.0035460992
15543 0.0035460992
184 0.0035460992
4024 0.0070921984
16058 0.0035460992
7356 0.0035460992
12734 0.0070921984
18623 0.0035460992
16064 0.0035460992
1473 0.0035460992
963 0.0035460992
10691 0.0035460992
16582 0.0070921984
9926 0.0070921984
1482 0.0035460992
716 0.0070921984
22222 0.0035460992
12495 0.0070921984
1488 0.010638298
13521 0.0035460992
10451 0.04964539
10710 0.0035460992
3288 0.0035460992
20696 0.039007094
17625 0.0035460992
7897 0.0035460992
7642 0.0035460992
13532 0.0035460992
4319 0.017730497
20712 0.0035460992
15593 0.0035460992
1006 0.0035460992
21487 0.0035460992
12016 0.0035460992
11504 0.010638298
1524 0.017730497
21493 0.0035460992
11512 0.05319149
22009 0.0035460992
3323 0.0035460992
20220 0.0035460992
3839 0.014184397
