7680 0.0033444816
8194 0.006688963
9988 0.0033444816
5893 0.036789298
10246 0.006688963
16390 0.02341137
17415 0.0033444816
7179 0.0033444816
5900 0.0033444816
3084 0.006688963
15629 0.006688963
10767 0.006688963
20496 0.0033444816
17170 0.0033444816
22294 0.0033444816
19736 0.006688963
4635 0.013377926
12321 0.0033444816
11298 0.006688963
9250 0.026755853
15397 0.0033444816
22053 0.0033444816
12325 0.0033444816
2602 0.0033444816
12330 0.0033444816
1837 0.0033444816
3118 0.0033444816
10546 0.006688963
6450 0.006688963
20020 0.0100334445
14903 0.0033444816
311 0.0033444816
14650 0.013377926
4923 0.0033444816
10813 0.0033444816
319 0.006688963
18239 0.006688963
13377 0.0033444816
10821 0.026755853
12871 0.0033444816
6215 0.0033444816
8263 0.0033444816
10312 0.006688963
18251 0.0033444816
14158 0.013377926
3922 0.0033444816
8021 0.0033444816
20309 0.013377926
11350 0.0033444816
18263 0.013377926
20315 0.0033444816
2397 0.0033444816
14173 0.0033444816
9310 0.006688963
6239 0.0033444816
18528 0.0033444816
16481 0.0033444816
20579 0.0033444816
3430 0.016722407
15209 0.0033444816
4714 0.0100334445
10094 0.006688963
2674 0.0033444816
4466 0.0033444816
11635 0.0100334445
884 0.0100334445
10101 0.0033444816
21110 0.0033444816
19062 0.0033444816
15227 0.0033444816
6525 0.0033444816
19581 0.006688963
3455 0.0033444816
21632 0.0033444816
13186 0.0033444816
2435 0.0033444816
6021 0.0033444816
9862 0.006688963
6286 0.0033444816
6032 0.0033444816
8592 0.0033444816
9361 0.0033444816
6289 0.0033444816
10897 0.020066889
8855 0.0033444816
12183 0.0033444816
8343 0.0100334445
10649 0.0033444816
14490 0.0033444816
15003 0.0033444816
9374 0.0033444816
4510 0.0100334445
16287 0.0033444816
13983 0.0100334445
3745 0.013377926
8097 0.020066889
16805 0.0033444816
7082 0.0033444816
13485 0.0033444816
19886 0.0033444816
3503 0.0100334445
20402 0.0033444816
14514 0.0033444816
9394 0.0033444816
17075 0.0033444816
20405 0.016722407
19126 0.0033444816
184 0.0033444816
15034 0.006688963
6588 0.006688963
14525 0.006688963
12734 0.0033444816
16064 0.0033444816
9152 0.006688963
21698 0.0033444816
10691 0.0033444816
3524 0.0033444816
14533 0.0033444816
16582 0.0100334445
3532 0.0033444816
9935 0.0033444816
12495 0.0033444816
2256 0.0033444816
13521 0.0033444816
18385 0.006688963
1746 0.0033444816
10451 0.050167225
7381 0.0033444816
20437 0.0033444816
11734 0.0033444816
20696 0.013377926
5849 0.0033444816
21465 0.006688963
1754 0.0033444816
3293 0.0033444816
3038 0.0033444816
4319 0.0033444816
9951 0.0033444816
6368 0.006688963
13281 0.0033444816
11235 0.0033444816
6116 0.0033444816
11236 0.0033444816
20453 0.006688963
6886 0.0033444816
7654 0.0033444816
8422 0.006688963
1006 0.016722407
21487 0.0033444816
12016 0.0033444816
20723 0.0033444816
21235 0.0033444816
12020 0.006688963
11512 0.033444814
3323 0.0033444816
5115 0.0033444816
3839 0.0033444816
6143 0.006688963
