9988 0.0035714286
5893 0.03214286
13318 0.0035714286
16390 0.007142857
10246 0.017857144
20231 0.0035714286
17415 0.0035714286
9227 0.007142857
15629 0.0035714286
5903 0.007142857
1295 0.007142857
20754 0.0035714286
19736 0.007142857
8474 0.0035714286
4635 0.014285714
14365 0.0035714286
6687 0.0035714286
31 0.014285714
9250 0.0035714286
298 0.0035714286
18731 0.010714286
6444 0.0035714286
13613 0.007142857
12592 0.0035714286
8243 0.0035714286
14388 0.0035714286
4665 0.007142857
1594 0.0035714286
14650 0.067857146
10811 0.0035714286
2620 0.0035714286
7486 0.0035714286
11327 0.0035714286
18239 0.010714286
13891 0.0035714286
5956 0.0035714286
10821 0.014285714
18758 0.0035714286
12871 0.0035714286
8263 0.0035714286
4169 0.0035714286
18251 0.046428572
12109 0.0035714286
11598 0.0035714286
16207 0.0035714286
12624 0.0035714286
2130 0.0035714286
3922 0.0035714286
10322 0.0035714286
9813 0.0035714286
18263 0.007142857
13659 0.0035714286
3675 0.0035714286
19805 0.007142857
16481 0.0035714286
21345 0.0035714286
7265 0.0035714286
20579 0.0035714286
17252 0.0035714286
21872 0.0035714286
11635 0.007142857
884 0.0035714286
21621 0.014285714
19581 0.0035714286
3199 0.007142857
21632 0.0035714286
11905 0.0035714286
16003 0.0035714286
8836 0.0035714286
8070 0.007142857
9862 0.007142857
6286 0.0035714286
12176 0.007142857
18064 0.007142857
17553 0.0035714286
10897 0.007142857
16531 0.0035714286
19603 0.0035714286
12180 0.0035714286
7830 0.007142857
13210 0.0035714286
11932 0.014285714
4510 0.0035714286
3745 0.0035714286
18340 0.0035714286
15528 0.010714286
5292 0.0035714286
11692 0.007142857
6573 0.0035714286
19886 0.007142857
20405 0.025
184 0.0035714286
21178 0.0035714286
4286 0.0035714286
10944 0.0035714286
6850 0.0035714286
16582 0.007142857
1482 0.0035714286
716 0.0035714286
6607 0.007142857
1488 0.0035714286
13521 0.0035714286
10451 0.06428572
3540 0.0035714286
5845 0.0035714286
16599 0.007142857
3288 0.0035714286
20696 0.017857144
21465 0.0035714286
7897 0.007142857
5083 0.007142857
14300 0.0035714286
13532 0.007142857
19166 0.0035714286
4319 0.007142857
20196 0.0035714286
6116 0.010714286
5861 0.007142857
18414 0.0035714286
1006 0.007142857
12016 0.007142857
3058 0.0035714286
21235 0.0035714286
499 0.0035714286
20723 0.010714286
22005 0.0035714286
10488 0.0035714286
11512 0.057142857
2041 0.03214286
253 0.007142857
6143 0.010714286
