7680 0.0038314175
8194 0.0038314175
5893 0.042145595
16390 0.0038314175
10246 0.007662835
17415 0.011494253
2057 0.0038314175
21262 0.0038314175
13844 0.0038314175
2836 0.0038314175
19736 0.022988506
8218 0.0038314175
4635 0.007662835
14365 0.007662835
12830 0.0038314175
15902 0.0038314175
13855 0.0038314175
31 0.011494253
9250 0.01532567
17700 0.0038314175
21541 0.0038314175
12325 0.007662835
3625 0.0038314175
13613 0.01532567
13621 0.0038314175
55 0.0038314175
7224 0.0038314175
14650 0.007662835
18239 0.038314175
11328 0.0038314175
1858 0.0038314175
17476 0.0038314175
2373 0.0038314175
10821 0.0038314175
4934 0.0038314175
12871 0.0038314175
8263 0.0038314175
17736 0.0038314175
7498 0.0038314175
18251 0.0038314175
16717 0.0038314175
17230 0.0038314175
7252 0.0038314175
20821 0.0038314175
11350 0.0038314175
20823 0.0038314175
18263 0.0038314175
15962 0.0038314175
13659 0.007662835
16481 0.0038314175
21345 0.0038314175
7522 0.007662835
10083 0.0038314175
20579 0.0038314175
4963 0.0038314175
2662 0.0038314175
3430 0.007662835
14953 0.007662835
109 0.0038314175
5231 0.0038314175
10097 0.0038314175
15474 0.0038314175
11635 0.007662835
884 0.019157087
21621 0.011494253
20345 0.0038314175
8573 0.007662835
19581 0.022988506
18814 0.0038314175
21632 0.0038314175
4740 0.0038314175
3204 0.0038314175
9862 0.0038314175
8070 0.0038314175
8843 0.007662835
17294 0.0038314175
8592 0.0038314175
9616 0.0038314175
9360 0.0038314175
9361 0.0038314175
17553 0.007662835
10897 0.011494253
17298 0.0038314175
1427 0.0038314175
19603 0.0038314175
18836 0.0038314175
150 0.0038314175
8343 0.007662835
10649 0.0038314175
13210 0.0038314175
7834 0.0038314175
10651 0.0038314175
11932 0.0038314175
927 0.011494253
3745 0.011494253
14757 0.0038314175
7077 0.007662835
9387 0.0038314175
21932 0.0038314175
20140 0.007662835
19886 0.01532567
6575 0.0038314175
17840 0.0038314175
10417 0.011494253
20402 0.0038314175
20405 0.022988506
12470 0.0038314175
184 0.0038314175
12734 0.0038314175
3522 0.007662835
16582 0.0038314175
19917 0.0038314175
9935 0.01532567
13521 0.0038314175
10451 0.03448276
11221 0.0038314175
20696 0.0038314175
21465 0.022988506
4314 0.007662835
13532 0.01532567
226 0.0038314175
6116 0.007662835
6886 0.0038314175
20712 0.0038314175
744 0.022988506
7914 0.0038314175
1006 0.011494253
21487 0.03065134
11504 0.0038314175
17138 0.0038314175
13044 0.0038314175
15606 0.0038314175
11256 0.0038314175
11512 0.042145595
3323 0.011494253
5631 0.0038314175
