19712 0.013953488
8194 0.0023255814
1283 0.0023255814
8709 0.0023255814
16390 0.0023255814
10246 0.009302326
20999 0.0023255814
10248 0.004651163
12811 0.0023255814
5900 0.0023255814
15629 0.0023255814
5903 0.0023255814
10767 0.0023255814
8208 0.004651163
20753 0.0023255814
2836 0.0023255814
13844 0.0023255814
2837 0.0023255814
22294 0.0023255814
19736 0.020930232
8218 0.0023255814
13855 0.0023255814
14879 0.0023255814
19488 0.0023255814
13857 0.0023255814
9250 0.0023255814
8485 0.0023255814
21541 0.004651163
4903 0.0023255814
6952 0.004651163
298 0.0023255814
10284 0.006976744
13613 0.009302326
1072 0.05116279
20020 0.0023255814
14905 0.0023255814
5434 0.0023255814
20538 0.0023255814
14650 0.004651163
22076 0.0023255814
20797 0.0023255814
8254 0.004651163
17727 0.0023255814
11327 0.0023255814
18239 0.018604651
11073 0.004651163
10563 0.0023255814
18501 0.0023255814
10821 0.009302326
12871 0.0023255814
8263 0.004651163
18251 0.04883721
2380 0.0023255814
20813 0.0023255814
10065 0.0023255814
10321 0.0023255814
2897 0.004651163
7252 0.0023255814
18263 0.0023255814
14680 0.0023255814
2140 0.0023255814
6239 0.0023255814
16481 0.0023255814
11617 0.0023255814
7265 0.0023255814
21345 0.004651163
20579 0.004651163
5990 0.0023255814
2662 0.004651163
15975 0.0023255814
15209 0.0023255814
17258 0.0023255814
8554 0.0023255814
4714 0.006976744
874 0.006976744
6509 0.0023255814
12398 0.004651163
18544 0.006976744
11635 0.011627907
884 0.0023255814
19062 0.004651163
8569 0.0023255814
11643 0.0023255814
11644 0.0023255814
19581 0.018604651
21632 0.0023255814
13186 0.004651163
2690 0.004651163
16003 0.037209302
11141 0.006976744
13958 0.0023255814
9862 0.004651163
16520 0.0023255814
6286 0.004651163
6032 0.0023255814
9360 0.0023255814
17553 0.0023255814
10897 0.01627907
13972 0.0023255814
22165 0.0023255814
11925 0.03255814
150 0.0023255814
8343 0.0023255814
10651 0.0023255814
1948 0.0023255814
11932 0.0023255814
13983 0.0023255814
20127 0.0023255814
3745 0.004651163
1701 0.0023255814
9637 0.0023255814
7333 0.0023255814
941 0.0023255814
13485 0.0023255814
1966 0.0023255814
19886 0.020930232
14514 0.004651163
14515 0.0023255814
8371 0.0023255814
6325 0.0023255814
20405 0.037209302
12470 0.0023255814
19126 0.0023255814
184 0.0023255814
18872 0.0023255814
6588 0.004651163
4798 0.0023255814
21696 0.0023255814
5825 0.004651163
3522 0.0023255814
4290 0.0023255814
21698 0.0023255814
11460 0.0023255814
16582 0.0023255814
11718 0.0023255814
7110 0.004651163
1482 0.0023255814
715 0.004651163
13521 0.0023255814
10451 0.03255814
7124 0.027906977
20696 0.027906977
9689 0.0023255814
7897 0.0023255814
21465 0.013953488
14300 0.0023255814
9951 0.0023255814
4319 0.034883723
9442 0.0023255814
17890 0.004651163
5859 0.006976744
3300 0.0023255814
20196 0.0023255814
5349 0.004651163
6886 0.004651163
6888 0.0023255814
7914 0.009302326
21483 0.0023255814
15854 0.0023255814
1006 0.011627907
21487 0.0023255814
20723 0.0023255814
14838 0.004651163
15608 0.004651163
11512 0.05116279
15610 0.0023255814
3323 0.0023255814
11259 0.0023255814
5631 0.0023255814
