21632 0.006024096
4100 0.006024096
10246 0.006024096
19718 0.006024096
9862 0.024096385
8070 0.024096385
20360 0.012048192
15244 0.006024096
12429 0.006024096
11151 0.006024096
10767 0.006024096
6032 0.006024096
10896 0.006024096
10897 0.024096385
20886 0.006024096
8343 0.006024096
19736 0.018072288
19737 0.060240965
14490 0.006024096
21786 0.006024096
19484 0.006024096
13855 0.006024096
11808 0.012048192
3745 0.006024096
9250 0.006024096
21541 0.018072288
169 0.006024096
13610 0.006024096
46 0.006024096
15662 0.006024096
20784 0.006024096
8368 0.012048192
17840 0.012048192
19249 0.006024096
7090 0.006024096
20020 0.006024096
21044 0.006024096
15415 0.012048192
20280 0.006024096
14394 0.006024096
14650 0.012048192
19518 0.006024096
8894 0.006024096
18623 0.006024096
18239 0.018072288
10817 0.006024096
11073 0.018072288
10691 0.006024096
10821 0.012048192
16582 0.012048192
18758 0.018072288
12871 0.006024096
8263 0.018072288
1224 0.018072288
18251 0.006024096
716 0.018072288
13521 0.006024096
10451 0.024096385
21588 0.018072288
20310 0.006024096
11607 0.006024096
18263 0.060240965
20696 0.006024096
1498 0.006024096
13532 0.006024096
16605 0.012048192
9951 0.006024096
13919 0.006024096
6239 0.006024096
7135 0.006024096
15712 0.006024096
16481 0.006024096
21345 0.006024096
20065 0.006024096
7265 0.024096385
20579 0.018072288
20453 0.012048192
16871 0.006024096
14060 0.012048192
17388 0.024096385
17389 0.006024096
109 0.006024096
18414 0.006024096
5361 0.006024096
17265 0.006024096
8177 0.006024096
20723 0.006024096
11635 0.006024096
884 0.018072288
11512 0.006024096
2041 0.006024096
3323 0.006024096
1789 0.012048192
19581 0.018072288
