7680 0.0034364262
4100 0.010309278
5893 0.03780069
10246 0.0068728523
5900 0.0068728523
15374 0.0034364262
5903 0.0034364262
13844 0.0034364262
6934 0.0068728523
19736 0.030927835
4635 0.0068728523
15900 0.010309278
13343 0.0068728523
6688 0.0034364262
18208 0.0068728523
9250 0.020618556
8485 0.0034364262
21541 0.0034364262
4903 0.0034364262
11052 0.0034364262
10284 0.0068728523
13613 0.0068728523
18991 0.0034364262
20784 0.0034364262
22064 0.0068728523
10546 0.0034364262
21558 0.0034364262
2870 0.0034364262
14650 0.0068728523
7743 0.0034364262
18239 0.010309278
11327 0.010309278
18501 0.0034364262
10821 0.020618556
4934 0.0034364262
12871 0.0034364262
2119 0.0034364262
8263 0.013745705
18251 0.03436426
18253 0.0034364262
16717 0.0068728523
2897 0.0034364262
13651 0.0034364262
1875 0.0034364262
7252 0.0034364262
18263 0.0034364262
20571 0.0034364262
16736 0.010309278
16481 0.0034364262
21345 0.0034364262
7265 0.0068728523
11363 0.0034364262
4963 0.0034364262
14692 0.0068728523
2662 0.01718213
4714 0.010309278
6509 0.0034364262
2674 0.0034364262
11635 0.02749141
884 0.0034364262
19062 0.0034364262
19581 0.03780069
21632 0.0034364262
2690 0.0034364262
16003 0.03780069
11141 0.0034364262
9862 0.0068728523
6537 0.0034364262
12937 0.0068728523
1674 0.0034364262
6032 0.0034364262
10897 0.048109967
15509 0.0034364262
11925 0.0034364262
8343 0.013745705
21401 0.0034364262
22169 0.0034364262
11419 0.0034364262
3745 0.010309278
15528 0.0034364262
5801 0.0034364262
6828 0.0034364262
12205 0.0034364262
2226 0.0034364262
14514 0.0034364262
14515 0.0034364262
20405 0.030927835
19126 0.0034364262
18623 0.0034364262
5825 0.01718213
10691 0.010309278
9157 0.010309278
16582 0.0034364262
2758 0.010309278
14798 0.0034364262
718 0.0068728523
20176 0.0034364262
13521 0.0034364262
10451 0.020618556
1241 0.0034364262
20188 0.0068728523
4319 0.030927835
8163 0.0034364262
5859 0.0034364262
3300 0.0034364262
21733 0.0034364262
5349 0.0034364262
20453 0.0034364262
16871 0.0034364262
3304 0.0034364262
14829 0.013745705
1006 0.024054984
12016 0.0034364262
12020 0.0034364262
14838 0.0068728523
5623 0.0034364262
15608 0.0068728523
11512 0.03436426
22009 0.0034364262
14585 0.0034364262
3323 0.0034364262
10492 0.0034364262
