8194 0.003533569
5892 0.007067138
5893 0.021201413
10246 0.007067138
18183 0.003533569
17415 0.003533569
10248 0.003533569
4617 0.007067138
5900 0.003533569
15629 0.003533569
10767 0.003533569
787 0.003533569
2836 0.003533569
13844 0.003533569
8468 0.007067138
19736 0.010600707
4635 0.010600707
21278 0.003533569
10783 0.003533569
14625 0.003533569
11298 0.003533569
9250 0.014134276
4643 0.003533569
6435 0.003533569
20516 0.003533569
21541 0.003533569
2854 0.003533569
15142 0.003533569
7208 0.007067138
298 0.003533569
2602 0.003533569
21291 0.003533569
4141 0.003533569
15662 0.003533569
20784 0.003533569
22064 0.003533569
4915 0.003533569
5428 0.003533569
21044 0.003533569
15413 0.003533569
14903 0.003533569
14650 0.007067138
18239 0.017667845
11327 0.017667845
11073 0.010600707
18758 0.003533569
8262 0.003533569
12871 0.003533569
8263 0.003533569
13641 0.003533569
18251 0.028268551
5196 0.003533569
3154 0.003533569
3922 0.003533569
21588 0.003533569
8021 0.003533569
18263 0.003533569
16984 0.003533569
22110 0.003533569
8288 0.003533569
16481 0.003533569
8545 0.003533569
10083 0.003533569
20579 0.003533569
13670 0.003533569
109 0.003533569
1391 0.007067138
5235 0.007067138
11635 0.017667845
884 0.007067138
21621 0.010600707
19830 0.003533569
19062 0.010600707
7292 0.003533569
19581 0.021201413
21632 0.003533569
20608 0.003533569
8070 0.007067138
9862 0.007067138
3464 0.003533569
3210 0.003533569
11406 0.003533569
17294 0.003533569
8336 0.003533569
17553 0.003533569
10897 0.03533569
12180 0.003533569
2197 0.010600707
150 0.003533569
8343 0.010600707
21401 0.003533569
11932 0.003533569
4510 0.003533569
20127 0.003533569
8097 0.014134276
3745 0.021201413
14755 0.003533569
7082 0.003533569
21931 0.003533569
2731 0.003533569
19886 0.003533569
21679 0.014134276
13235 0.003533569
14515 0.010600707
9141 0.003533569
20405 0.010600707
12470 0.003533569
14520 0.003533569
7865 0.003533569
11706 0.003533569
18623 0.003533569
16064 0.003533569
10691 0.003533569
9412 0.003533569
3268 0.003533569
11718 0.003533569
16582 0.010600707
2758 0.014134276
716 0.003533569
718 0.003533569
13521 0.003533569
10451 0.017667845
9685 0.003533569
11221 0.007067138
17366 0.003533569
16599 0.007067138
21465 0.007067138
4314 0.003533569
15323 0.010600707
13532 0.021201413
4319 0.010600707
12768 0.003533569
2531 0.003533569
3300 0.003533569
20196 0.003533569
6116 0.007067138
20453 0.003533569
5349 0.003533569
16871 0.003533569
2791 0.007067138
20712 0.003533569
16621 0.003533569
9710 0.003533569
1006 0.028268551
8175 0.003533569
18159 0.003533569
21487 0.003533569
12016 0.017667845
20723 0.003533569
21236 0.003533569
15608 0.003533569
11512 0.049469966
2041 0.010600707
