8194 0.0037037036
5892 0.0074074073
8709 0.0037037036
5893 0.02962963
10246 0.011111111
5900 0.0037037036
15629 0.0037037036
5903 0.0037037036
10767 0.018518519
13844 0.0037037036
19736 0.0074074073
4635 0.014814815
14882 0.0074074073
11298 0.0074074073
12836 0.0037037036
10025 0.0074074073
18731 0.0037037036
13613 0.0037037036
20784 0.0037037036
19249 0.0037037036
19250 0.0037037036
6450 0.0037037036
21044 0.0037037036
20020 0.0074074073
3893 0.0037037036
14394 0.0037037036
3130 0.0037037036
14650 0.0037037036
9279 0.0037037036
11327 0.0074074073
18239 0.014814815
11073 0.0037037036
21569 0.0037037036
1858 0.0037037036
18758 0.0037037036
8262 0.0074074073
12871 0.0037037036
6215 0.0037037036
8263 0.018518519
4169 0.0037037036
18251 0.02962963
20813 0.0037037036
10831 0.0037037036
21588 0.0037037036
20823 0.0037037036
4440 0.0037037036
14431 0.0037037036
13919 0.018518519
16481 0.0037037036
10083 0.018518519
2662 0.0037037036
3430 0.0074074073
18280 0.0037037036
17513 0.0037037036
13929 0.0074074073
8554 0.0037037036
11116 0.0037037036
14189 0.0037037036
10094 0.0037037036
19310 0.0037037036
16495 0.0037037036
11635 0.025925925
884 0.0037037036
21621 0.011111111
19062 0.011111111
12923 0.09259259
19581 0.018518519
21632 0.0037037036
21888 0.0037037036
3456 0.011111111
11141 0.0037037036
9862 0.0037037036
8070 0.014814815
16520 0.0037037036
17294 0.0037037036
11151 0.0074074073
7567 0.0074074073
20624 0.0037037036
10897 0.025925925
9619 0.0037037036
4758 0.0037037036
20886 0.0074074073
8342 0.025925925
8343 0.0074074073
4513 0.0074074073
3745 0.011111111
19621 0.0037037036
15528 0.0037037036
6317 0.0037037036
11184 0.0037037036
14514 0.0037037036
8371 0.011111111
20405 0.0074074073
4025 0.0037037036
21698 0.0037037036
9666 0.022222223
2758 0.0037037036
16582 0.018518519
716 0.0037037036
3532 0.0037037036
14798 0.0037037036
13521 0.0037037036
10451 0.05185185
20696 0.0074074073
13532 0.0037037036
16605 0.0037037036
18143 0.0037037036
4319 0.0037037036
6116 0.0074074073
5861 0.0037037036
6886 0.0037037036
4333 0.0037037036
1006 0.0037037036
18414 0.0037037036
12016 0.0074074073
20723 0.0037037036
7160 0.0037037036
11512 0.02962963
20217 0.0037037036
8444 0.0037037036
253 0.0037037036
5631 0.0037037036
6143 0.011111111
