17666 0.0036630037
5892 0.0036630037
5893 0.032967035
16390 0.0036630037
10246 0.0073260074
17415 0.0036630037
7434 0.0036630037
16396 0.0036630037
3084 0.0036630037
1295 0.0036630037
2063 0.0036630037
10255 0.0036630037
5903 0.0073260074
15376 0.0073260074
14099 0.010989011
13334 0.010989011
22294 0.010989011
19736 0.021978023
16409 0.0036630037
4635 0.010989011
16669 0.0073260074
16926 0.0036630037
15902 0.0036630037
6688 0.0036630037
12321 0.0036630037
9250 0.0036630037
11298 0.0073260074
3619 0.0036630037
8237 0.0073260074
13613 0.0073260074
18222 0.0073260074
20784 0.0036630037
12849 0.0036630037
10546 0.0036630037
8243 0.0036630037
21044 0.0073260074
18996 0.010989011
14394 0.0036630037
14650 0.0036630037
18239 0.0073260074
11327 0.01831502
10821 0.0036630037
4934 0.0073260074
12871 0.0036630037
8263 0.0073260074
17738 0.0036630037
15690 0.0036630037
18251 0.010989011
2128 0.0036630037
10321 0.0036630037
3922 0.0073260074
18263 0.014652015
19034 0.0036630037
22108 0.0036630037
14173 0.0036630037
9310 0.0036630037
7518 0.0036630037
8287 0.0036630037
13919 0.0073260074
8288 0.0036630037
16481 0.0036630037
21857 0.0036630037
21345 0.010989011
15971 0.0036630037
20579 0.0036630037
3430 0.0036630037
3943 0.014652015
6515 0.0036630037
18547 0.0036630037
11635 0.0073260074
6007 0.0036630037
19581 0.01831502
21632 0.0036630037
13186 0.0036630037
9862 0.014652015
20876 0.0036630037
3982 0.0036630037
11151 0.0036630037
10896 0.0036630037
8592 0.0036630037
1168 0.0036630037
20624 0.010989011
17553 0.0036630037
10897 0.021978023
16789 0.0036630037
20886 0.0036630037
8343 0.010989011
21401 0.014652015
2973 0.0036630037
13983 0.0036630037
3745 0.0073260074
10917 0.0036630037
9387 0.0073260074
10417 0.0073260074
20405 0.02930403
15543 0.0036630037
2231 0.0036630037
18872 0.0036630037
11195 0.025641026
3262 0.0036630037
963 0.0036630037
10691 0.0036630037
16582 0.0036630037
20426 0.0073260074
19917 0.0036630037
11215 0.0036630037
1488 0.0036630037
13521 0.0036630037
11219 0.0036630037
10451 0.04761905
12760 0.0036630037
3288 0.0036630037
20696 0.021978023
7897 0.010989011
21465 0.021978023
218 0.0036630037
17115 0.0036630037
220 0.0073260074
4319 0.01831502
6368 0.0073260074
5859 0.0036630037
8163 0.0073260074
6116 0.0073260074
5861 0.0036630037
7914 0.0036630037
14060 0.0036630037
1006 0.014652015
13039 0.0036630037
12016 0.010989011
20723 0.0073260074
14584 0.0036630037
11512 0.04029304
5631 0.0036630037
6143 0.014652015
