8193 0.0032894737
8194 0.0065789474
10499 0.0032894737
5892 0.0065789474
5893 0.013157895
10246 0.0032894737
16390 0.02631579
17415 0.049342107
10763 0.0032894737
3339 0.0032894737
16396 0.0032894737
15629 0.0032894737
20750 0.0032894737
2063 0.0032894737
1295 0.0032894737
22035 0.0032894737
8468 0.009868421
19736 0.023026315
3097 0.009868421
4635 0.009868421
10012 0.0032894737
8735 0.0032894737
11040 0.0032894737
12321 0.0032894737
9250 0.0065789474
20516 0.0032894737
19495 0.0032894737
4903 0.0032894737
13097 0.0032894737
20784 0.0032894737
14129 0.0032894737
19250 0.0032894737
20020 0.009868421
17464 0.0032894737
14394 0.0065789474
14650 0.013157895
11327 0.0032894737
18239 0.019736841
8257 0.0032894737
4674 0.0032894737
18501 0.0032894737
13125 0.0065789474
4934 0.0032894737
8263 0.0065789474
12871 0.0065789474
18251 0.0065789474
16717 0.009868421
11598 0.0065789474
337 0.0032894737
19286 0.0032894737
1367 0.0032894737
18263 0.039473683
1114 0.0032894737
15963 0.0032894737
13659 0.0065789474
13919 0.0032894737
16481 0.0032894737
20579 0.016447369
5990 0.009868421
3430 0.009868421
14185 0.0032894737
15209 0.0032894737
874 0.0032894737
5482 0.0032894737
21872 0.0032894737
8561 0.0032894737
11635 0.0032894737
884 0.013157895
9591 0.0032894737
15992 0.0065789474
8314 0.0032894737
15484 0.0032894737
6525 0.0032894737
19581 0.009868421
21632 0.0032894737
8836 0.0032894737
17029 0.0032894737
8070 0.0032894737
9862 0.065789476
6032 0.0032894737
14992 0.0032894737
10897 0.013157895
8855 0.0032894737
8343 0.009868421
16024 0.0065789474
13983 0.0032894737
20127 0.0032894737
3745 0.013157895
10409 0.0032894737
2473 0.0065789474
7082 0.0032894737
13485 0.0032894737
13230 0.0032894737
21679 0.0032894737
9393 0.0032894737
9139 0.0032894737
1716 0.0032894737
2740 0.0032894737
11188 0.0032894737
20405 0.019736841
19126 0.0032894737
12734 0.0032894737
18623 0.0032894737
3522 0.009868421
10691 0.0032894737
3268 0.0032894737
16582 0.0065789474
2758 0.0065789474
18378 0.0065789474
716 0.0032894737
8140 0.0032894737
13260 0.009868421
2509 0.009868421
12495 0.0032894737
20176 0.0032894737
13521 0.0032894737
10451 0.04605263
7124 0.0032894737
9685 0.0032894737
20437 0.019736841
11734 0.0032894737
21976 0.0032894737
16605 0.0032894737
17378 0.0065789474
6116 0.0065789474
5349 0.0032894737
20453 0.0065789474
8422 0.0065789474
6886 0.019736841
13799 0.0032894737
11241 0.0065789474
1006 0.009868421
11512 0.04276316
20217 0.0032894737
7421 0.0032894737
22270 0.0032894737
