4100 0.0030395137
18693 0.009118541
5893 0.045592707
1030 0.0030395137
10246 0.009118541
20231 0.0030395137
6409 0.009118541
3339 0.0030395137
16396 0.0030395137
5900 0.0030395137
5903 0.0030395137
10767 0.0060790274
2836 0.0030395137
13334 0.0030395137
1048 0.0030395137
19736 0.02431611
4635 0.012158055
13610 0.0030395137
18731 0.0060790274
18989 0.0030395137
20784 0.0030395137
8498 0.0030395137
4403 0.0030395137
21559 0.012158055
9017 0.0030395137
1081 0.0030395137
3130 0.0030395137
14650 0.0060790274
4923 0.0030395137
14140 0.0030395137
11327 0.009118541
9542 0.0030395137
12871 0.0030395137
8263 0.0060790274
9801 0.015197569
10826 0.0030395137
18251 0.018237082
20556 0.0030395137
16717 0.0030395137
5453 0.0030395137
2897 0.0030395137
21588 0.0030395137
16724 0.0030395137
20309 0.0030395137
18263 0.0060790274
6231 0.0060790274
3673 0.0030395137
18778 0.0030395137
13659 0.0060790274
14684 0.0030395137
9820 0.0030395137
6239 0.009118541
7007 0.012158055
22111 0.015197569
1376 0.0030395137
16736 0.05775076
16481 0.0030395137
21345 0.0060790274
11362 0.0030395137
10083 0.0060790274
3430 0.012158055
15209 0.0030395137
13929 0.009118541
8811 0.0030395137
9073 0.0060790274
21364 0.0030395137
884 0.009118541
10102 0.0030395137
15484 0.0030395137
8573 0.012158055
19581 0.015197569
21632 0.0030395137
8320 0.0030395137
14722 0.0030395137
11396 0.0030395137
2183 0.0030395137
7567 0.0030395137
10897 0.015197569
21650 0.0030395137
16531 0.0030395137
2199 0.0030395137
8343 0.009118541
924 0.0030395137
11932 0.0060790274
21661 0.012158055
20127 0.0030395137
3745 0.009118541
15528 0.0030395137
20648 0.0060790274
14254 0.0030395137
10415 0.0030395137
19888 0.0060790274
8368 0.009118541
12468 0.0030395137
13492 0.0030395137
1716 0.0030395137
7093 0.0030395137
20405 0.03343465
8384 0.0030395137
6336 0.0030395137
3268 0.0060790274
9157 0.009118541
16582 0.009118541
13255 0.012158055
6344 0.009118541
16841 0.0030395137
4809 0.0060790274
715 0.0030395137
13260 0.0030395137
18125 0.0030395137
19917 0.0030395137
20942 0.0060790274
1488 0.027355623
13521 0.0030395137
10451 0.021276595
6359 0.0030395137
16599 0.012158055
20696 0.04255319
4314 0.0030395137
20959 0.0060790274
4319 0.009118541
12001 0.0030395137
6116 0.0030395137
20453 0.0030395137
5861 0.0060790274
7660 0.0060790274
13038 0.0030395137
1006 0.0030395137
19696 0.009118541
241 0.0030395137
8433 0.0030395137
21752 0.0030395137
11512 0.0668693
2041 0.0030395137
253 0.0030395137
6654 0.0030395137
22014 0.0030395137
19199 0.0030395137
