5893 0.005934718
10246 0.005934718
10763 0.005934718
12 0.002967359
17935 0.002967359
10767 0.002967359
9231 0.008902078
12560 0.002967359
13844 0.002967359
19736 0.002967359
4635 0.005934718
10780 0.002967359
3100 0.002967359
22050 0.002967359
9250 0.011869436
4903 0.002967359
4136 0.002967359
13097 0.008902078
2602 0.002967359
17964 0.002967359
4141 0.002967359
13613 0.002967359
15662 0.005934718
20784 0.002967359
22064 0.008902078
10546 0.002967359
311 0.002967359
10039 0.005934718
4665 0.002967359
14650 0.005934718
4923 0.002967359
22076 0.002967359
20542 0.002967359
18239 0.008902078
4416 0.002967359
17985 0.002967359
1858 0.005934718
12871 0.002967359
6215 0.002967359
8263 0.002967359
1352 0.002967359
9801 0.005934718
18251 0.011869436
16717 0.005934718
11598 0.002967359
7252 0.002967359
20309 0.002967359
16981 0.002967359
17751 0.008902078
11611 0.008902078
19548 0.002967359
9053 0.0652819
6239 0.002967359
1376 0.002967359
16736 0.005934718
16481 0.002967359
10083 0.002967359
20579 0.005934718
3430 0.002967359
21607 0.002967359
2920 0.002967359
13929 0.008902078
874 0.002967359
6509 0.002967359
109 0.002967359
13426 0.005934718
11635 0.017804155
884 0.002967359
21621 0.008902078
9335 0.002967359
18298 0.002967359
19581 0.008902078
9598 0.05637982
21632 0.002967359
3456 0.002967359
2690 0.002967359
16003 0.002967359
7299 0.002967359
5253 0.002967359
16773 0.002967359
17029 0.011869436
8837 0.026706232
20360 0.002967359
8077 0.002967359
3982 0.002967359
17294 0.002967359
20367 0.005934718
7567 0.011869436
10896 0.002967359
10897 0.008902078
3730 0.002967359
18836 0.005934718
8343 0.005934718
19098 0.002967359
11932 0.002967359
8097 0.002967359
3745 0.005934718
16035 0.002967359
12707 0.005934718
9892 0.002967359
15528 0.002967359
168 0.005934718
5801 0.002967359
2731 0.005934718
19886 0.002967359
9393 0.002967359
3762 0.002967359
19379 0.002967359
13492 0.002967359
20405 0.020771513
20150 0.002967359
19126 0.002967359
21432 0.002967359
4025 0.002967359
21178 0.002967359
5825 0.002967359
9666 0.002967359
21698 0.002967359
10691 0.002967359
21444 0.041543026
7877 0.002967359
16582 0.002967359
1224 0.002967359
1482 0.011869436
1488 0.002967359
13521 0.002967359
10451 0.008902078
2517 0.002967359
7637 0.002967359
20438 0.002967359
3288 0.014836796
1241 0.002967359
13532 0.002967359
4319 0.008902078
6623 0.011869436
4322 0.002967359
7395 0.002967359
21988 0.005934718
6116 0.017804155
5349 0.005934718
20453 0.011869436
8422 0.005934718
3306 0.002967359
7914 0.002967359
14061 0.002967359
16621 0.002967359
1006 0.005934718
496 0.002967359
11504 0.002967359
16369 0.002967359
20723 0.002967359
1524 0.002967359
12020 0.002967359
18677 0.002967359
22262 0.002967359
14838 0.002967359
11512 0.06231454
2041 0.002967359
11513 0.002967359
11258 0.002967359
6654 0.002967359
19199 0.002967359
6143 0.017804155
