21632 0.0056179776
3456 0.0056179776
16002 0.028089888
8836 0.011235955
8837 0.033707865
5893 0.06741573
16390 0.0056179776
9862 0.0056179776
10246 0.02247191
17927 0.0056179776
17289 0.0056179776
7050 0.0056179776
10763 0.0056179776
8592 0.0056179776
6032 0.0056179776
10897 0.011235955
9361 0.011235955
15510 0.0056179776
8343 0.016853932
19736 0.0056179776
2968 0.0056179776
4635 0.0056179776
11932 0.0056179776
11808 0.011235955
3745 0.0056179776
8097 0.0056179776
9250 0.0056179776
12710 0.033707865
20648 0.0056179776
1960 0.011235955
13097 0.0056179776
13613 0.0056179776
9133 0.0056179776
19886 0.0056179776
12335 0.0056179776
20784 0.0056179776
20020 0.0056179776
13492 0.0056179776
17076 0.0056179776
20405 0.016853932
6582 0.0056179776
15415 0.0056179776
21432 0.0056179776
14650 0.011235955
187 0.0056179776
6588 0.0056179776
4669 0.0056179776
7486 0.0056179776
16958 0.0056179776
18239 0.011235955
5825 0.0056179776
10817 0.0056179776
21698 0.0056179776
15810 0.0056179776
8899 0.0056179776
10691 0.011235955
14788 0.016853932
10821 0.0056179776
15813 0.0056179776
18118 0.0056179776
16582 0.011235955
12871 0.011235955
18251 0.039325844
19020 0.0056179776
16717 0.0056179776
5455 0.0056179776
14927 0.0056179776
13521 0.0056179776
10451 0.033707865
7764 0.0056179776
20437 0.0056179776
18263 0.0056179776
20696 0.011235955
1241 0.0056179776
7642 0.0056179776
14300 0.0056179776
4319 0.0056179776
16736 0.028089888
16481 0.0056179776
20579 0.0056179776
5861 0.011235955
2790 0.0056179776
3430 0.0056179776
13929 0.0056179776
1006 0.011235955
18159 0.0056179776
8561 0.028089888
3058 0.011235955
20723 0.0056179776
11635 0.02247191
21621 0.0056179776
17653 0.0056179776
7160 0.0056179776
11512 0.06741573
8444 0.0056179776
19581 0.011235955
