8194 0.0114068445
18435 0.0038022813
10244 0.015209125
5893 0.019011406
10246 0.0076045627
17415 0.0038022813
6156 0.0038022813
5900 0.0038022813
16396 0.0038022813
10767 0.0038022813
5905 0.0038022813
19736 0.0038022813
4635 0.0114068445
7200 0.0038022813
9250 0.022813689
20516 0.0038022813
9254 0.0038022813
550 0.0038022813
13613 0.0076045627
21807 0.0038022813
20784 0.0038022813
9776 0.0038022813
1072 0.0038022813
10546 0.0076045627
21813 0.0038022813
4665 0.0076045627
14650 0.02661597
8508 0.0038022813
22076 0.0038022813
18239 0.02661597
11073 0.0038022813
10821 0.0114068445
12614 0.0038022813
12871 0.0038022813
8263 0.022813689
4169 0.0038022813
18251 0.019011406
12109 0.0038022813
7246 0.0038022813
14158 0.0038022813
4694 0.0076045627
3158 0.0076045627
18263 0.0076045627
19034 0.0038022813
20315 0.0038022813
13659 0.015209125
15196 0.0076045627
1376 0.0038022813
16481 0.0038022813
6243 0.0038022813
20579 0.0076045627
2662 0.0038022813
3430 0.0076045627
20841 0.0038022813
10094 0.0076045627
884 0.0076045627
10101 0.0038022813
15484 0.0038022813
11644 0.0038022813
21632 0.0038022813
8837 0.0114068445
8070 0.0038022813
16520 0.0038022813
20360 0.0038022813
7567 0.0038022813
10897 0.0076045627
8851 0.0114068445
8343 0.0038022813
2199 0.0076045627
10651 0.0038022813
11932 0.0076045627
4253 0.0038022813
12190 0.0038022813
4510 0.0038022813
20127 0.0038022813
10400 0.0038022813
21408 0.0076045627
3745 0.0114068445
8097 0.019011406
12710 0.0114068445
15528 0.0038022813
10409 0.0038022813
10412 0.0038022813
6836 0.0038022813
20405 0.019011406
20150 0.0038022813
2231 0.0038022813
8890 0.0038022813
14525 0.0038022813
14273 0.0038022813
20162 0.0038022813
10691 0.0038022813
3268 0.0038022813
14788 0.03041825
16582 0.0038022813
18118 0.0038022813
8135 0.0114068445
10184 0.0076045627
716 0.0038022813
13260 0.0114068445
19917 0.0038022813
17872 0.0038022813
13521 0.0038022813
10451 0.0608365
7124 0.0038022813
2776 0.0038022813
20696 0.0038022813
3288 0.03422053
9951 0.0038022813
12255 0.0038022813
4319 0.0114068445
6116 0.0076045627
5349 0.0038022813
20453 0.0076045627
8422 0.0038022813
16871 0.0038022813
10728 0.0038022813
20712 0.0076045627
1261 0.0038022813
1006 0.0038022813
13039 0.0038022813
19183 0.0038022813
18159 0.0038022813
11504 0.0038022813
8433 0.0038022813
13043 0.0038022813
20723 0.0038022813
21493 0.0038022813
20981 0.0038022813
14838 0.0076045627
8950 0.0076045627
11512 0.041825093
2041 0.0038022813
253 0.0038022813
19711 0.0038022813
19199 0.0076045627
