8194 0.046511628
4100 0.003322259
5893 0.016611295
10246 0.009966778
16396 0.003322259
5903 0.003322259
19736 0.009966778
16409 0.003322259
4635 0.013289036
19484 0.003322259
5149 0.003322259
13345 0.003322259
2084 0.003322259
14884 0.003322259
20516 0.003322259
21287 0.003322259
8743 0.003322259
5419 0.003322259
6700 0.003322259
20784 0.003322259
21559 0.003322259
7479 0.003322259
14650 0.006644518
3130 0.13621262
3645 0.03322259
8254 0.003322259
18239 0.003322259
21312 0.003322259
5696 0.003322259
4416 0.003322259
5698 0.003322259
19781 0.003322259
18758 0.003322259
12871 0.003322259
18251 0.023255814
19020 0.003322259
20556 0.006644518
5966 0.003322259
19029 0.003322259
20565 0.003322259
20821 0.003322259
20823 0.003322259
18263 0.003322259
13144 0.003322259
2393 0.003322259
18778 0.003322259
15196 0.003322259
6239 0.003322259
16481 0.003322259
21345 0.003322259
20579 0.003322259
2662 0.003322259
3430 0.013289036
10344 0.003322259
13929 0.016611295
11883 0.003322259
11635 0.003322259
884 0.003322259
5237 0.003322259
11643 0.003322259
15484 0.003322259
8573 0.006644518
17023 0.003322259
6527 0.003322259
21632 0.003322259
3456 0.006644518
16002 0.003322259
2690 0.009966778
7299 0.003322259
8837 0.009966778
16520 0.003322259
6795 0.003322259
17294 0.003322259
7567 0.016611295
10896 0.003322259
6032 0.006644518
10897 0.019933555
8851 0.003322259
7827 0.003322259
8343 0.003322259
22169 0.003322259
8603 0.003322259
10651 0.046511628
11932 0.006644518
4510 0.003322259
3745 0.003322259
14242 0.003322259
8355 0.003322259
12710 0.013289036
11431 0.006644518
21160 0.006644518
2731 0.003322259
14259 0.003322259
8371 0.006644518
20405 0.009966778
16566 0.003322259
1978 0.003322259
6588 0.003322259
16064 0.003322259
8384 0.003322259
19137 0.003322259
14273 0.003322259
10691 0.003322259
16582 0.003322259
13255 0.006644518
1224 0.003322259
3530 0.003322259
18378 0.003322259
20942 0.003322259
3790 0.003322259
13775 0.003322259
15311 0.003322259
11215 0.003322259
1488 0.013289036
13521 0.003322259
10451 0.009966778
18134 0.003322259
20438 0.019933555
14300 0.003322259
13532 0.006644518
10463 0.003322259
4319 0.019933555
9441 0.003322259
6116 0.003322259
3300 0.003322259
8422 0.003322259
20712 0.003322259
7914 0.003322259
20971 0.003322259
12016 0.013289036
241 0.003322259
8433 0.006644518
20723 0.003322259
18932 0.003322259
1524 0.003322259
15862 0.003322259
11512 0.036544852
18937 0.006644518
6654 0.003322259
6143 0.013289036
