3842 0.0036363637
5893 0.043636363
10246 0.010909091
20231 0.0072727273
16396 0.0036363637
5900 0.0036363637
5903 0.0036363637
10767 0.010909091
275 0.0036363637
6934 0.0036363637
19736 0.0036363637
4635 0.0072727273
18208 0.0036363637
22050 0.0036363637
9250 0.014545455
12836 0.0036363637
21541 0.0036363637
16935 0.0036363637
5160 0.0036363637
13097 0.0036363637
298 0.0036363637
2605 0.0036363637
8493 0.0036363637
13613 0.0036363637
20784 0.0036363637
19249 0.0036363637
20275 0.0036363637
8243 0.0036363637
21044 0.0072727273
3130 0.0036363637
14650 0.0072727273
20542 0.0036363637
11327 0.0036363637
18239 0.03272727
8256 0.0036363637
1858 0.0036363637
10821 0.0036363637
12871 0.0072727273
8263 0.0072727273
3144 0.0072727273
18251 0.0036363637
11598 0.0072727273
337 0.0036363637
21586 0.0072727273
9810 0.0072727273
18263 0.0072727273
15196 0.0036363637
7007 0.0036363637
22111 0.0036363637
16736 0.010909091
16481 0.0036363637
21345 0.0036363637
15713 0.0036363637
18274 0.0036363637
11362 0.0036363637
20579 0.0036363637
2662 0.0036363637
3430 0.0072727273
8297 0.0036363637
13929 0.010909091
6509 0.0036363637
109 0.0072727273
21872 0.0036363637
8561 0.061818182
11635 0.014545455
884 0.0036363637
19062 0.0036363637
14712 0.0036363637
8569 0.0036363637
18298 0.0036363637
19581 0.014545455
21632 0.0036363637
20610 0.0036363637
12165 0.0036363637
11141 0.0036363637
16520 0.0036363637
14472 0.0036363637
7567 0.014545455
21136 0.0036363637
8592 0.018181818
10897 0.010909091
8851 0.010909091
8343 0.018181818
19865 0.0036363637
13210 0.0036363637
11932 0.0036363637
13983 0.0036363637
928 0.0036363637
3745 0.0036363637
3491 0.014545455
14757 0.0036363637
18597 0.0036363637
12710 0.010909091
20648 0.0036363637
8616 0.0072727273
8368 0.025454545
10417 0.0036363637
9393 0.0036363637
2994 0.0036363637
8371 0.0036363637
20405 0.0036363637
20150 0.0036363637
12733 0.0036363637
8384 0.0036363637
5825 0.0036363637
10691 0.0036363637
14788 0.0036363637
9157 0.0036363637
16582 0.0036363637
9930 0.0036363637
3530 0.0036363637
715 0.0036363637
13260 0.0036363637
5580 0.0036363637
718 0.0036363637
13521 0.0036363637
13778 0.0036363637
10451 0.03272727
20437 0.0036363637
20438 0.0036363637
16599 0.0036363637
3288 0.0036363637
20696 0.014545455
21465 0.0036363637
11739 0.0036363637
6623 0.014545455
5859 0.0036363637
9188 0.0036363637
6116 0.0072727273
5349 0.0072727273
16871 0.0036363637
21226 0.0036363637
14060 0.0072727273
14829 0.0036363637
14061 0.0036363637
493 0.0072727273
18414 0.0036363637
1006 0.0036363637
13039 0.0036363637
12271 0.0036363637
15087 0.0036363637
11504 0.0036363637
12016 0.0036363637
16625 0.0036363637
20723 0.0036363637
11512 0.043636363
2041 0.0036363637
15610 0.0036363637
6654 0.0072727273
6143 0.014545455
