8194 0.0042735045
5380 0.008547009
9988 0.017094018
5893 0.025641026
10246 0.0042735045
7434 0.0042735045
18442 0.0042735045
9227 0.0042735045
10763 0.008547009
5390 0.0042735045
17935 0.0042735045
8468 0.008547009
13844 0.008547009
22294 0.0042735045
21016 0.0042735045
19736 0.012820513
4635 0.0042735045
15900 0.0042735045
22050 0.0042735045
9250 0.017094018
21541 0.008547009
6182 0.0042735045
298 0.0042735045
13610 0.008547009
10027 0.008547009
17196 0.0042735045
20784 0.0042735045
6450 0.0042735045
19250 0.008547009
20020 0.0042735045
7220 0.0042735045
311 0.0042735045
20538 0.0042735045
14650 0.021367522
15422 0.0042735045
17983 0.0042735045
18239 0.008547009
11073 0.0042735045
10821 0.017094018
18758 0.0042735045
12871 0.0042735045
8263 0.0042735045
12359 0.0042735045
18251 0.017094018
20813 0.008547009
18262 0.0042735045
18263 0.03846154
13659 0.0042735045
7007 0.0042735045
6239 0.0042735045
16481 0.0042735045
21345 0.012820513
10083 0.0042735045
3430 0.008547009
15209 0.008547009
6509 0.008547009
882 0.0042735045
884 0.017094018
12923 0.0042735045
19581 0.008547009
21632 0.0042735045
12165 0.0042735045
16520 0.0042735045
20360 0.0042735045
3210 0.0042735045
20876 0.0042735045
11151 0.0042735045
8592 0.0042735045
18064 0.0042735045
13457 0.0042735045
10897 0.034188036
8342 0.0042735045
8855 0.0042735045
8343 0.0042735045
6552 0.0042735045
21401 0.0042735045
22171 0.0042735045
5019 0.008547009
2204 0.008547009
3745 0.0042735045
10916 0.0042735045
12710 0.008547009
10409 0.0042735045
11690 0.0042735045
11180 0.0042735045
13485 0.0042735045
12208 0.0042735045
8368 0.03846154
8371 0.008547009
20405 0.012820513
6070 0.0042735045
2998 0.0042735045
20150 0.0042735045
15543 0.0042735045
5056 0.0042735045
1217 0.0042735045
19137 0.0042735045
963 0.0042735045
10691 0.008547009
3268 0.0042735045
9413 0.0042735045
16582 0.0042735045
2246 0.0042735045
2758 0.008547009
14022 0.012820513
13255 0.0042735045
1224 0.0042735045
13260 0.034188036
19917 0.0042735045
6862 0.0042735045
11215 0.0042735045
1488 0.008547009
13521 0.0042735045
10451 0.017094018
20437 0.0042735045
18134 0.008547009
20696 0.0042735045
6623 0.0042735045
4319 0.012820513
7906 0.0042735045
5349 0.0042735045
20453 0.0042735045
3813 0.0042735045
7914 0.0042735045
14314 0.008547009
1006 0.0042735045
15342 0.0042735045
8175 0.0042735045
12016 0.0042735045
20979 0.0042735045
2292 0.0042735045
17143 0.0042735045
11512 0.03846154
2041 0.0042735045
22010 0.0042735045
21501 0.0042735045
