4100 0.0037037036
5893 0.0074074073
16390 0.0037037036
10246 0.011111111
10248 0.0037037036
16396 0.0037037036
15119 0.0037037036
10767 0.011111111
6160 0.0074074073
15377 0.0037037036
8468 0.014814815
19736 0.014814815
4635 0.0037037036
12830 0.0037037036
11298 0.0037037036
9250 0.014814815
20516 0.0074074073
4903 0.0037037036
2088 0.0037037036
20784 0.0037037036
22064 0.018518519
11825 0.0037037036
19250 0.0037037036
14903 0.0037037036
14650 0.018518519
18239 0.0074074073
1858 0.0037037036
5957 0.0074074073
12871 0.0074074073
8263 0.014814815
5192 0.0037037036
13641 0.0037037036
18251 0.022222223
12880 0.0037037036
3922 0.0037037036
340 0.0037037036
20821 0.0037037036
20309 0.0074074073
10326 0.0037037036
18263 0.0074074073
1370 0.0037037036
11611 0.0037037036
15196 0.014814815
14173 0.0037037036
8797 0.0037037036
9053 0.0037037036
13919 0.0037037036
1376 0.0074074073
16481 0.0074074073
3430 0.018518519
14442 0.0074074073
21872 0.0074074073
13426 0.0037037036
11635 0.0037037036
19830 0.0037037036
19062 0.011111111
12664 0.0037037036
19581 0.018518519
21632 0.0037037036
11392 0.0037037036
8836 0.0037037036
9862 0.0037037036
8070 0.0074074073
11915 0.0037037036
17036 0.0037037036
17294 0.0037037036
11151 0.0037037036
21136 0.0037037036
20624 0.0037037036
10896 0.011111111
10897 0.018518519
150 0.0037037036
8343 0.018518519
16796 0.0037037036
11932 0.011111111
20127 0.0037037036
8097 0.011111111
3745 0.011111111
8355 0.0037037036
15528 0.0037037036
20648 0.018518519
21679 0.0074074073
8368 0.0074074073
13235 0.011111111
20405 0.014814815
2231 0.0037037036
17851 0.0037037036
18623 0.011111111
5825 0.011111111
8386 0.0037037036
10691 0.0074074073
14789 0.0037037036
16582 0.0037037036
2758 0.0037037036
11718 0.0037037036
7110 0.0074074073
1483 0.0037037036
16587 0.0074074073
19917 0.0074074073
14798 0.033333335
13521 0.0037037036
13523 0.0037037036
10451 0.033333335
11220 0.0037037036
20438 0.0037037036
11734 0.0037037036
16599 0.0037037036
471 0.0037037036
5849 0.0037037036
4573 0.0074074073
12765 0.011111111
20959 0.0037037036
4319 0.018518519
5859 0.0074074073
20196 0.0037037036
6116 0.0074074073
5349 0.0037037036
20453 0.0074074073
2790 0.0037037036
10983 0.0037037036
10728 0.0037037036
7914 0.0037037036
16621 0.0037037036
18414 0.0074074073
1006 0.011111111
20723 0.0074074073
2292 0.0037037036
12020 0.0037037036
17653 0.0037037036
15608 0.0037037036
21752 0.0037037036
11512 0.055555556
22009 0.0037037036
2041 0.0074074073
15610 0.0037037036
