6659 0.0025641026
5892 0.010256411
5893 0.023076924
10246 0.012820513
10763 0.0025641026
15629 0.0025641026
17935 0.0025641026
4111 0.0025641026
8468 0.0076923077
1048 0.0025641026
19736 0.03076923
4635 0.0025641026
14108 0.0051282053
17951 0.0025641026
8735 0.0025641026
13343 0.0025641026
31 0.0025641026
13855 0.0025641026
11298 0.0025641026
9250 0.0025641026
20516 0.0076923077
7976 0.0025641026
4649 0.0025641026
12329 0.0025641026
298 0.0051282053
21291 0.0025641026
4655 0.0025641026
1327 0.0025641026
20784 0.0025641026
4658 0.0025641026
4915 0.0025641026
15160 0.0025641026
14905 0.0025641026
14650 0.010256411
59 0.0025641026
7997 0.0025641026
22077 0.0025641026
18239 0.0025641026
11327 0.0051282053
1858 0.0051282053
11587 0.0025641026
10821 0.0051282053
18758 0.0025641026
18246 0.0076923077
12871 0.0051282053
8263 0.025641026
16202 0.0025641026
18251 0.0025641026
16717 0.0025641026
6477 0.0025641026
21841 0.0025641026
2897 0.0025641026
15444 0.0025641026
16981 0.0025641026
9813 0.0051282053
7254 0.0025641026
18263 0.010256411
9310 0.0025641026
1376 0.0025641026
16736 0.010256411
16481 0.0025641026
1633 0.0025641026
21345 0.0025641026
10083 0.0025641026
21861 0.0025641026
2662 0.0025641026
3430 0.010256411
13160 0.0051282053
8297 0.0025641026
15209 0.0025641026
13929 0.0051282053
7789 0.0051282053
3950 0.0025641026
2674 0.0025641026
11635 0.010256411
884 0.0076923077
21621 0.0051282053
19830 0.0025641026
19062 0.010256411
22136 0.0025641026
17272 0.0025641026
11643 0.0025641026
12413 0.0025641026
19581 0.0076923077
21632 0.0025641026
8836 0.0025641026
11141 0.0076923077
8070 0.0051282053
9862 0.0076923077
15240 0.0025641026
20360 0.0051282053
17292 0.0025641026
3982 0.0025641026
14992 0.0025641026
20624 0.0025641026
10896 0.0051282053
6032 0.017948719
17553 0.0025641026
10897 0.015384615
20883 0.012820513
8343 0.020512821
5019 0.0025641026
11932 0.0025641026
7071 0.0051282053
8097 0.0051282053
3745 0.0076923077
8610 0.0025641026
15011 0.0076923077
18598 0.03076923
11431 0.0025641026
15528 0.0025641026
13480 0.015384615
5801 0.010256411
8107 0.0025641026
5036 0.0051282053
13485 0.0025641026
19886 0.0051282053
9393 0.0025641026
3762 0.0025641026
20405 0.012820513
19126 0.0025641026
19127 0.0025641026
18623 0.0025641026
15808 0.0025641026
5825 0.0051282053
10691 0.0025641026
3268 0.0076923077
10949 0.0025641026
16582 0.0025641026
10442 0.0025641026
12746 0.015384615
4556 0.015384615
1488 0.0025641026
13521 0.0025641026
209 0.0025641026
10451 0.025641026
14806 0.0025641026
20438 0.0051282053
6359 0.0025641026
20696 0.0051282053
3288 0.0051282053
21465 0.0025641026
7130 0.0025641026
14300 0.0025641026
13532 0.0025641026
2269 0.0025641026
1759 0.0025641026
7135 0.0051282053
18656 0.0025641026
14048 0.0051282053
12001 0.0025641026
6116 0.0025641026
20196 0.0025641026
5349 0.0025641026
5861 0.0051282053
20453 0.0076923077
2791 0.0051282053
18922 0.0025641026
3306 0.06410257
20203 0.0025641026
14060 0.0025641026
16621 0.0025641026
1006 0.012820513
13039 0.0025641026
12016 0.0051282053
10993 0.0025641026
7921 0.0025641026
20723 0.0025641026
12020 0.0025641026
16375 0.0025641026
2040 0.0025641026
11512 0.041025642
2041 0.0025641026
15867 0.010256411
8701 0.0025641026
4095 0.0025641026
8191 0.0025641026
5631 0.0025641026
