5893 0.036231883
10246 0.025362318
20999 0.007246377
20231 0.014492754
6409 0.0036231885
780 0.0036231885
21779 0.010869565
5396 0.0036231885
19736 0.007246377
17945 0.0036231885
16409 0.007246377
4635 0.014492754
6688 0.0036231885
12321 0.0036231885
16161 0.010869565
9250 0.010869565
21541 0.007246377
4903 0.0036231885
21291 0.0036231885
8493 0.0036231885
13613 0.0036231885
20784 0.0036231885
11825 0.018115941
20020 0.0036231885
21044 0.007246377
21813 0.0036231885
7479 0.0036231885
14650 0.007246377
21564 0.014492754
11583 0.0036231885
11327 0.007246377
18239 0.014492754
15424 0.0036231885
4417 0.0036231885
11073 0.0036231885
1858 0.007246377
19781 0.0036231885
18758 0.007246377
12871 0.0036231885
6215 0.0036231885
8263 0.010869565
1867 0.0036231885
18251 0.014492754
16717 0.0036231885
21325 0.0036231885
18003 0.0036231885
84 0.0036231885
19286 0.0036231885
7511 0.0036231885
11611 0.0036231885
15196 0.007246377
12640 0.0036231885
16736 0.0036231885
16481 0.0036231885
21345 0.007246377
7265 0.007246377
2662 0.0036231885
3430 0.018115941
13160 0.0036231885
13929 0.007246377
6509 0.0036231885
14189 0.0036231885
15217 0.0036231885
13426 0.0036231885
11635 0.0036231885
5235 0.0036231885
9843 0.0036231885
884 0.007246377
20349 0.0036231885
19581 0.0036231885
8573 0.007246377
3199 0.0036231885
21632 0.0036231885
3456 0.0036231885
9862 0.010869565
16520 0.0036231885
20360 0.0036231885
7567 0.010869565
18064 0.0036231885
10896 0.0036231885
8592 0.0036231885
10897 0.025362318
9362 0.0036231885
9363 0.0036231885
16531 0.0036231885
19350 0.0036231885
8343 0.010869565
19865 0.0036231885
13211 0.0036231885
11932 0.007246377
13983 0.0036231885
3745 0.014492754
12710 0.014492754
4007 0.0036231885
15528 0.0036231885
168 0.0036231885
2731 0.0036231885
14254 0.0036231885
7599 0.0036231885
20405 0.014492754
4286 0.007246377
18623 0.0036231885
6335 0.0036231885
10691 0.007246377
3268 0.007246377
4293 0.0036231885
16582 0.0036231885
1739 0.0036231885
5580 0.0036231885
19917 0.010869565
20942 0.0036231885
1488 0.0036231885
13521 0.0036231885
7634 0.0036231885
10451 0.02173913
7124 0.014492754
9685 0.0036231885
20437 0.0036231885
20438 0.010869565
16599 0.007246377
20696 0.007246377
731 0.0036231885
9950 0.0036231885
4319 0.007246377
12001 0.0036231885
21218 0.007246377
5859 0.0036231885
3300 0.0036231885
6116 0.010869565
18405 0.0036231885
20453 0.007246377
5349 0.007246377
20712 0.0036231885
11241 0.018115941
11245 0.0036231885
16621 0.0036231885
6126 0.0036231885
1006 0.010869565
8175 0.0036231885
11504 0.0036231885
3058 0.0036231885
20723 0.007246377
12020 0.0036231885
2550 0.0036231885
11512 0.04710145
2041 0.007246377
16379 0.0036231885
3323 0.0036231885
12541 0.0036231885
6654 0.0036231885
