5892 0.0069444445
5893 0.06481481
10246 0.011574074
17415 0.0023148148
9226 0.0023148148
3339 0.0023148148
16396 0.0023148148
5900 0.0023148148
20750 0.0023148148
10767 0.0046296297
7185 0.0023148148
22294 0.0046296297
19736 0.023148147
3354 0.0023148148
8474 0.0023148148
4635 0.0046296297
797 0.0023148148
16926 0.0023148148
9250 0.0046296297
11298 0.011574074
3619 0.0023148148
21541 0.0046296297
13610 0.0023148148
2602 0.0046296297
298 0.0046296297
18731 0.0023148148
6444 0.0023148148
10284 0.016203703
8237 0.0023148148
13613 0.0046296297
18991 0.0069444445
20784 0.0023148148
13876 0.0023148148
21044 0.0023148148
311 0.0023148148
14650 0.0023148148
18239 0.0046296297
11327 0.009259259
13377 0.0023148148
11073 0.0069444445
10821 0.0023148148
4934 0.0046296297
12871 0.0046296297
8263 0.0046296297
18251 0.03935185
19020 0.0023148148
3148 0.0023148148
16717 0.0023148148
11598 0.0023148148
16462 0.0023148148
10065 0.0023148148
21588 0.0023148148
84 0.0069444445
20821 0.0023148148
18263 0.016203703
17499 0.0023148148
13659 0.0046296297
20571 0.0046296297
14173 0.013888889
9310 0.0023148148
9055 0.0023148148
6239 0.009259259
16481 0.0023148148
7265 0.0023148148
21345 0.0046296297
4451 0.0069444445
20579 0.0069444445
17252 0.0023148148
3430 0.0069444445
2662 0.013888889
15209 0.0023148148
9321 0.0023148148
4714 0.0023148148
4971 0.0023148148
107 0.0023148148
18541 0.0023148148
5231 0.0023148148
21872 0.0023148148
11635 0.0023148148
884 0.0023148148
21621 0.0023148148
19062 0.0023148148
11639 0.0023148148
119 0.0023148148
5752 0.0023148148
15484 0.0023148148
5500 0.0046296297
8573 0.0046296297
20349 0.0046296297
19581 0.0069444445
21632 0.0023148148
4736 0.009259259
11905 0.0023148148
16003 0.0023148148
9862 0.018518519
1671 0.0023148148
16519 0.0023148148
3982 0.0023148148
20624 0.0023148148
8592 0.0046296297
6032 0.0069444445
17553 0.0023148148
10897 0.06944445
20883 0.0046296297
19603 0.0023148148
150 0.0046296297
7830 0.046296295
8343 0.0046296297
11672 0.0023148148
10649 0.0023148148
15001 0.0023148148
21401 0.0046296297
10651 0.0023148148
10400 0.0023148148
18081 0.0023148148
3745 0.0069444445
8355 0.0023148148
14244 0.0023148148
6566 0.0023148148
3243 0.0023148148
9387 0.0069444445
13485 0.0046296297
20145 0.0023148148
8371 0.009259259
1716 0.0023148148
13748 0.0023148148
20405 0.013888889
6588 0.0023148148
1473 0.0023148148
16582 0.0023148148
2758 0.0046296297
12492 0.0023148148
2253 0.0023148148
4302 0.0023148148
718 0.0046296297
20176 0.0023148148
14288 0.0023148148
1488 0.0069444445
13521 0.0023148148
18385 0.011574074
10451 0.025462963
21465 0.013888889
7642 0.0046296297
731 0.0023148148
14300 0.0023148148
9951 0.0023148148
4319 0.032407407
17889 0.0023148148
2531 0.0023148148
8163 0.0023148148
5859 0.0023148148
6116 0.0023148148
5349 0.0069444445
6886 0.0023148148
6888 0.0023148148
7914 0.0069444445
18414 0.0023148148
1006 0.0046296297
11504 0.0023148148
241 0.0023148148
9717 0.0023148148
4342 0.0023148148
11512 0.046296295
20217 0.0023148148
20988 0.0023148148
7421 0.0046296297
22270 0.0023148148
5631 0.0023148148
6143 0.0046296297
