8193 0.003717472
5892 0.007434944
5893 0.003717472
10246 0.0111524165
17415 0.003717472
5900 0.003717472
16396 0.003717472
14860 0.0111524165
17935 0.003717472
10767 0.007434944
8208 0.003717472
19736 0.003717472
4635 0.007434944
6688 0.003717472
18209 0.003717472
9250 0.003717472
11298 0.014869888
21541 0.007434944
2854 0.003717472
4649 0.003717472
298 0.003717472
20780 0.003717472
14381 0.003717472
13613 0.007434944
20784 0.003717472
21813 0.007434944
14650 0.007434944
11327 0.007434944
3906 0.003717472
1858 0.003717472
4674 0.003717472
10821 0.003717472
12871 0.003717472
8263 0.007434944
18250 0.003717472
18251 0.003717472
2125 0.003717472
16717 0.003717472
11598 0.003717472
9296 0.003717472
18263 0.003717472
2393 0.026022306
13659 0.003717472
3419 0.0111524165
14684 0.003717472
9310 0.003717472
16736 0.0111524165
16481 0.003717472
20065 0.01858736
20579 0.007434944
15209 0.003717472
13929 0.014869888
10605 0.003717472
10094 0.003717472
22126 0.003717472
14960 0.003717472
11635 0.007434944
884 0.003717472
21621 0.003717472
14709 0.003717472
12664 0.003717472
123 0.003717472
19581 0.014869888
17023 0.003717472
11391 0.003717472
21632 0.003717472
6785 0.007434944
21891 0.0111524165
11141 0.003717472
17029 0.003717472
9862 0.014869888
20360 0.007434944
3466 0.003717472
13709 0.007434944
1422 0.003717472
9102 0.003717472
14223 0.007434944
7567 0.03345725
6032 0.022304833
10897 0.022304833
13714 0.003717472
12180 0.003717472
8342 0.003717472
8343 0.007434944
14745 0.003717472
13210 0.003717472
3745 0.007434944
15527 0.003717472
5036 0.003717472
12208 0.003717472
19636 0.003717472
20405 0.029739777
11447 0.007434944
21432 0.003717472
16058 0.003717472
6588 0.003717472
4286 0.003717472
5825 0.040892195
10691 0.003717472
16582 0.003717472
2758 0.003717472
9926 0.007434944
3273 0.003717472
1482 0.007434944
1995 0.003717472
716 0.003717472
13260 0.014869888
5581 0.0111524165
11215 0.003717472
464 0.003717472
13521 0.003717472
5843 0.003717472
10451 0.03345725
16599 0.003717472
20696 0.01858736
7897 0.003717472
7642 0.003717472
5083 0.003717472
13532 0.003717472
14300 0.003717472
9951 0.003717472
6368 0.003717472
6116 0.0111524165
20453 0.003717472
8422 0.003717472
20712 0.003717472
11241 0.029739777
15082 0.003717472
20203 0.003717472
21483 0.003717472
14060 0.007434944
1006 0.003717472
8175 0.003717472
11504 0.003717472
20723 0.007434944
11512 0.03717472
2041 0.003717472
22267 0.003717472
6654 0.007434944
5631 0.003717472
6143 0.014869888
