8193 0.004016064
8709 0.008032128
5893 0.012048192
16390 0.004016064
10246 0.008032128
17415 0.012048192
7179 0.004016064
10763 0.004016064
275 0.004016064
3859 0.004016064
22035 0.012048192
8468 0.008032128
19736 0.004016064
4635 0.008032128
6687 0.004016064
31 0.004016064
13855 0.008032128
2081 0.004016064
9250 0.012048192
21541 0.008032128
8743 0.008032128
5929 0.004016064
18731 0.004016064
13613 0.004016064
18991 0.004016064
20784 0.004016064
22064 0.016064256
8497 0.004016064
8243 0.004016064
311 0.004016064
20538 0.004016064
14650 0.008032128
22076 0.004016064
12349 0.004016064
11327 0.004016064
18239 0.008032128
8000 0.004016064
4416 0.016064256
18758 0.004016064
12871 0.004016064
8263 0.012048192
18251 0.02008032
14158 0.004016064
9810 0.004016064
9813 0.004016064
16471 0.004016064
18263 0.012048192
3929 0.004016064
18523 0.004016064
11611 0.032128513
16481 0.004016064
2662 0.004016064
5736 0.004016064
15209 0.004016064
13929 0.004016064
14442 0.004016064
14443 0.004016064
8561 0.004016064
11635 0.004016064
884 0.012048192
12413 0.004016064
19581 0.004016064
21632 0.004016064
3456 0.004016064
20608 0.004016064
11905 0.004016064
17029 0.004016064
9862 0.004016064
16520 0.004016064
15496 0.004016064
20360 0.008032128
13709 0.004016064
6286 0.004016064
9103 0.004016064
18064 0.004016064
6032 0.008032128
17553 0.004016064
10897 0.012048192
20883 0.004016064
12180 0.004016064
8342 0.004016064
4758 0.004016064
8343 0.008032128
19865 0.004016064
8097 0.004016064
3745 0.008032128
8355 0.004016064
6819 0.004016064
6308 0.004016064
2471 0.004016064
10409 0.004016064
10412 0.004016064
6317 0.004016064
13485 0.004016064
12208 0.004016064
22195 0.004016064
8371 0.004016064
20405 0.024096385
20150 0.004016064
17846 0.012048192
19126 0.016064256
2231 0.004016064
16058 0.008032128
11451 0.004016064
18876 0.004016064
5825 0.024096385
18882 0.004016064
3522 0.004016064
16068 0.004016064
16582 0.004016064
2758 0.012048192
21194 0.024096385
5580 0.008032128
14798 0.004016064
13775 0.004016064
13521 0.004016064
10451 0.016064256
20437 0.004016064
11734 0.004016064
20696 0.004016064
11482 0.004016064
20442 0.004016064
14556 0.004016064
12765 0.004016064
4319 0.016064256
12771 0.008032128
9188 0.004016064
6116 0.004016064
20453 0.008032128
8422 0.012048192
20712 0.012048192
7914 0.004016064
20203 0.004016064
16621 0.004016064
1006 0.02811245
18159 0.004016064
12016 0.004016064
20723 0.012048192
17653 0.012048192
16375 0.008032128
11512 0.044176705
2041 0.004016064
20217 0.004016064
3581 0.004016064
15358 0.004016064
5631 0.004016064
