4096 0.0066225166
11521 0.0033112583
3331 0.0033112583
5893 0.01655629
10246 0.0033112583
13065 0.06622516
7434 0.0033112583
10763 0.0033112583
5900 0.0066225166
15629 0.0033112583
2061 0.0033112583
21262 0.0033112583
10767 0.0033112583
278 0.0033112583
6934 0.0033112583
19736 0.01655629
4635 0.013245033
14365 0.0033112583
4894 0.0066225166
13855 0.0033112583
31 0.0066225166
13343 0.0066225166
9250 0.0033112583
12325 0.0033112583
17957 0.0033112583
2089 0.0033112583
2602 0.0033112583
13610 0.0033112583
298 0.0033112583
12330 0.0033112583
10284 0.0066225166
18991 0.0033112583
20784 0.0033112583
21044 0.0033112583
311 0.0033112583
14650 0.0033112583
6716 0.0033112583
7486 0.0033112583
18239 0.009933775
12865 0.0033112583
10817 0.0033112583
10821 0.0066225166
12871 0.0033112583
6215 0.0033112583
8263 0.0066225166
18251 0.03311258
20813 0.0033112583
9295 0.009933775
10065 0.0033112583
84 0.0033112583
89 0.0033112583
3419 0.0033112583
13659 0.0033112583
15966 0.0033112583
16481 0.0033112583
20579 0.0033112583
1125 0.0033112583
2662 0.0033112583
3430 0.009933775
15209 0.0033112583
14442 0.0033112583
8811 0.0033112583
6509 0.0033112583
10095 0.0066225166
13426 0.0066225166
2674 0.0066225166
11635 0.0033112583
21621 0.009933775
19062 0.0066225166
6525 0.0033112583
20349 0.0033112583
8573 0.0033112583
19581 0.029801324
21632 0.0033112583
2690 0.0033112583
16003 0.009933775
12165 0.0033112583
11141 0.0066225166
9862 0.013245033
16520 0.0033112583
20360 0.0066225166
19594 0.0033112583
10896 0.0033112583
6033 0.0033112583
10897 0.013245033
11922 0.0033112583
16531 0.0033112583
8852 0.0033112583
11925 0.009933775
8342 0.0033112583
8343 0.009933775
10651 0.0033112583
11932 0.0033112583
3745 0.0066225166
18340 0.0033112583
15528 0.0033112583
4008 0.0033112583
3240 0.0033112583
8368 0.0066225166
10417 0.0066225166
14515 0.01986755
6836 0.0066225166
6325 0.0066225166
20405 0.013245033
12470 0.0033112583
16058 0.0033112583
18623 0.0033112583
6336 0.0033112583
16064 0.0033112583
21698 0.0033112583
963 0.0033112583
10691 0.0033112583
16582 0.0066225166
19917 0.0033112583
11215 0.0033112583
9935 0.0033112583
1488 0.009933775
13521 0.0033112583
10451 0.013245033
14293 0.0033112583
20696 0.01986755
21465 0.0033112583
4573 0.0033112583
6623 0.0033112583
4319 0.026490066
6368 0.0066225166
13538 0.0066225166
5859 0.0033112583
6116 0.009933775
20453 0.0033112583
5861 0.0033112583
6120 0.0066225166
9197 0.0033112583
1006 0.0033112583
19183 0.0033112583
12016 0.0033112583
10480 0.0033112583
16886 0.0033112583
19191 0.0033112583
15608 0.0033112583
11512 0.052980132
2041 0.0033112583
3323 0.046357617
20220 0.0033112583
253 0.029801324
6654 0.0033112583
19199 0.0033112583
6143 0.0066225166
