21632 0.0065789474
512 0.0065789474
2176 0.013157895
9985 0.013157895
8194 0.019736841
900 0.0065789474
16772 0.0065789474
5893 0.019736841
9862 0.0065789474
16390 0.013157895
10246 0.04605263
17415 0.0065789474
16520 0.0065789474
5900 0.0065789474
10767 0.013157895
400 0.0065789474
8592 0.013157895
9361 0.0065789474
10897 0.013157895
16914 0.0065789474
4499 0.0065789474
19736 0.04605263
11163 0.0065789474
4635 0.013157895
11932 0.0065789474
157 0.0065789474
16926 0.02631579
3745 0.0065789474
22050 0.0065789474
930 0.0065789474
38 0.0065789474
17196 0.0065789474
21804 0.0065789474
14381 0.0065789474
13613 0.013157895
1583 0.0065789474
20784 0.0065789474
14128 0.0065789474
20020 0.0065789474
14650 0.0065789474
8893 0.0065789474
11327 0.0065789474
18239 0.039473683
6336 0.0065789474
5056 0.0065789474
10691 0.0065789474
9923 0.0065789474
21444 0.0065789474
3524 0.0065789474
10821 0.013157895
16582 0.0065789474
19526 0.013157895
12871 0.0065789474
8263 0.013157895
74 0.0065789474
715 0.013157895
18251 0.019736841
16717 0.0065789474
11598 0.0065789474
13521 0.0065789474
14931 0.0065789474
14806 0.0065789474
18263 0.0065789474
3288 0.0065789474
20696 0.05263158
19034 0.0065789474
13532 0.0065789474
19805 0.0065789474
22111 0.0065789474
17248 0.0065789474
21345 0.0065789474
16481 0.013157895
5859 0.0065789474
20579 0.013157895
6116 0.0065789474
5349 0.0065789474
8422 0.0065789474
20198 0.0065789474
2791 0.0065789474
3945 0.0065789474
3306 0.0065789474
17262 0.0065789474
21872 0.013157895
241 0.0065789474
20723 0.0065789474
11635 0.0065789474
17653 0.0065789474
20085 0.0065789474
11512 0.059210528
3323 0.0065789474
19581 0.019736841
3839 0.0065789474
5631 0.013157895
