18689 0.017441861
8194 0.0058139535
5893 0.0058139535
4870 0.0058139535
10246 0.017441861
10248 0.0058139535
5900 0.0058139535
16396 0.0058139535
21262 0.0058139535
8463 0.0058139535
6160 0.0058139535
8468 0.0058139535
19736 0.011627907
15900 0.0058139535
11298 0.0058139535
9250 0.011627907
20774 0.0058139535
4903 0.0058139535
8743 0.0058139535
14381 0.0058139535
2349 0.0058139535
20784 0.0058139535
22064 0.017441861
8243 0.0058139535
21813 0.0058139535
311 0.0058139535
18239 0.017441861
12101 0.0058139535
18246 0.0058139535
8262 0.0058139535
12871 0.0058139535
5192 0.0058139535
18251 0.0058139535
12365 0.0058139535
16717 0.0058139535
10321 0.0058139535
13659 0.0058139535
15196 0.0058139535
13919 0.0058139535
16736 0.0058139535
1376 0.011627907
16481 0.0058139535
6246 0.0058139535
3430 0.0058139535
1904 0.0058139535
8561 0.0058139535
884 0.011627907
19062 0.0058139535
19581 0.046511628
17023 0.011627907
21632 0.0058139535
17029 0.023255814
6279 0.0058139535
16520 0.0058139535
15496 0.0058139535
19849 0.0058139535
6796 0.0058139535
20367 0.0058139535
6032 0.0058139535
17553 0.0058139535
10897 0.029069768
16530 0.0058139535
8342 0.0058139535
13210 0.0058139535
8097 0.011627907
3745 0.017441861
11431 0.011627907
7082 0.0058139535
12208 0.040697675
8371 0.0058139535
14515 0.011627907
20405 0.034883723
18872 0.0058139535
14781 0.0058139535
4286 0.0058139535
5825 0.046511628
3522 0.011627907
9666 0.023255814
963 0.0058139535
14533 0.0058139535
16582 0.0058139535
2758 0.0058139535
20942 0.0058139535
13521 0.0058139535
10451 0.023255814
20437 0.0058139535
20696 0.0058139535
21465 0.0058139535
18397 0.0058139535
19935 0.0058139535
7135 0.0058139535
6116 0.0058139535
20453 0.023255814
8422 0.0058139535
2791 0.0058139535
16871 0.0058139535
1006 0.023255814
3058 0.0058139535
20723 0.0058139535
21752 0.0058139535
11512 0.023255814
22009 0.011627907
15610 0.0058139535
14587 0.0058139535
19455 0.0058139535
