19712 0.0034246575
10242 0.0034246575
4100 0.006849315
5893 0.0102739725
16390 0.0034246575
19718 0.0034246575
17415 0.0034246575
2312 0.0034246575
19212 0.0034246575
1295 0.0034246575
1809 0.0034246575
275 0.0034246575
22035 0.0034246575
13844 0.0034246575
1812 0.0034246575
8982 0.0034246575
6934 0.0034246575
22294 0.006849315
19736 0.0102739725
8218 0.0034246575
4635 0.006849315
3100 0.0034246575
15902 0.0034246575
14879 0.0034246575
6688 0.0034246575
9250 0.0034246575
21795 0.0034246575
21541 0.0034246575
17446 0.0034246575
12327 0.0034246575
21287 0.006849315
13611 0.0034246575
10284 0.0034246575
13100 0.0034246575
18222 0.0034246575
20526 0.0034246575
18991 0.0034246575
20784 0.0034246575
1072 0.0034246575
21040 0.0034246575
8243 0.0034246575
14650 0.0034246575
6206 0.006849315
18239 0.017123288
11327 0.017123288
10306 0.0034246575
1858 0.0034246575
6215 0.0034246575
8263 0.0034246575
12871 0.006849315
4169 0.0034246575
20554 0.0034246575
18251 0.034246575
21075 0.0034246575
18263 0.0102739725
20824 0.017123288
20315 0.0034246575
15196 0.0034246575
9565 0.0102739725
9310 0.0034246575
16991 0.0034246575
13920 0.0034246575
16481 0.0034246575
20579 0.006849315
3430 0.0034246575
18795 0.0034246575
6509 0.0034246575
10094 0.0034246575
14705 0.0034246575
11635 0.0102739725
884 0.0102739725
19062 0.0034246575
19581 0.04109589
15998 0.0034246575
17023 0.0034246575
21632 0.0034246575
132 0.0034246575
11141 0.006849315
8070 0.006849315
9862 0.01369863
16520 0.0034246575
17805 0.006849315
910 0.0034246575
6032 0.0034246575
10897 0.017123288
19603 0.0102739725
7829 0.0034246575
7830 0.0034246575
8855 0.0034246575
8343 0.006849315
11672 0.0034246575
5019 0.0034246575
11932 0.006849315
4510 0.0034246575
3745 0.0034246575
18338 0.0034246575
14755 0.0034246575
15011 0.006849315
11431 0.0034246575
11944 0.0034246575
19886 0.006849315
8111 0.0034246575
5295 0.0034246575
7087 0.006849315
8368 0.04109589
2994 0.0034246575
14515 0.0102739725
20405 0.01369863
14774 0.006849315
11447 0.0034246575
18872 0.0034246575
1978 0.0034246575
21947 0.0034246575
5825 0.0034246575
13254 0.0034246575
7878 0.0034246575
16582 0.006849315
716 0.0034246575
14798 0.0034246575
16592 0.0034246575
1488 0.0034246575
13521 0.0034246575
10451 0.020547945
5335 0.0034246575
20696 0.0102739725
731 0.0034246575
4574 0.0034246575
6623 0.006849315
4319 0.020547945
9183 0.020547945
14560 0.0034246575
8163 0.0034246575
5859 0.0102739725
6116 0.0034246575
20453 0.0034246575
5861 0.0034246575
6886 0.0102739725
16871 0.0034246575
20712 0.0034246575
8937 0.01369863
20203 0.01369863
16621 0.0034246575
1006 0.0034246575
10993 0.006849315
20723 0.0102739725
14838 0.017123288
17143 0.0034246575
11512 0.05479452
15610 0.0034246575
9466 0.0034246575
17915 0.0034246575
3323 0.0102739725
18431 0.0034246575
5631 0.0034246575
