16641 0.003533569
8194 0.007067138
4355 0.003533569
12547 0.003533569
8709 0.003533569
5893 0.021201413
19718 0.003533569
10246 0.010600707
20231 0.007067138
3339 0.003533569
16396 0.003533569
10767 0.003533569
15120 0.003533569
275 0.003533569
8468 0.003533569
13844 0.003533569
17431 0.003533569
19736 0.007067138
4635 0.003533569
17437 0.010600707
15902 0.010600707
3104 0.003533569
18209 0.003533569
11298 0.003533569
21541 0.003533569
10023 0.003533569
10027 0.003533569
18731 0.010600707
2605 0.007067138
14381 0.007067138
20784 0.003533569
22067 0.003533569
14650 0.010600707
6206 0.003533569
18239 0.007067138
1858 0.003533569
10821 0.014134276
12871 0.003533569
6215 0.003533569
8263 0.007067138
14153 0.003533569
18251 0.014134276
3917 0.003533569
16717 0.003533569
21325 0.007067138
14165 0.003533569
18263 0.007067138
20571 0.003533569
20315 0.007067138
9310 0.003533569
16736 0.010600707
16481 0.003533569
21345 0.003533569
10083 0.003533569
20579 0.007067138
3430 0.007067138
19560 0.003533569
13160 0.003533569
13929 0.014134276
884 0.003533569
21621 0.014134276
19062 0.010600707
9084 0.003533569
19581 0.003533569
11391 0.003533569
21632 0.003533569
3456 0.003533569
2690 0.003533569
11141 0.003533569
9862 0.010600707
1930 0.003533569
7567 0.014134276
10896 0.003533569
4752 0.003533569
8592 0.007067138
10897 0.014134276
2199 0.003533569
8343 0.003533569
19865 0.003533569
13722 0.003533569
11932 0.003533569
3745 0.010600707
13730 0.003533569
19620 0.003533569
13733 0.003533569
11431 0.003533569
2731 0.007067138
17069 0.003533569
19886 0.017667845
10417 0.003533569
8885 0.014134276
20405 0.03180212
2230 0.007067138
14271 0.003533569
6336 0.017667845
4546 0.003533569
16582 0.003533569
2758 0.003533569
21958 0.003533569
1224 0.003533569
16841 0.003533569
18378 0.003533569
1482 0.017667845
716 0.007067138
13260 0.017667845
2765 0.007067138
3790 0.021201413
13521 0.003533569
10451 0.042402826
20437 0.010600707
20438 0.003533569
20696 0.038869258
18394 0.007067138
14300 0.003533569
13532 0.024734983
4319 0.010600707
5859 0.007067138
6116 0.003533569
20453 0.003533569
21733 0.003533569
20454 0.003533569
2791 0.003533569
20712 0.003533569
7400 0.003533569
7914 0.003533569
1006 0.010600707
496 0.003533569
20723 0.003533569
18932 0.007067138
5366 0.007067138
1527 0.003533569
11512 0.056537103
2041 0.007067138
3323 0.003533569
6654 0.010600707
19199 0.003533569
6143 0.007067138
