8194 0.0072727273
8709 0.0036363637
5893 0.021818181
10246 0.0072727273
17415 0.0036363637
10759 0.0036363637
4617 0.0036363637
6409 0.0072727273
15629 0.0036363637
10767 0.0036363637
17684 0.0036363637
2836 0.0036363637
19736 0.018181818
8218 0.0036363637
4635 0.0072727273
15900 0.0036363637
9250 0.0072727273
3619 0.0036363637
20516 0.0036363637
21541 0.0036363637
6952 0.0036363637
2089 0.0036363637
13097 0.0072727273
298 0.0036363637
20784 0.0036363637
8243 0.0036363637
2356 0.0036363637
15415 0.0036363637
14650 0.0072727273
12095 0.0036363637
18239 0.0072727273
11327 0.014545455
21312 0.0036363637
16448 0.0036363637
11073 0.0036363637
8260 0.0036363637
10821 0.0036363637
18758 0.0072727273
12871 0.0036363637
8265 0.0036363637
18251 0.018181818
16717 0.0036363637
337 0.0036363637
16979 0.0036363637
21588 0.0072727273
18263 0.018181818
1112 0.0036363637
19034 0.0036363637
13659 0.0036363637
20571 0.0036363637
16736 0.010909091
16481 0.0072727273
21345 0.0072727273
7265 0.025454545
7522 0.0036363637
10083 0.0036363637
20579 0.0036363637
3430 0.0036363637
2662 0.010909091
4714 0.014545455
107 0.0036363637
11376 0.0036363637
19569 0.0072727273
884 0.014545455
21621 0.0036363637
19062 0.0036363637
13690 0.0036363637
19581 0.0036363637
21632 0.0036363637
16002 0.0036363637
12418 0.0036363637
16003 0.014545455
8836 0.0036363637
11653 0.0036363637
9862 0.0036363637
8070 0.0072727273
16520 0.0036363637
17549 0.010909091
19601 0.0036363637
10897 0.014545455
8852 0.0036363637
12180 0.0036363637
11925 0.0036363637
150 0.0036363637
8343 0.0072727273
15003 0.0036363637
10651 0.021818181
11932 0.0072727273
2205 0.0036363637
4510 0.0072727273
13983 0.0036363637
3745 0.0072727273
3491 0.0036363637
18340 0.0036363637
8876 0.0036363637
19886 0.0072727273
8368 0.025454545
7090 0.0036363637
20405 0.02909091
15034 0.018181818
4286 0.0036363637
16064 0.0036363637
10691 0.0036363637
7877 0.0036363637
16582 0.0036363637
21704 0.0072727273
10184 0.0072727273
716 0.0036363637
18636 0.0036363637
6862 0.0036363637
13775 0.0036363637
13521 0.0036363637
8146 0.0072727273
10451 0.047272727
20696 0.0072727273
3288 0.018181818
21465 0.0072727273
1242 0.0036363637
22235 0.0036363637
13532 0.0072727273
18397 0.0036363637
9183 0.0036363637
4319 0.010909091
1249 0.0036363637
13538 0.0036363637
3300 0.0036363637
6116 0.018181818
5861 0.0036363637
20453 0.021818181
14310 0.0036363637
6886 0.0072727273
7914 0.0036363637
1006 0.014545455
12016 0.0036363637
10993 0.0036363637
241 0.0036363637
20723 0.0036363637
14838 0.0036363637
11512 0.021818181
11259 0.0036363637
3323 0.014545455
19199 0.0036363637
6143 0.010909091
