8194 0.0040983604
10243 0.0040983604
4100 0.0040983604
6661 0.0040983604
5893 0.012295082
17415 0.0040983604
10763 0.0040983604
5900 0.0040983604
16396 0.020491803
5396 0.016393442
22294 0.024590164
19736 0.008196721
4635 0.024590164
15900 0.0040983604
8478 0.0040983604
10783 0.0040983604
6687 0.0040983604
13097 0.008196721
8493 0.0040983604
14381 0.0040983604
13613 0.008196721
20784 0.0040983604
22064 0.0040983604
4915 0.0040983604
21813 0.0040983604
14903 0.012295082
14650 0.008196721
13883 0.008196721
13884 0.0040983604
20799 0.0040983604
18239 0.012295082
17727 0.016393442
14406 0.0040983604
4934 0.0040983604
18758 0.0040983604
12871 0.0040983604
2119 0.0040983604
6215 0.012295082
14153 0.0040983604
18251 0.0040983604
12109 0.0040983604
3922 0.0040983604
20562 0.0040983604
21588 0.0040983604
13659 0.0040983604
20571 0.0040983604
861 0.0040983604
9310 0.012295082
16736 0.0040983604
16481 0.0040983604
11617 0.0040983604
20579 0.0040983604
10083 0.0040983604
3430 0.008196721
2662 0.012295082
8811 0.0040983604
11121 0.0040983604
8561 0.0040983604
113 0.0040983604
884 0.012295082
14966 0.0040983604
19062 0.0040983604
8573 0.008196721
19581 0.012295082
3455 0.0040983604
21632 0.0040983604
16003 0.008196721
11141 0.0040983604
4997 0.0040983604
9862 0.0040983604
14215 0.0040983604
20104 0.0040983604
8843 0.0040983604
10896 0.008196721
10897 0.012295082
18834 0.0040983604
8343 0.0040983604
10649 0.0040983604
4510 0.0040983604
19104 0.0040983604
3745 0.0040983604
9379 0.0040983604
10662 0.0040983604
15528 0.0040983604
11944 0.0040983604
20648 0.0040983604
13485 0.008196721
8368 0.008196721
14515 0.008196721
16308 0.0040983604
20405 0.040983606
19126 0.008196721
5825 0.008196721
21698 0.008196721
10691 0.0040983604
19652 0.0040983604
16582 0.0040983604
2758 0.0040983604
19917 0.0040983604
13521 0.0040983604
15569 0.0040983604
10451 0.028688524
20437 0.0040983604
14806 0.0040983604
11223 0.0040983604
20696 0.032786883
4314 0.0040983604
731 0.0040983604
5340 0.0040983604
13532 0.0040983604
9186 0.0040983604
20453 0.016393442
8422 0.016393442
10983 0.0040983604
7914 0.0040983604
18414 0.008196721
1006 0.008196721
12016 0.0040983604
14321 0.0040983604
20723 0.008196721
7669 0.008196721
11512 0.05327869
12286 0.0040983604
6143 0.008196721
3839 0.09016393
