258 0.004484305
5122 0.004484305
8709 0.004484305
5893 0.044843048
6409 0.004484305
5900 0.004484305
4111 0.03587444
15120 0.004484305
13844 0.004484305
19736 0.004484305
4635 0.01793722
14365 0.004484305
12321 0.004484305
16161 0.004484305
9250 0.01793722
20516 0.004484305
21541 0.004484305
38 0.00896861
13610 0.004484305
298 0.004484305
1324 0.004484305
20784 0.004484305
18225 0.004484305
14129 0.00896861
7474 0.004484305
12595 0.004484305
4915 0.004484305
13619 0.004484305
56 0.004484305
14650 0.02690583
18239 0.02690583
1858 0.004484305
3139 0.004484305
19780 0.004484305
18501 0.004484305
10821 0.004484305
2119 0.004484305
12871 0.013452915
20554 0.004484305
18251 0.004484305
6477 0.05381166
2897 0.004484305
17751 0.004484305
18263 0.013452915
19034 0.004484305
13659 0.004484305
15196 0.013452915
16481 0.004484305
21345 0.013452915
3430 0.004484305
7789 0.004484305
21872 0.00896861
884 0.00896861
10101 0.004484305
15484 0.004484305
19581 0.013452915
21632 0.004484305
2176 0.004484305
8836 0.004484305
9862 0.00896861
16520 0.004484305
7567 0.004484305
10897 0.013452915
20883 0.004484305
8596 0.004484305
8343 0.004484305
20121 0.004484305
4510 0.004484305
3745 0.01793722
15011 0.013452915
14757 0.004484305
18598 0.00896861
15528 0.013452915
7082 0.004484305
13485 0.004484305
19886 0.004484305
8371 0.00896861
1716 0.004484305
12468 0.004484305
20405 0.004484305
2231 0.004484305
6588 0.004484305
16064 0.004484305
15808 0.004484305
21953 0.004484305
18369 0.004484305
21698 0.004484305
10691 0.004484305
3268 0.004484305
9157 0.004484305
16582 0.004484305
4556 0.044843048
20942 0.004484305
1488 0.00896861
13521 0.004484305
10451 0.013452915
20437 0.004484305
16599 0.004484305
3288 0.013452915
22235 0.004484305
14300 0.004484305
16605 0.004484305
2531 0.004484305
6116 0.013452915
22245 0.004484305
5349 0.004484305
16871 0.004484305
2791 0.00896861
10728 0.004484305
3306 0.022421524
17131 0.004484305
1006 0.01793722
18159 0.004484305
8175 0.004484305
241 0.004484305
20723 0.004484305
12787 0.00896861
21492 0.004484305
9461 0.01793722
14070 0.004484305
11512 0.00896861
2041 0.004484305
22270 0.004484305
19199 0.00896861
