16384 0.0038461538
8194 0.0038461538
5892 0.0038461538
14853 0.0038461538
5893 0.015384615
10246 0.015384615
5900 0.0076923077
10767 0.0038461538
17935 0.0038461538
1295 0.0076923077
21779 0.0038461538
3859 0.0038461538
2836 0.0038461538
16408 0.0038461538
19736 0.015384615
4635 0.011538462
10012 0.0038461538
13855 0.0038461538
11298 0.0038461538
6952 0.05
4652 0.0038461538
13613 0.011538462
20784 0.0038461538
6450 0.0038461538
10546 0.0038461538
11827 0.0038461538
18996 0.0038461538
17974 0.0038461538
21559 0.0038461538
14903 0.0038461538
14650 0.011538462
12094 0.0038461538
18239 0.0038461538
5190 0.0038461538
12871 0.0038461538
18251 0.046153847
19020 0.0038461538
16717 0.0038461538
11598 0.0038461538
20821 0.0038461538
8021 0.0038461538
20310 0.0038461538
6742 0.0038461538
11607 0.0038461538
8279 0.0038461538
18263 0.015384615
20571 0.0038461538
13659 0.0076923077
15196 0.0038461538
10335 0.0038461538
6239 0.0038461538
16481 0.0038461538
20065 0.0038461538
21345 0.0038461538
7265 0.09615385
20579 0.0038461538
3430 0.0076923077
13929 0.0038461538
6509 0.0038461538
10350 0.015384615
883 0.0038461538
884 0.0038461538
8573 0.0038461538
19581 0.0076923077
21632 0.0038461538
899 0.0038461538
16003 0.011538462
11141 0.0038461538
9862 0.0076923077
3208 0.0038461538
17548 0.0038461538
4237 0.0038461538
6286 0.0038461538
10897 0.053846154
16531 0.0038461538
10649 0.0038461538
10651 0.015384615
11932 0.0076923077
3745 0.0038461538
6052 0.0038461538
17573 0.0038461538
12710 0.0038461538
10409 0.0038461538
20405 0.015384615
19126 0.0038461538
2231 0.0076923077
14011 0.0038461538
12734 0.0076923077
6336 0.0076923077
5825 0.0038461538
22210 0.0038461538
21698 0.0038461538
3522 0.0038461538
10691 0.0038461538
10949 0.015384615
16582 0.0038461538
10184 0.0038461538
13260 0.0038461538
6862 0.0038461538
19918 0.0076923077
1488 0.015384615
13521 0.0038461538
10451 0.034615386
5077 0.0038461538
6872 0.0038461538
20696 0.0038461538
1754 0.0038461538
731 0.0038461538
14300 0.0038461538
20959 0.0038461538
6623 0.0038461538
4319 0.034615386
4834 0.0038461538
5349 0.0038461538
20453 0.0038461538
1254 0.0038461538
746 0.0038461538
1006 0.011538462
8175 0.0038461538
21487 0.0038461538
12016 0.0038461538
3058 0.011538462
16886 0.0038461538
11512 0.034615386
2041 0.0076923077
