19460 0.0037593986
5893 0.015037594
16390 0.007518797
10763 0.0037593986
16140 0.0037593986
16396 0.007518797
15629 0.0037593986
17935 0.0037593986
5903 0.0037593986
10512 0.0037593986
15120 0.0037593986
15634 0.0037593986
22294 0.0037593986
19736 0.018796992
8218 0.0037593986
4635 0.015037594
11548 0.0037593986
11298 0.0037593986
21541 0.0037593986
7208 0.0037593986
21545 0.0037593986
13613 0.007518797
4911 0.0037593986
21295 0.0037593986
20784 0.0037593986
22064 0.015037594
10546 0.007518797
4915 0.0037593986
14391 0.0037593986
14903 0.0037593986
14650 0.018796992
11327 0.0037593986
18239 0.007518797
10821 0.015037594
4934 0.0037593986
18758 0.007518797
12871 0.0037593986
6728 0.0037593986
15689 0.0037593986
18251 0.030075189
8526 0.0037593986
14158 0.0037593986
21841 0.0037593986
20821 0.0037593986
18263 0.007518797
13659 0.0037593986
15963 0.0037593986
2140 0.0037593986
5212 0.02631579
22111 0.0037593986
13919 0.0037593986
22112 0.011278195
16736 0.011278195
16481 0.0037593986
8545 0.0037593986
6754 0.0037593986
15971 0.0037593986
11363 0.0037593986
1635 0.0037593986
20579 0.007518797
6243 0.011278195
2662 0.007518797
3430 0.007518797
8297 0.0037593986
4714 0.0037593986
6251 0.0037593986
5231 0.0037593986
6769 0.0037593986
8561 0.0037593986
884 0.0037593986
19062 0.0037593986
7292 0.0037593986
12413 0.0037593986
19581 0.018796992
3455 0.0037593986
21632 0.0037593986
11905 0.007518797
11141 0.007518797
8070 0.0037593986
16520 0.0037593986
3466 0.0037593986
19594 0.007518797
17294 0.0037593986
1166 0.0037593986
8078 0.007518797
10896 0.0037593986
10897 0.015037594
13714 0.0037593986
150 0.007518797
8343 0.0037593986
19098 0.0037593986
8090 0.0037593986
4510 0.007518797
3745 0.007518797
8097 0.041353382
21666 0.0037593986
18338 0.0037593986
21671 0.0037593986
15528 0.0037593986
20402 0.0037593986
14514 0.007518797
9139 0.0037593986
12980 0.0037593986
20405 0.030075189
19126 0.007518797
17846 0.018796992
15543 0.0037593986
4025 0.0037593986
16060 0.015037594
18877 0.0037593986
3520 0.0037593986
5825 0.007518797
3268 0.0037593986
14533 0.0037593986
16582 0.007518797
7110 0.007518797
1737 0.0037593986
21194 0.0037593986
6862 0.0037593986
14798 0.0037593986
19408 0.0037593986
1488 0.0037593986
13521 0.0037593986
10451 0.02255639
5076 0.0037593986
6359 0.0037593986
20696 0.007518797
21465 0.007518797
4314 0.0037593986
731 0.0037593986
14300 0.0037593986
4319 0.007518797
6623 0.007518797
6116 0.0037593986
20453 0.0037593986
15078 0.0037593986
7143 0.0037593986
16871 0.007518797
21739 0.0037593986
18414 0.0037593986
1006 0.011278195
21235 0.0037593986
20723 0.007518797
5623 0.0037593986
11512 0.015037594
22009 0.0037593986
3323 0.02255639
12798 0.0037593986
5631 0.0037593986
6143 0.015037594
