14083 0.0055555557
16646 0.0055555557
10246 0.011111111
10763 0.0055555557
7179 0.0055555557
15629 0.0055555557
17167 0.0055555557
10767 0.016666668
8208 0.0055555557
20501 0.0055555557
22294 0.011111111
19736 0.011111111
4635 0.0055555557
11292 0.0055555557
15900 0.0055555557
12830 0.0055555557
13855 0.0055555557
11298 0.011111111
20784 0.0055555557
8243 0.0055555557
15417 0.0055555557
14650 0.016666668
11073 0.0055555557
2884 0.0055555557
6215 0.0055555557
8263 0.0055555557
12871 0.011111111
18251 0.0055555557
20813 0.0055555557
7252 0.016666668
20821 0.0055555557
16981 0.0055555557
20309 0.016666668
20823 0.0055555557
18263 0.011111111
19802 0.011111111
16481 0.011111111
15715 0.0055555557
13667 0.0055555557
3943 0.0055555557
13929 0.0055555557
13426 0.0055555557
21621 0.0055555557
19322 0.0055555557
19581 0.016666668
21632 0.0055555557
3456 0.0055555557
2176 0.0055555557
8836 0.016666668
11141 0.022222223
20360 0.0055555557
2955 0.022222223
17294 0.0055555557
20367 0.0055555557
11151 0.0055555557
10896 0.0055555557
18064 0.011111111
20624 0.011111111
10897 0.016666668
7830 0.0055555557
8343 0.0055555557
16796 0.0055555557
18077 0.011111111
4513 0.0055555557
3745 0.016666668
18347 0.022222223
7090 0.016666668
9141 0.016666668
20405 0.022222223
19126 0.011111111
21178 0.0055555557
14525 0.0055555557
5314 0.0055555557
16582 0.0055555557
13255 0.0055555557
4556 0.011111111
12495 0.011111111
13521 0.0055555557
10451 0.027777778
7892 0.0055555557
20437 0.0055555557
20696 0.027777778
1241 0.011111111
4314 0.0055555557
1754 0.0055555557
14044 0.0055555557
7395 0.0055555557
6116 0.0055555557
5861 0.011111111
8422 0.03888889
21484 0.0055555557
18414 0.0055555557
1006 0.0055555557
9710 0.0055555557
8175 0.016666668
12016 0.011111111
20723 0.0055555557
14070 0.0055555557
15606 0.0055555557
14838 0.011111111
5623 0.0055555557
14584 0.0055555557
16888 0.011111111
11512 0.033333335
17658 0.0055555557
19199 0.0055555557
6143 0.011111111
