7680 0.0034965035
8194 0.0034965035
5892 0.031468533
5893 0.024475524
10246 0.01048951
12551 0.0034965035
10763 0.0034965035
16396 0.0034965035
17935 0.0034965035
22294 0.006993007
2328 0.0034965035
19736 0.013986014
4635 0.052447554
9250 0.013986014
13347 0.0034965035
21541 0.006993007
4649 0.006993007
298 0.0034965035
2602 0.0034965035
13610 0.0034965035
10284 0.0034965035
13613 0.01048951
20784 0.0034965035
11571 0.0034965035
13621 0.0034965035
14650 0.006993007
4923 0.0034965035
18239 0.0034965035
11327 0.0034965035
16453 0.0034965035
10821 0.006993007
12871 0.0034965035
8263 0.0034965035
18251 0.031468533
16717 0.0034965035
2897 0.0034965035
20049 0.0034965035
9813 0.01048951
18263 0.0034965035
15959 0.0034965035
13659 0.006993007
861 0.006993007
15966 0.0034965035
12128 0.0034965035
1376 0.006993007
16481 0.0034965035
20579 0.0034965035
13670 0.0034965035
19051 0.006993007
9836 0.01048951
6509 0.0034965035
5745 0.0034965035
11635 0.0034965035
5236 0.0034965035
884 0.006993007
21621 0.013986014
19062 0.0034965035
10618 0.006993007
19581 0.017482517
21632 0.0034965035
16003 0.0034965035
13187 0.0034965035
9862 0.006993007
20359 0.0034965035
5006 0.0034965035
10896 0.0034965035
10897 0.006993007
7315 0.0034965035
12180 0.0034965035
8343 0.006993007
8855 0.02097902
8090 0.0034965035
3745 0.006993007
8355 0.01048951
15528 0.01048951
11692 0.0034965035
21165 0.0034965035
8368 0.062937066
12466 0.0034965035
14514 0.006993007
6325 0.0034965035
20405 0.013986014
19126 0.0034965035
3520 0.0034965035
10691 0.0034965035
2758 0.0034965035
16582 0.006993007
14022 0.006993007
13255 0.0034965035
1737 0.0034965035
6091 0.0034965035
718 0.0034965035
1488 0.027972028
13521 0.0034965035
10451 0.034965035
10965 0.006993007
3288 0.0034965035
20696 0.027972028
2778 0.0034965035
13532 0.013986014
2269 0.0034965035
6623 0.0034965035
7647 0.0034965035
4319 0.006993007
9441 0.0034965035
7395 0.0034965035
6116 0.01048951
16869 0.0034965035
5349 0.0034965035
20453 0.01048951
6886 0.013986014
18152 0.0034965035
10218 0.017482517
1006 0.024475524
21487 0.01048951
12016 0.006993007
1521 0.0034965035
21493 0.0034965035
14838 0.0034965035
11512 0.04195804
4095 0.0034965035
6143 0.006993007
