21632 0.007874016
2690 0.007874016
10246 0.015748031
20231 0.007874016
17033 0.007874016
3339 0.007874016
14606 0.007874016
7567 0.015748031
21136 0.007874016
13713 0.007874016
10897 0.015748031
13334 0.015748031
4635 0.015748031
6813 0.007874016
3745 0.007874016
9250 0.007874016
10025 0.015748031
14891 0.007874016
2731 0.015748031
15662 0.007874016
20784 0.007874016
9393 0.007874016
10546 0.007874016
14514 0.007874016
8243 0.007874016
8628 0.015748031
11701 0.015748031
20405 0.015748031
15927 0.007874016
6588 0.007874016
4669 0.007874016
18239 0.007874016
20544 0.007874016
11073 0.007874016
19137 0.007874016
5825 0.015748031
9666 0.007874016
10821 0.023622047
16582 0.007874016
12871 0.007874016
1224 0.007874016
4809 0.007874016
1354 0.007874016
18251 0.007874016
20556 0.007874016
716 0.023622047
13260 0.031496063
20813 0.007874016
13521 0.007874016
8019 0.007874016
10451 0.03937008
20437 0.007874016
16599 0.007874016
16471 0.015748031
20696 0.007874016
5336 0.007874016
14684 0.023622047
15196 0.047244094
14173 0.007874016
9310 0.007874016
16736 0.007874016
16481 0.007874016
5859 0.007874016
20579 0.007874016
10083 0.023622047
6116 0.015748031
20453 0.007874016
13929 0.007874016
15209 0.023622047
18410 0.015748031
7660 0.007874016
11635 0.023622047
7284 0.007874016
19188 0.007874016
21621 0.015748031
19062 0.015748031
21752 0.007874016
11512 0.03937008
22267 0.007874016
19581 0.007874016
6654 0.023622047
