258 0.0034965035
8194 0.013986014
5893 0.027972028
10246 0.013986014
4617 0.0034965035
5645 0.0034965035
9485 0.006993007
15629 0.01048951
10767 0.0034965035
15120 0.0034965035
13844 0.0034965035
3092 0.0034965035
278 0.0034965035
22294 0.006993007
19736 0.017482517
4635 0.017482517
14365 0.0034965035
18209 0.0034965035
9250 0.0034965035
38 0.006993007
13097 0.006993007
298 0.006993007
10284 0.0034965035
13613 0.0034965035
1072 0.006993007
20020 0.01048951
15417 0.0034965035
14650 0.013986014
22078 0.0034965035
11327 0.006993007
18239 0.006993007
10821 0.017482517
18758 0.0034965035
12871 0.0034965035
8263 0.0034965035
6215 0.006993007
2379 0.0034965035
18251 0.03846154
16717 0.0034965035
11598 0.01048951
5455 0.01048951
10065 0.006993007
18263 0.006993007
5209 0.0034965035
11611 0.0034965035
7772 0.006993007
9565 0.006993007
12639 0.0034965035
16481 0.0034965035
7265 0.0034965035
21345 0.006993007
22114 0.0034965035
10083 0.0034965035
6243 0.0034965035
20579 0.0034965035
2662 0.0034965035
3430 0.02097902
20337 0.006993007
884 0.0034965035
12660 0.006993007
19062 0.006993007
14714 0.0034965035
15484 0.0034965035
13436 0.0034965035
19581 0.031468533
12415 0.0034965035
21632 0.0034965035
1411 0.0034965035
16003 0.031468533
9862 0.01048951
12937 0.0034965035
6286 0.0034965035
18064 0.0034965035
14992 0.0034965035
10896 0.006993007
17553 0.0034965035
9361 0.006993007
10897 0.017482517
1682 0.006993007
6550 0.0034965035
13463 0.0034965035
8343 0.006993007
21401 0.006993007
10651 0.0034965035
11932 0.0034965035
4253 0.045454547
3745 0.01048951
9892 0.0034965035
21925 0.0034965035
8368 0.006993007
14514 0.006993007
8371 0.0034965035
14515 0.006993007
20405 0.006993007
15039 0.0034965035
16064 0.006993007
5825 0.0034965035
963 0.0034965035
3268 0.0034965035
18116 0.006993007
16582 0.0034965035
7366 0.0034965035
2758 0.0034965035
13255 0.0034965035
1482 0.006993007
17355 0.01048951
19917 0.0034965035
6862 0.0034965035
12495 0.0034965035
13521 0.0034965035
10451 0.013986014
7380 0.0034965035
7124 0.0034965035
20437 0.0034965035
11734 0.0034965035
20696 0.006993007
7897 0.0034965035
13532 0.006993007
18397 0.0034965035
10461 0.0034965035
16605 0.006993007
4319 0.013986014
18914 0.0034965035
6116 0.013986014
5861 0.0034965035
20453 0.006993007
16871 0.0034965035
11241 0.0034965035
7914 0.006993007
15342 0.0034965035
1006 0.0034965035
8175 0.0034965035
19183 0.0034965035
12016 0.0034965035
16625 0.0034965035
499 0.0034965035
19188 0.0034965035
4341 0.0034965035
11512 0.04195804
6137 0.0034965035
3839 0.0034965035
6143 0.006993007
