21632 0.004237288
11141 0.004237288
5893 0.008474576
9478 0.004237288
10246 0.029661017
13580 0.004237288
5900 0.008474576
17935 0.008474576
11151 0.012711864
21136 0.004237288
6032 0.004237288
10897 0.025423728
21779 0.004237288
16533 0.008474576
150 0.004237288
7830 0.029661017
16024 0.004237288
19736 0.012711864
4635 0.012711864
15900 0.004237288
11932 0.004237288
13855 0.004237288
20127 0.004237288
3745 0.008474576
9637 0.004237288
15528 0.008474576
2731 0.004237288
18731 0.021186441
13613 0.004237288
18607 0.004237288
22064 0.004237288
14514 0.004237288
21813 0.008474576
20405 0.050847456
19126 0.004237288
14905 0.004237288
4286 0.004237288
9918 0.004237288
18623 0.004237288
18239 0.012711864
4160 0.004237288
11972 0.004237288
16582 0.004237288
12871 0.004237288
8011 0.004237288
18251 0.029661017
2765 0.004237288
16717 0.008474576
1488 0.004237288
13521 0.004237288
9810 0.004237288
10451 0.038135592
16724 0.004237288
18263 0.004237288
6359 0.004237288
15959 0.004237288
11607 0.008474576
3288 0.004237288
20696 0.004237288
15960 0.055084746
21465 0.004237288
20186 0.004237288
15196 0.004237288
4574 0.004237288
6239 0.004237288
6623 0.021186441
4319 0.025423728
1376 0.004237288
16481 0.004237288
12899 0.004237288
20579 0.004237288
6115 0.13559322
6116 0.004237288
5349 0.004237288
20453 0.004237288
3430 0.012711864
15335 0.004237288
20712 0.004237288
13160 0.004237288
13929 0.038135592
14442 0.004237288
3306 0.016949153
1261 0.004237288
10605 0.004237288
12142 0.004237288
19695 0.004237288
12016 0.008474576
241 0.008474576
11635 0.004237288
14838 0.004237288
7160 0.004237288
11512 0.033898305
14714 0.004237288
12413 0.004237288
19581 0.012711864
19199 0.004237288
5631 0.004237288
