17666 0.0031152647
9988 0.0031152647
4100 0.009345794
5893 0.018691588
10246 0.009345794
5900 0.0031152647
15629 0.0031152647
10767 0.0031152647
15376 0.0031152647
18452 0.0031152647
2836 0.0031152647
19736 0.0031152647
4635 0.009345794
15900 0.0062305294
18208 0.0031152647
13345 0.0031152647
9250 0.0031152647
11298 0.0031152647
20516 0.0031152647
17960 0.0031152647
1837 0.0062305294
19250 0.0031152647
10546 0.0062305294
13621 0.0031152647
311 0.0031152647
5688 0.0031152647
15417 0.0031152647
14394 0.0031152647
14650 0.015576324
22076 0.0031152647
18239 0.012461059
11327 0.018691588
11073 0.0031152647
4934 0.0031152647
18758 0.0031152647
12871 0.0062305294
8263 0.009345794
15688 0.0031152647
18251 0.009345794
3148 0.0031152647
20813 0.0031152647
15949 0.0031152647
14158 0.0031152647
19025 0.0031152647
8530 0.0031152647
16724 0.0031152647
14164 0.009345794
20821 0.0031152647
16981 0.0031152647
18263 0.009345794
4441 0.0031152647
19034 0.0031152647
10331 0.0031152647
8797 0.0031152647
14173 0.012461059
9310 0.009345794
8288 0.0062305294
16481 0.0031152647
21345 0.0062305294
20579 0.0062305294
3430 0.0031152647
7271 0.0031152647
5735 0.0031152647
14442 0.0031152647
11114 0.0031152647
6509 0.0031152647
21872 0.0031152647
2674 0.0031152647
13426 0.0062305294
18547 0.0031152647
13428 0.0031152647
884 0.0062305294
14966 0.0031152647
14714 0.0031152647
4474 0.0031152647
19581 0.015576324
15742 0.0031152647
21632 0.0031152647
2690 0.0031152647
7298 0.0031152647
13186 0.009345794
11141 0.0031152647
8070 0.0031152647
9862 0.0062305294
4743 0.0031152647
18057 0.0031152647
17549 0.0031152647
17294 0.0031152647
6286 0.0031152647
20624 0.0031152647
18064 0.0031152647
10896 0.0031152647
9361 0.0031152647
10897 0.024922118
150 0.0031152647
7830 0.009345794
8343 0.0031152647
8855 0.0062305294
21401 0.0031152647
19865 0.0031152647
10651 0.0031152647
5019 0.012461059
1948 0.0031152647
8860 0.0031152647
11932 0.009345794
4253 0.0031152647
21150 0.0031152647
18081 0.0031152647
3745 0.0062305294
18340 0.0031152647
677 0.0031152647
6566 0.0031152647
9387 0.0031152647
3243 0.0031152647
6828 0.0062305294
19886 0.0031152647
8368 0.040498443
10417 0.0031152647
7090 0.0031152647
1716 0.0031152647
20405 0.018691588
19385 0.0031152647
16064 0.0031152647
21698 0.0031152647
9666 0.0031152647
10691 0.0062305294
16582 0.0031152647
7881 0.018691588
715 0.0031152647
19917 0.0031152647
14798 0.0031152647
3791 0.0031152647
13775 0.0031152647
16847 0.0031152647
1488 0.009345794
13521 0.0031152647
10451 0.024922118
11734 0.0031152647
20696 0.024922118
7897 0.0062305294
21465 0.037383176
13532 0.0031152647
16095 0.0031152647
5088 0.0031152647
18401 0.0031152647
5859 0.0031152647
11235 0.0031152647
6116 0.0031152647
5861 0.0031152647
20453 0.0062305294
15847 0.0031152647
7914 0.0062305294
14060 0.0031152647
1006 0.009345794
19183 0.0031152647
1524 0.0031152647
13044 0.0031152647
247 0.043613706
9208 0.0031152647
11512 0.05919003
2041 0.0031152647
3323 0.0031152647
19199 0.0031152647
18431 0.0031152647
6143 0.0062305294
