8194 0.0023923444
9988 0.014354067
5893 0.021531101
10246 0.0071770335
16390 0.014354067
10763 0.016746411
15629 0.0023923444
10767 0.004784689
8208 0.0023923444
13844 0.0023923444
22294 0.0023923444
19736 0.019138755
21786 0.0023923444
4635 0.004784689
10780 0.0023923444
15900 0.0023923444
31 0.004784689
6688 0.009569378
11298 0.0023923444
9250 0.004784689
22050 0.0071770335
4903 0.004784689
298 0.0071770335
6444 0.009569378
15917 0.0023923444
13613 0.011961723
5423 0.0023923444
2607 0.0023923444
1072 0.011961723
20020 0.004784689
21558 0.004784689
14650 0.004784689
7486 0.004784689
11327 0.0071770335
18239 0.011961723
1858 0.004784689
10821 0.0023923444
4934 0.0023923444
18758 0.0023923444
12871 0.0023923444
8263 0.004784689
2119 0.0071770335
12873 0.0023923444
18251 0.02631579
16717 0.0023923444
20813 0.0071770335
14158 0.0023923444
11598 0.004784689
5454 0.0023923444
15962 0.0023923444
13659 0.0023923444
19805 0.0071770335
13919 0.004784689
9057 0.0023923444
16481 0.004784689
20579 0.004784689
3430 0.0071770335
15209 0.004784689
6509 0.004784689
11635 0.0023923444
884 0.0023923444
21621 0.014354067
14714 0.0023923444
11644 0.004784689
19581 0.011961723
14463 0.0023923444
21632 0.0023923444
16512 0.0023923444
9862 0.004784689
18566 0.009569378
17294 0.004784689
13967 0.0023923444
18064 0.0023923444
13200 0.0023923444
10896 0.0023923444
8592 0.004784689
9361 0.0023923444
10897 0.0071770335
1427 0.0023923444
20883 0.0023923444
8343 0.009569378
16024 0.0023923444
10649 0.009569378
411 0.004784689
11932 0.0071770335
20127 0.0023923444
3745 0.0023923444
1697 0.0023923444
1955 0.0023923444
18340 0.0023923444
9387 0.0023923444
2731 0.0023923444
7852 0.0023923444
19886 0.0023923444
9393 0.0023923444
20402 0.0023923444
14514 0.0023923444
20405 0.040669855
19126 0.0023923444
7866 0.0023923444
21947 0.0023923444
6588 0.004784689
14273 0.0023923444
4290 0.0023923444
10691 0.0071770335
3268 0.0023923444
3525 0.0023923444
16582 0.004784689
4807 0.0023923444
715 0.0023923444
19917 0.0023923444
11215 0.0023923444
12495 0.0023923444
19408 0.0023923444
1488 0.0071770335
13521 0.0023923444
3538 0.0023923444
10451 0.033492822
7124 0.0023923444
3288 0.004784689
20696 0.014354067
7385 0.0023923444
1241 0.004784689
21465 0.004784689
7642 0.0023923444
4828 0.0023923444
13532 0.0071770335
7645 0.0023923444
16605 0.004784689
4574 0.0023923444
4319 0.0023923444
7647 0.0023923444
7905 0.0023923444
8163 0.0023923444
9699 0.0023923444
6116 0.0071770335
5861 0.0023923444
20453 0.009569378
6886 0.0023923444
20198 0.004784689
20712 0.0023923444
7914 0.0023923444
1261 0.0071770335
15854 0.0023923444
1006 0.011961723
21487 0.0071770335
11504 0.0023923444
241 0.0023923444
20723 0.0071770335
21236 0.0023923444
17653 0.0023923444
18677 0.004784689
11512 0.05263158
6137 0.0023923444
12793 0.0023923444
2041 0.0023923444
3323 0.0023923444
1788 0.12440191
6654 0.0023923444
12798 0.0023923444
13566 0.009569378
