4100 0.0034246575
5892 0.006849315
5893 0.0102739725
10246 0.01369863
21514 0.0034246575
16396 0.0034246575
15629 0.0034246575
2061 0.0102739725
10767 0.0034246575
17431 0.0034246575
19736 0.006849315
4635 0.01369863
6688 0.0034246575
22050 0.0034246575
38 0.0034246575
19495 0.0034246575
4903 0.006849315
13610 0.0034246575
17196 0.0034246575
4658 0.0034246575
6450 0.0034246575
2356 0.0034246575
21558 0.0034246575
2361 0.0034246575
14650 0.0034246575
11327 0.006849315
18239 0.020547945
11073 0.0034246575
10821 0.017123288
18758 0.0034246575
6215 0.0034246575
8263 0.006849315
12871 0.006849315
4169 0.006849315
18251 0.034246575
11598 0.0034246575
11599 0.0034246575
18263 0.08561644
20571 0.0034246575
13659 0.0034246575
16221 0.0034246575
9310 0.0034246575
7007 0.0034246575
6239 0.0034246575
1376 0.0034246575
16481 0.0034246575
14691 0.0034246575
20579 0.006849315
8295 0.0034246575
13160 0.0034246575
10344 0.0034246575
4969 0.0034246575
14443 0.006849315
6509 0.006849315
21872 0.0034246575
13426 0.006849315
11635 0.0034246575
884 0.006849315
21621 0.0034246575
14714 0.0034246575
6525 0.0034246575
19581 0.020547945
21632 0.0034246575
641 0.0034246575
11905 0.006849315
13186 0.0034246575
9862 0.01369863
10896 0.0034246575
20624 0.006849315
9361 0.0034246575
20881 0.0034246575
10897 0.09589041
13714 0.0034246575
19603 0.0034246575
5015 0.0034246575
8343 0.0102739725
8855 0.020547945
21403 0.0034246575
11932 0.0034246575
3745 0.0034246575
18340 0.0034246575
6821 0.0034246575
7082 0.0034246575
8368 0.020547945
10417 0.0034246575
20405 0.023972603
19385 0.0034246575
18877 0.006849315
16579 0.0034246575
20163 0.0034246575
9157 0.0034246575
16582 0.006849315
13260 0.0034246575
716 0.006849315
16077 0.0034246575
718 0.0034246575
1488 0.0034246575
13521 0.0034246575
10451 0.05821918
3288 0.0034246575
728 0.0034246575
20696 0.0034246575
21465 0.0034246575
22235 0.0034246575
7135 0.0034246575
4319 0.04109589
12000 0.0034246575
6116 0.017123288
12262 0.0034246575
8422 0.0034246575
7914 0.006849315
14061 0.0034246575
18414 0.0034246575
1006 0.0034246575
14838 0.006849315
11512 0.05821918
20217 0.0034246575
2041 0.0102739725
18431 0.0034246575
