7680 0.0037313432
8194 0.0037313432
4100 0.0037313432
5893 0.04477612
10246 0.014925373
20231 0.018656716
16396 0.0037313432
10767 0.01119403
19736 0.014925373
4635 0.0037313432
10524 0.0037313432
15900 0.0074626864
5149 0.0037313432
6688 0.01119403
9250 0.0074626864
6435 0.01119403
38 0.0074626864
8743 0.0037313432
42 0.0037313432
21291 0.0037313432
14381 0.0037313432
8243 0.0037313432
21044 0.0037313432
4665 0.0037313432
8249 0.0037313432
3130 0.0074626864
14650 0.014925373
10813 0.0037313432
7743 0.0037313432
18239 0.0037313432
5696 0.0037313432
1858 0.0037313432
12871 0.0037313432
8263 0.0037313432
18251 0.03731343
16717 0.0037313432
10321 0.0037313432
11350 0.0037313432
18263 0.014925373
11611 0.0037313432
13659 0.0037313432
5212 0.0037313432
7007 0.0074626864
16736 0.018656716
16481 0.0037313432
20065 0.0037313432
21345 0.014925373
10083 0.0074626864
20579 0.0074626864
2662 0.0037313432
3430 0.014925373
13929 0.0037313432
15209 0.0037313432
874 0.0037313432
10605 0.0037313432
19062 0.0037313432
14714 0.0037313432
8573 0.0037313432
12413 0.0074626864
19581 0.018656716
9342 0.0037313432
21632 0.0037313432
22147 0.0037313432
8070 0.0074626864
9862 0.014925373
20360 0.0037313432
10897 0.014925373
16531 0.0037313432
20883 0.0074626864
9363 0.014925373
18325 0.0037313432
407 0.0037313432
5275 0.0037313432
18843 0.0074626864
11932 0.0037313432
3745 0.0037313432
14753 0.0037313432
1697 0.0074626864
8355 0.0037313432
15011 0.0037313432
18340 0.0037313432
7077 0.0037313432
12710 0.0037313432
20648 0.0074626864
2731 0.0037313432
13485 0.0037313432
10415 0.01119403
8368 0.014925373
9139 0.0037313432
20405 0.01119403
8890 0.0074626864
7357 0.0037313432
16064 0.0074626864
3268 0.0037313432
3524 0.0037313432
9413 0.0037313432
16582 0.0037313432
9670 0.0037313432
1482 0.0037313432
18378 0.0074626864
6091 0.0074626864
13260 0.0037313432
462 0.0074626864
13775 0.0037313432
1488 0.014925373
13521 0.0037313432
3538 0.0037313432
5843 0.0074626864
10451 0.018656716
20696 0.04477612
7642 0.0037313432
4570 0.0074626864
5083 0.0037313432
14300 0.0037313432
18911 0.0037313432
20959 0.0037313432
6623 0.0037313432
9951 0.0037313432
4319 0.026119404
5861 0.0037313432
5349 0.0037313432
2791 0.0037313432
10472 0.0037313432
11241 0.0037313432
7914 0.0037313432
13039 0.01119403
12016 0.0037313432
11505 0.0037313432
241 0.0037313432
8433 0.0037313432
3058 0.0037313432
21752 0.0037313432
11512 0.05597015
17658 0.0037313432
19199 0.0074626864
