5122 0.004405286
8194 0.004405286
5893 0.017621145
10246 0.004405286
20231 0.004405286
17415 0.008810572
6409 0.008810572
16396 0.013215859
7950 0.004405286
17935 0.004405286
10767 0.008810572
8208 0.004405286
3860 0.004405286
19736 0.013215859
4635 0.026431719
16669 0.013215859
12321 0.004405286
11298 0.008810572
9250 0.008810572
12325 0.004405286
21541 0.004405286
13610 0.004405286
4652 0.008810572
10288 0.004405286
10546 0.008810572
22067 0.004405286
20020 0.004405286
14905 0.008810572
4665 0.02202643
14650 0.030837005
18239 0.017621145
11327 0.017621145
1858 0.004405286
10821 0.004405286
12871 0.004405286
8263 0.008810572
18251 0.004405286
16717 0.008810572
20566 0.004405286
12119 0.004405286
18263 0.013215859
19034 0.004405286
11611 0.004405286
13919 0.004405286
16481 0.004405286
10083 0.004405286
3430 0.004405286
13160 0.004405286
8297 0.008810572
5231 0.004405286
21874 0.008810572
11635 0.004405286
884 0.004405286
19062 0.004405286
13689 0.004405286
14714 0.004405286
19322 0.004405286
15484 0.004405286
19581 0.008810572
21632 0.004405286
17025 0.004405286
2690 0.004405286
10882 0.008810572
12165 0.004405286
9862 0.008810572
4743 0.004405286
16520 0.004405286
21645 0.004405286
7054 0.004405286
18064 0.008810572
10897 0.013215859
17298 0.004405286
20883 0.030837005
2197 0.004405286
8343 0.004405286
8603 0.004405286
14753 0.004405286
3745 0.017621145
7077 0.004405286
14757 0.004405286
19622 0.008810572
15528 0.004405286
19886 0.008810572
14766 0.008810572
8371 0.004405286
20405 0.02202643
19126 0.004405286
8890 0.004405286
16573 0.004405286
6336 0.004405286
19137 0.008810572
10949 0.004405286
16582 0.004405286
10184 0.004405286
18378 0.004405286
4556 0.026431719
18381 0.004405286
12495 0.008810572
13521 0.004405286
10451 0.017621145
8662 0.004405286
20696 0.004405286
3288 0.057268724
4314 0.004405286
6623 0.008810572
6368 0.004405286
6116 0.004405286
5349 0.013215859
16871 0.008810572
14314 0.004405286
1006 0.013215859
12015 0.004405286
12016 0.008810572
17653 0.004405286
21493 0.004405286
15606 0.004405286
6646 0.004405286
11512 0.030837005
2041 0.004405286
8444 0.004405286
6654 0.004405286
5631 0.004405286
6143 0.017621145
