4100 0.009852217
8709 0.0049261083
5893 0.009852217
16390 0.0049261083
2061 0.014778325
10767 0.0049261083
13844 0.0049261083
16408 0.0049261083
19736 0.009852217
4635 0.009852217
15900 0.0049261083
12321 0.0049261083
9250 0.014778325
38 0.0049261083
2602 0.0049261083
8237 0.0049261083
16430 0.0049261083
18991 0.0049261083
22064 0.0049261083
7474 0.009852217
3893 0.0049261083
14903 0.014778325
14650 0.019704433
11327 0.0049261083
18239 0.0049261083
4416 0.0049261083
10817 0.0049261083
17473 0.0049261083
10821 0.0049261083
11077 0.0049261083
4934 0.009852217
12871 0.009852217
4168 0.0049261083
15945 0.0049261083
18251 0.0049261083
14158 0.009852217
20309 0.049261082
18263 0.019704433
9310 0.014778325
16481 0.0049261083
21345 0.0049261083
20579 0.009852217
3430 0.014778325
4714 0.0049261083
14189 0.0049261083
13166 0.0049261083
14960 0.0049261083
21872 0.019704433
11121 0.0049261083
3697 0.0049261083
7793 0.0049261083
11633 0.0049261083
884 0.014778325
18038 0.0049261083
19062 0.0049261083
14966 0.0049261083
14714 0.0049261083
20349 0.0049261083
19581 0.009852217
21632 0.0049261083
16003 0.014778325
21381 0.0049261083
9862 0.009852217
4743 0.0049261083
3982 0.0049261083
10897 0.02955665
150 0.0049261083
8343 0.014778325
21401 0.0049261083
669 0.0049261083
13983 0.0049261083
3745 0.009852217
9639 0.0049261083
15528 0.009852217
13485 0.009852217
19886 0.0049261083
21168 0.0049261083
8368 0.0591133
9393 0.0049261083
20405 0.024630541
6588 0.0049261083
9666 0.0049261083
21957 0.0049261083
16582 0.0049261083
2758 0.009852217
1482 0.0049261083
19408 0.0049261083
13521 0.0049261083
10451 0.019704433
20696 0.024630541
9689 0.0049261083
5849 0.014778325
1754 0.0049261083
5083 0.0049261083
13532 0.0049261083
14818 0.0049261083
5859 0.019704433
6116 0.009852217
5349 0.0049261083
20453 0.0049261083
6886 0.0049261083
8934 0.0049261083
6120 0.009852217
18159 0.0049261083
16625 0.0049261083
12020 0.0049261083
14838 0.0049261083
20470 0.0049261083
6646 0.0049261083
11512 0.019704433
2041 0.014778325
3323 0.009852217
253 0.0049261083
16126 0.0049261083
