11776 0.0028248588
2048 0.0028248588
19461 0.0028248588
5893 0.008474576
16390 0.0028248588
10246 0.008474576
20231 0.0028248588
17415 0.0056497175
10248 0.0056497175
17419 0.0028248588
5645 0.0028248588
15629 0.008474576
15374 0.0028248588
15120 0.0056497175
22035 0.0028248588
13844 0.0028248588
19736 0.008474576
15899 0.0028248588
4635 0.0028248588
14365 0.0028248588
12830 0.0028248588
13855 0.0056497175
6688 0.0028248588
1826 0.0028248588
11298 0.0028248588
21541 0.0056497175
20520 0.0028248588
13610 0.0028248588
298 0.0028248588
18731 0.0028248588
1324 0.0056497175
1837 0.0056497175
13870 0.0028248588
22064 0.0056497175
10546 0.0028248588
21813 0.0056497175
14650 0.02259887
7995 0.0028248588
18239 0.008474576
11327 0.011299435
21312 0.0028248588
1858 0.0056497175
10821 0.011299435
18758 0.0056497175
12871 0.0028248588
9543 0.0028248588
6215 0.0028248588
8263 0.008474576
4169 0.0028248588
4682 0.0028248588
18251 0.028248588
6477 0.042372882
2897 0.0028248588
18263 0.0028248588
13659 0.0028248588
15196 0.0056497175
13919 0.0056497175
1376 0.0028248588
16481 0.0028248588
20579 0.0028248588
2915 0.0028248588
17252 0.0028248588
3430 0.008474576
13160 0.0028248588
14442 0.0028248588
6509 0.0056497175
7789 0.050847456
1134 0.0028248588
18544 0.0056497175
2674 0.008474576
11635 0.008474576
884 0.011299435
12918 0.0028248588
17272 0.0056497175
14714 0.0028248588
12413 0.0028248588
8573 0.0028248588
19581 0.011299435
21632 0.0028248588
2690 0.0056497175
8070 0.0028248588
9862 0.008474576
16520 0.0028248588
10380 0.0028248588
20876 0.0028248588
3982 0.0028248588
1166 0.008474576
18064 0.0028248588
10897 0.016949153
658 0.0028248588
9619 0.0028248588
20883 0.053672317
22166 0.0028248588
20630 0.0056497175
8343 0.014124294
22169 0.0028248588
21401 0.0028248588
14490 0.0028248588
11932 0.014124294
3745 0.0056497175
8355 0.0028248588
10661 0.0028248588
20648 0.0028248588
10922 0.0056497175
7082 0.008474576
2731 0.0028248588
19628 0.0056497175
12205 0.0028248588
19886 0.011299435
8371 0.0028248588
14515 0.0056497175
20405 0.02259887
19126 0.011299435
2231 0.0028248588
21944 0.0028248588
5825 0.008474576
3268 0.0028248588
16582 0.0028248588
2758 0.0028248588
7110 0.016949153
716 0.0028248588
2509 0.0028248588
6862 0.0028248588
14798 0.0028248588
1488 0.0028248588
13521 0.0028248588
10451 0.011299435
470 0.0028248588
20438 0.016949153
20696 0.0028248588
3288 0.0056497175
21465 0.0028248588
987 0.0028248588
6364 0.0028248588
13534 0.0028248588
7135 0.0028248588
4319 0.028248588
8163 0.0028248588
19683 0.0056497175
6116 0.0056497175
5861 0.008474576
15078 0.0028248588
6886 0.0028248588
16871 0.0028248588
2791 0.0056497175
20712 0.0056497175
2798 0.0028248588
1006 0.011299435
12016 0.0028248588
10993 0.0028248588
19443 0.0028248588
21492 0.0028248588
9461 0.0056497175
16888 0.0056497175
11512 0.036723163
17659 0.0028248588
14587 0.0028248588
