9988 0.004464286
5893 0.008928572
16390 0.004464286
10246 0.013392857
17415 0.004464286
10763 0.013392857
10767 0.004464286
5903 0.004464286
19216 0.004464286
7952 0.004464286
6160 0.004464286
13334 0.004464286
19736 0.004464286
4635 0.008928572
15900 0.004464286
6688 0.004464286
19488 0.004464286
14625 0.004464286
21541 0.004464286
4903 0.004464286
8743 0.004464286
11303 0.004464286
13097 0.004464286
2602 0.004464286
21291 0.004464286
13613 0.008928572
17453 0.06696428
7474 0.004464286
10546 0.008928572
21813 0.004464286
14650 0.004464286
11837 0.07589286
18239 0.017857144
576 0.004464286
11073 0.013392857
10821 0.008928572
18246 0.004464286
8263 0.004464286
12871 0.008928572
18251 0.004464286
8012 0.004464286
7246 0.008928572
10321 0.008928572
18263 0.004464286
20055 0.004464286
11607 0.004464286
4440 0.004464286
13659 0.004464286
1628 0.004464286
15196 0.008928572
13919 0.004464286
16481 0.004464286
10083 0.008928572
13929 0.004464286
15209 0.008928572
16495 0.004464286
11635 0.02232143
21621 0.04017857
14714 0.004464286
19581 0.004464286
21632 0.004464286
20360 0.004464286
6032 0.008928572
10897 0.02232143
13714 0.004464286
12180 0.004464286
8342 0.004464286
4253 0.004464286
3745 0.004464286
7077 0.004464286
11431 0.008928572
20648 0.004464286
19886 0.004464286
12208 0.004464286
9393 0.004464286
8371 0.004464286
20405 0.008928572
12730 0.004464286
21947 0.004464286
12734 0.004464286
3262 0.013392857
6336 0.004464286
5825 0.013392857
9666 0.004464286
21698 0.004464286
14533 0.004464286
9157 0.004464286
16582 0.004464286
2506 0.004464286
716 0.008928572
13260 0.04910714
14798 0.004464286
1488 0.004464286
13521 0.004464286
10451 0.03125
5589 0.004464286
11734 0.004464286
16599 0.004464286
20696 0.004464286
3288 0.004464286
16605 0.004464286
15330 0.004464286
6116 0.004464286
5861 0.004464286
20453 0.004464286
18410 0.004464286
7914 0.013392857
15342 0.004464286
1006 0.013392857
18159 0.004464286
21487 0.008928572
10993 0.004464286
18932 0.004464286
18677 0.004464286
5623 0.004464286
1527 0.004464286
11512 0.04464286
22270 0.004464286
6143 0.008928572
