18693 0.0035460992
4870 0.0035460992
10246 0.0035460992
17415 0.0070921984
10763 0.0035460992
5900 0.010638298
15629 0.0035460992
13584 0.0035460992
13844 0.0035460992
8727 0.0035460992
19736 0.0035460992
2842 0.0035460992
4635 0.0035460992
8475 0.0070921984
12830 0.0070921984
6688 0.0035460992
16161 0.0035460992
9250 0.0035460992
13090 0.0070921984
21541 0.0070921984
8230 0.0035460992
38 0.0035460992
17447 0.0035460992
14120 0.0035460992
7208 0.0070921984
15146 0.0035460992
6444 0.0035460992
4141 0.0035460992
13613 0.0035460992
8237 0.0070921984
15662 0.0035460992
13870 0.0035460992
8497 0.0035460992
10546 0.0035460992
15669 0.0035460992
4665 0.0035460992
14650 0.010638298
12603 0.0070921984
11327 0.014184397
18239 0.014184397
1858 0.0070921984
21317 0.0035460992
18501 0.0070921984
10821 0.014184397
20550 0.0035460992
12871 0.0035460992
8263 0.014184397
18251 0.024822695
21325 0.0035460992
7246 0.0035460992
12624 0.010638298
9813 0.0035460992
18263 0.017730497
20315 0.0035460992
20571 0.0035460992
13659 0.0070921984
10331 0.0070921984
6239 0.010638298
16481 0.0035460992
8545 0.0035460992
4195 0.0035460992
20579 0.0035460992
11363 0.0035460992
2662 0.0035460992
3430 0.0070921984
15465 0.0035460992
15209 0.0035460992
8811 0.0035460992
1391 0.0035460992
10095 0.0070921984
13426 0.0035460992
884 0.0070921984
21621 0.0035460992
19062 0.0070921984
2424 0.0070921984
14714 0.0035460992
11644 0.0035460992
19581 0.024822695
21632 0.0035460992
3456 0.0035460992
18563 0.0035460992
16520 0.0035460992
20876 0.0035460992
13709 0.0035460992
11151 0.0070921984
1937 0.0070921984
10897 0.010638298
18834 0.0070921984
8085 0.0035460992
21141 0.0035460992
6806 0.0035460992
150 0.0035460992
7830 0.014184397
13722 0.0035460992
11932 0.0035460992
3745 0.0035460992
18081 0.0035460992
8097 0.024822695
15522 0.0035460992
7331 0.0035460992
15011 0.0035460992
7333 0.0035460992
9393 0.0035460992
2740 0.0070921984
9141 0.0070921984
20405 0.010638298
5825 0.0070921984
14273 0.0070921984
9666 0.0035460992
3522 0.010638298
10691 0.0035460992
9157 0.0035460992
16582 0.0035460992
2758 0.010638298
4295 0.0035460992
18378 0.010638298
716 0.0070921984
19917 0.0035460992
14798 0.0070921984
13521 0.0035460992
10451 0.024822695
11221 0.0035460992
20438 0.0035460992
20696 0.0035460992
3288 0.010638298
21465 0.0035460992
7642 0.0035460992
731 0.0070921984
12765 0.0035460992
6623 0.014184397
4319 0.024822695
18656 0.0035460992
16097 0.0035460992
7395 0.0035460992
5349 0.0035460992
20453 0.010638298
8422 0.0035460992
16871 0.0035460992
2791 0.0035460992
14825 0.0035460992
3306 0.017730497
1006 0.028368793
18159 0.0035460992
12016 0.0035460992
18417 0.0035460992
8433 0.0035460992
9461 0.028368793
11512 0.04255319
14587 0.010638298
5631 0.0035460992
