5121 0.0029850747
5892 0.0029850747
4100 0.0059701493
5893 0.07462686
16390 0.0089552235
10246 0.014925373
17415 0.0029850747
1295 0.0029850747
2579 0.0029850747
13844 0.0029850747
21 0.0029850747
19736 0.017910447
3611 0.0029850747
4635 0.011940299
18972 0.0029850747
13855 0.0029850747
2335 0.0089552235
9250 0.0029850747
3619 0.0029850747
14886 0.0029850747
12329 0.0029850747
298 0.0029850747
21546 0.0029850747
13613 0.014925373
10546 0.0089552235
15411 0.0029850747
8243 0.0029850747
7479 0.0029850747
311 0.0059701493
8250 0.0029850747
14650 0.011940299
10556 0.0029850747
3645 0.0029850747
11327 0.0059701493
18239 0.0089552235
21312 0.0029850747
4934 0.0029850747
20550 0.0029850747
18758 0.0059701493
12871 0.0029850747
15945 0.0029850747
3658 0.0029850747
18251 0.023880597
16717 0.0059701493
5460 0.0029850747
2388 0.0029850747
9813 0.0029850747
1877 0.0059701493
20821 0.0059701493
19034 0.0029850747
8282 0.0059701493
13659 0.0029850747
11103 0.0029850747
16481 0.0029850747
7265 0.0029850747
21345 0.0029850747
15971 0.0029850747
9061 0.0029850747
3430 0.0029850747
5735 0.0029850747
10603 0.0029850747
5228 0.0029850747
4717 0.0029850747
12398 0.0029850747
5231 0.0059701493
21872 0.0029850747
10097 0.0029850747
19314 0.0029850747
11635 0.011940299
884 0.0059701493
10868 0.0089552235
21621 0.0059701493
19062 0.0029850747
14714 0.0029850747
7292 0.0029850747
19581 0.03880597
5502 0.0029850747
21632 0.0029850747
2690 0.0029850747
16003 0.0029850747
8836 0.0029850747
13958 0.0029850747
8843 0.0029850747
17294 0.0029850747
6286 0.0029850747
3982 0.0029850747
9361 0.0029850747
10897 0.011940299
16790 0.0029850747
150 0.0059701493
8343 0.0029850747
21401 0.0029850747
10651 0.014925373
2204 0.0029850747
4253 0.0029850747
14237 0.0029850747
927 0.0059701493
3745 0.0029850747
11170 0.0059701493
15528 0.0029850747
426 0.0059701493
9387 0.0029850747
8621 0.0029850747
11438 0.0029850747
19886 0.0089552235
20402 0.0029850747
10677 0.0029850747
20405 0.017910447
2231 0.0059701493
14520 0.0029850747
18872 0.014925373
16572 0.0029850747
4797 0.0029850747
4286 0.0029850747
18369 0.0029850747
3522 0.0029850747
963 0.0059701493
3268 0.0089552235
10180 0.0089552235
9926 0.0029850747
16582 0.0059701493
7110 0.0059701493
715 0.0029850747
716 0.0029850747
19917 0.0089552235
9935 0.011940299
13521 0.0029850747
8146 0.0029850747
10451 0.017910447
20437 0.0029850747
20693 0.0029850747
14293 0.0029850747
9685 0.03880597
3288 0.0029850747
20696 0.0029850747
7897 0.0059701493
21465 0.0089552235
14300 0.0029850747
20959 0.0029850747
4319 0.011940299
14048 0.0029850747
18148 0.0029850747
6116 0.014925373
5349 0.0029850747
8422 0.0029850747
20712 0.0029850747
11241 0.0029850747
14060 0.0029850747
8175 0.0029850747
21487 0.011940299
16880 0.0029850747
5361 0.0029850747
20723 0.0059701493
17653 0.0059701493
14838 0.0029850747
4342 0.017910447
5623 0.0029850747
11512 0.047761194
3323 0.0059701493
22270 0.0029850747
19199 0.0029850747
