8194 0.01171875
5893 0.00390625
8709 0.0078125
10246 0.015625
21774 0.00390625
2836 0.01171875
13334 0.015625
9496 0.00390625
19736 0.00390625
4635 0.01171875
4640 0.00390625
6688 0.00390625
11298 0.00390625
9250 0.00390625
8237 0.01953125
18480 0.00390625
19249 0.00390625
10546 0.00390625
8243 0.00390625
311 0.01171875
4665 0.0078125
14650 0.00390625
20538 0.00390625
8254 0.00390625
19518 0.00390625
18239 0.00390625
1858 0.00390625
10821 0.0078125
18758 0.015625
12871 0.00390625
6215 0.01171875
18251 0.01171875
16717 0.00390625
20813 0.00390625
15949 0.00390625
11598 0.00390625
337 0.00390625
19025 0.00390625
9810 0.0078125
20309 0.00390625
9813 0.00390625
20821 0.00390625
18263 0.03515625
9050 0.00390625
14938 0.00390625
19548 0.00390625
16481 0.00390625
2915 0.00390625
3430 0.0078125
15209 0.00390625
14442 0.00390625
4971 0.00390625
6509 0.00390625
10094 0.0078125
6255 0.00390625
11121 0.00390625
13426 0.00390625
11635 0.00390625
16756 0.00390625
884 0.00390625
14714 0.00390625
19322 0.00390625
6525 0.00390625
19581 0.01171875
8318 0.0078125
21632 0.00390625
13186 0.0078125
13187 0.00390625
12421 0.00390625
9862 0.00390625
18566 0.00390625
18064 0.0078125
20624 0.046875
10897 0.0234375
7830 0.00390625
4758 0.00390625
8343 0.01171875
12186 0.00390625
10651 0.00390625
2204 0.00390625
11932 0.01171875
18077 0.00390625
20127 0.00390625
13983 0.01953125
3745 0.0078125
7075 0.00390625
18091 0.00390625
2731 0.00390625
12208 0.00390625
7090 0.00390625
9139 0.01171875
9141 0.00390625
20405 0.01953125
12470 0.00390625
20158 0.00390625
21696 0.00390625
4801 0.00390625
14273 0.00390625
3268 0.00390625
2758 0.00390625
16582 0.015625
13255 0.01171875
8140 0.00390625
4556 0.00390625
5580 0.00390625
3790 0.00390625
1488 0.00390625
13521 0.00390625
10705 0.00390625
10451 0.015625
20437 0.00390625
9430 0.00390625
3288 0.0078125
20696 0.01171875
2778 0.00390625
16605 0.0078125
18910 0.00390625
9951 0.00390625
4319 0.00390625
6368 0.00390625
2531 0.0234375
5349 0.0078125
20453 0.0078125
8422 0.00390625
6886 0.01171875
17896 0.00390625
6888 0.00390625
19944 0.00390625
20203 0.00390625
1006 0.015625
18159 0.00390625
11504 0.00390625
12016 0.00390625
8433 0.01171875
13556 0.00390625
14325 0.00390625
21493 0.00390625
1527 0.00390625
11512 0.046875
6907 0.0078125
5631 0.01171875
