16385 0.003984064
8194 0.003984064
5893 0.01992032
10246 0.011952192
5900 0.007968128
13844 0.003984064
20501 0.003984064
3349 0.007968128
19736 0.01992032
6425 0.003984064
3104 0.003984064
9250 0.015936255
21541 0.007968128
10284 0.003984064
13613 0.007968128
17201 0.003984064
11825 0.007968128
8243 0.003984064
14650 0.007968128
22076 0.007968128
6205 0.003984064
10302 0.003984064
8254 0.003984064
319 0.011952192
18239 0.01992032
17219 0.003984064
10821 0.007968128
4934 0.007968128
12871 0.003984064
2119 0.003984064
18251 0.023904383
16717 0.003984064
14158 0.007968128
21586 0.003984064
5458 0.007968128
21076 0.003984064
13659 0.003984064
20571 0.003984064
6239 0.003984064
16481 0.003984064
9313 0.003984064
20579 0.003984064
5219 0.003984064
3430 0.003984064
2662 0.015936255
15209 0.003984064
14185 0.003984064
4714 0.015936255
18541 0.007968128
6509 0.011952192
8561 0.007968128
12147 0.007968128
11635 0.007968128
884 0.003984064
19062 0.003984064
11382 0.003984064
14714 0.003984064
19581 0.01992032
17023 0.003984064
21632 0.003984064
2690 0.007968128
9862 0.007968128
8843 0.003984064
6796 0.003984064
17036 0.003984064
13452 0.003984064
10125 0.003984064
17294 0.003984064
10897 0.035856575
8343 0.007968128
19352 0.003984064
11932 0.003984064
13983 0.003984064
3745 0.027888447
6566 0.003984064
6314 0.003984064
18604 0.003984064
12208 0.003984064
11443 0.003984064
8371 0.003984064
14515 0.003984064
4789 0.007968128
20405 0.027888447
12470 0.003984064
19126 0.003984064
4025 0.003984064
19642 0.003984064
6588 0.003984064
5825 0.011952192
21698 0.003984064
10691 0.007968128
16582 0.003984064
11718 0.003984064
9926 0.003984064
2758 0.007968128
1482 0.007968128
6096 0.003984064
13521 0.003984064
17361 0.003984064
10451 0.01992032
4052 0.015936255
17365 0.003984064
3288 0.003984064
20696 0.011952192
4314 0.003984064
19675 0.003984064
14300 0.003984064
13532 0.01992032
6623 0.015936255
4319 0.01992032
14560 0.003984064
6368 0.003984064
3300 0.003984064
6116 0.007968128
5349 0.003984064
20453 0.003984064
8422 0.011952192
16871 0.003984064
6888 0.003984064
2026 0.003984064
1006 0.023904383
2288 0.003984064
12020 0.003984064
14070 0.003984064
11512 0.05179283
15610 0.003984064
3323 0.003984064
6143 0.007968128
3839 0.007968128
