512 0.0033783785
8194 0.0033783785
5893 0.0033783785
16390 0.0033783785
10246 0.02027027
17415 0.006756757
15625 0.0033783785
7434 0.0033783785
15629 0.0033783785
10767 0.013513514
15120 0.0033783785
2836 0.0033783785
13844 0.006756757
19736 0.006756757
21786 0.0033783785
4635 0.0033783785
15900 0.0033783785
15902 0.0033783785
3104 0.0033783785
9250 0.006756757
21287 0.0033783785
7208 0.0033783785
13610 0.0033783785
12586 0.0033783785
2602 0.0033783785
298 0.006756757
18731 0.0033783785
4652 0.0033783785
8237 0.006756757
13613 0.010135135
2605 0.027027028
20275 0.0033783785
8243 0.0033783785
20020 0.0033783785
15415 0.0033783785
14394 0.0033783785
7486 0.0033783785
18239 0.013513514
10817 0.006756757
7490 0.0033783785
10821 0.0033783785
12614 0.0033783785
18758 0.0033783785
6215 0.0033783785
12871 0.006756757
3144 0.0033783785
5193 0.006756757
18251 0.0033783785
9808 0.0033783785
21588 0.013513514
20821 0.0033783785
8021 0.006756757
18263 0.006756757
20314 0.0033783785
15962 0.0033783785
19034 0.0033783785
10588 0.0033783785
13919 0.0033783785
14943 0.0033783785
6239 0.0033783785
1376 0.0033783785
16481 0.006756757
20579 0.006756757
10083 0.006756757
3430 0.0033783785
2662 0.010135135
5736 0.0033783785
12136 0.0033783785
15209 0.006756757
14442 0.0033783785
21872 0.0033783785
11635 0.006756757
884 0.0033783785
11636 0.0033783785
19317 0.0033783785
21621 0.006756757
12153 0.0033783785
14714 0.0033783785
18298 0.006756757
19581 0.0033783785
5502 0.0033783785
21632 0.0033783785
2176 0.0033783785
11905 0.0033783785
20610 0.0033783785
13186 0.010135135
16773 0.0033783785
6021 0.010135135
8070 0.006756757
9862 0.006756757
20360 0.006756757
17294 0.0033783785
910 0.0033783785
11151 0.0033783785
18064 0.0033783785
10896 0.0033783785
9616 0.0033783785
17553 0.0033783785
10897 0.016891891
5778 0.0033783785
19603 0.0033783785
16789 0.0033783785
21141 0.0033783785
20630 0.0033783785
20886 0.0033783785
8342 0.013513514
8343 0.006756757
11672 0.0033783785
16024 0.0033783785
5273 0.0033783785
19098 0.0033783785
13983 0.0033783785
3745 0.0033783785
21667 0.0033783785
9892 0.0033783785
17318 0.0033783785
181 0.0033783785
20405 0.04054054
19126 0.0033783785
4025 0.0033783785
12987 0.006756757
4286 0.0033783785
5825 0.0033783785
6849 0.0033783785
10691 0.0033783785
16582 0.0033783785
16841 0.006756757
5578 0.0033783785
2765 0.06418919
13521 0.0033783785
10451 0.037162162
14550 0.0033783785
11734 0.006756757
20696 0.010135135
7897 0.0033783785
5859 0.0033783785
6116 0.0033783785
5861 0.0033783785
20453 0.010135135
8422 0.0033783785
6886 0.016891891
16871 0.0033783785
15848 0.0033783785
14314 0.0033783785
7914 0.006756757
1261 0.0033783785
16621 0.0033783785
1006 0.006756757
18414 0.013513514
4079 0.0033783785
11504 0.0033783785
20723 0.006756757
13556 0.006756757
14838 0.006756757
15608 0.0033783785
14328 0.0033783785
11512 0.06081081
20217 0.0033783785
8444 0.0033783785
3581 0.0033783785
6654 0.0033783785
6143 0.006756757
