8194 0.0030674846
5893 0.018404908
10246 0.0030674846
8199 0.0030674846
5900 0.0030674846
15629 0.0030674846
10767 0.0030674846
18706 0.0030674846
22035 0.0030674846
18452 0.0030674846
13334 0.0030674846
19736 0.0030674846
18203 0.0030674846
4635 0.006134969
11298 0.006134969
9250 0.009202454
20516 0.024539877
2854 0.0030674846
7208 0.006134969
18731 0.0030674846
17196 0.0030674846
1837 0.0030674846
8237 0.0030674846
21038 0.0030674846
14129 0.0030674846
9009 0.0030674846
10546 0.0030674846
7474 0.0030674846
14903 0.0030674846
14650 0.018404908
8254 0.0030674846
21311 0.0030674846
10815 0.0030674846
11327 0.006134969
18239 0.012269938
15682 0.006134969
1858 0.006134969
18758 0.0030674846
12871 0.0030674846
2119 0.006134969
18251 0.030674847
16717 0.0030674846
10065 0.0030674846
10321 0.0030674846
21588 0.0030674846
20821 0.0030674846
6741 0.0030674846
20309 0.0030674846
16981 0.0030674846
9813 0.0030674846
8021 0.012269938
11350 0.0030674846
11607 0.0030674846
18263 0.006134969
10072 0.0030674846
16729 0.0030674846
11611 0.0030674846
13659 0.0030674846
7007 0.0030674846
1376 0.006134969
16481 0.0030674846
21345 0.0030674846
10083 0.0030674846
20579 0.006134969
17252 0.0030674846
2662 0.006134969
3430 0.006134969
15209 0.0030674846
10094 0.0030674846
21872 0.006134969
13426 0.0030674846
20851 0.0030674846
11635 0.006134969
884 0.0030674846
19062 0.0030674846
15223 0.0030674846
14714 0.0030674846
19581 0.009202454
21632 0.0030674846
16773 0.0030674846
11141 0.006134969
9862 0.0030674846
13958 0.0030674846
4743 0.0030674846
16520 0.0030674846
20360 0.006134969
17802 0.0030674846
13455 0.0030674846
12687 0.0030674846
10897 0.018404908
20883 0.0030674846
2197 0.006134969
7830 0.006134969
8343 0.018404908
21401 0.0030674846
13210 0.0030674846
20891 0.0030674846
11932 0.0030674846
2204 0.0030674846
4510 0.0030674846
3745 0.0030674846
8097 0.006134969
6308 0.0030674846
11431 0.0030674846
2731 0.0030674846
15789 0.0030674846
12205 0.0030674846
8368 0.006134969
14515 0.0030674846
20405 0.009202454
11447 0.0030674846
2231 0.006134969
11960 0.0030674846
9146 0.0030674846
5825 0.006134969
16322 0.0030674846
3522 0.0030674846
10691 0.009202454
16582 0.0030674846
13255 0.0030674846
21194 0.0030674846
22221 0.09509202
1488 0.0030674846
13521 0.0030674846
5843 0.0030674846
10451 0.027607363
17366 0.0030674846
18134 0.0030674846
20696 0.006134969
16605 0.0030674846
4574 0.0030674846
4319 0.018404908
18656 0.012269938
16097 0.0030674846
3300 0.0030674846
20453 0.0030674846
8422 0.0030674846
6886 0.012269938
2791 0.0030674846
16871 0.006134969
14314 0.0030674846
14060 0.006134969
1261 0.009202454
18414 0.0030674846
1006 0.018404908
8175 0.006134969
12016 0.009202454
2292 0.0030674846
20471 0.012269938
21752 0.0030674846
15608 0.006134969
11512 0.0398773
2041 0.009202454
253 0.0398773
6654 0.0030674846
13566 0.0030674846
15103 0.0030674846
18431 0.006134969
5631 0.009202454
