13060 0.0033670033
5892 0.01010101
5893 0.0067340066
16390 0.01010101
10246 0.02020202
20496 0.0033670033
6162 0.0033670033
13844 0.0033670033
8468 0.0033670033
22038 0.0033670033
19736 0.016835017
11547 0.0033670033
4635 0.0033670033
13855 0.0067340066
8735 0.0067340066
16161 0.02020202
9250 0.01010101
7460 0.0033670033
20516 0.0067340066
4903 0.0033670033
8743 0.0033670033
17201 0.0067340066
10546 0.0033670033
20538 0.0033670033
14650 0.01010101
19518 0.0033670033
18239 0.016835017
7487 0.08417509
8000 0.0033670033
11073 0.0033670033
21827 0.0033670033
5956 0.0033670033
12871 0.0033670033
8263 0.0033670033
2119 0.0033670033
18251 0.0033670033
16717 0.0033670033
5711 0.0033670033
3922 0.0033670033
9810 0.0033670033
8021 0.0033670033
20309 0.0033670033
18263 0.013468013
21848 0.0033670033
20571 0.0033670033
13659 0.0033670033
15196 0.0033670033
20573 0.0033670033
20063 0.0033670033
1376 0.0033670033
16481 0.0033670033
10083 0.0033670033
20579 0.0033670033
3430 0.0033670033
2662 0.0033670033
14185 0.0033670033
13929 0.0033670033
8811 0.0033670033
11121 0.0033670033
9073 0.0067340066
11635 0.0033670033
884 0.0033670033
21621 0.0033670033
14966 0.0033670033
14714 0.0033670033
11644 0.0033670033
12413 0.0033670033
19581 0.01010101
21632 0.0033670033
3456 0.0033670033
2690 0.0033670033
5253 0.0033670033
9862 0.0067340066
20360 0.0067340066
3210 0.0033670033
6286 0.0033670033
3982 0.01010101
20112 0.0033670033
10897 0.0067340066
16531 0.0033670033
20883 0.0033670033
150 0.0067340066
7830 0.0067340066
4758 0.013468013
8855 0.0033670033
8343 0.0033670033
22169 0.0033670033
21401 0.0033670033
5530 0.0033670033
10651 0.0033670033
157 0.0033670033
5790 0.0033670033
14494 0.0033670033
4510 0.0033670033
8097 0.0067340066
3745 0.01010101
6566 0.0033670033
5801 0.0033670033
13485 0.0033670033
18864 0.0067340066
8368 0.02020202
16561 0.0033670033
17329 0.0067340066
14514 0.0033670033
8371 0.0067340066
6836 0.0033670033
20405 0.013468013
2490 0.0033670033
21696 0.0033670033
5825 0.0033670033
4290 0.0033670033
9666 0.0033670033
13250 0.0033670033
3522 0.02020202
4547 0.0033670033
10691 0.01010101
3268 0.0033670033
9668 0.0033670033
14788 0.0033670033
14533 0.0033670033
16582 0.01010101
8135 0.0033670033
20167 0.0067340066
12746 0.0033670033
18378 0.0067340066
1482 0.0067340066
13260 0.0033670033
19917 0.0033670033
11215 0.0033670033
13521 0.0033670033
10451 0.026936026
20696 0.0067340066
3288 0.016835017
18905 0.0033670033
21465 0.0067340066
8925 0.0033670033
14302 0.0033670033
12001 0.0033670033
9442 0.0033670033
13538 0.0033670033
6115 0.0033670033
12771 0.016835017
8422 0.0033670033
9710 0.0033670033
1006 0.033670034
18159 0.0033670033
21487 0.0033670033
496 0.0033670033
8433 0.0033670033
18677 0.0033670033
18421 0.0033670033
19445 0.0033670033
1527 0.0033670033
3576 0.0033670033
11512 0.047138046
2041 0.0033670033
14330 0.0033670033
20988 0.0033670033
19199 0.0033670033
6143 0.0067340066
