5892 0.011278195
5893 0.007518797
16390 0.0037593986
10246 0.011278195
10759 0.0037593986
5900 0.030075189
10512 0.04887218
8468 0.0037593986
17690 0.0037593986
4635 0.007518797
10780 0.0037593986
13343 0.0037593986
10529 0.0037593986
9250 0.007518797
4136 0.011278195
22064 0.0037593986
10546 0.011278195
8243 0.007518797
14903 0.0037593986
3130 0.0037593986
1851 0.0037593986
11327 0.0037593986
18239 0.007518797
319 0.011278195
10817 0.007518797
10821 0.0037593986
18758 0.0037593986
4934 0.007518797
12871 0.0037593986
6472 0.0037593986
18251 0.033834588
16717 0.0037593986
2897 0.0037593986
18263 0.0037593986
11095 0.0037593986
5212 0.0037593986
15196 0.0037593986
6239 0.0037593986
16481 0.0037593986
20579 0.0037593986
2662 0.0037593986
10344 0.0037593986
15209 0.0037593986
6509 0.030075189
17262 0.0037593986
1134 0.0037593986
6510 0.0037593986
10095 0.0037593986
8561 0.0037593986
7793 0.0037593986
11121 0.0037593986
884 0.007518797
14966 0.0037593986
13689 0.0037593986
14714 0.0037593986
18298 0.0037593986
18811 0.0037593986
11644 0.0037593986
19581 0.011278195
3455 0.007518797
21632 0.0037593986
2690 0.0037593986
16003 0.0037593986
7299 0.0037593986
11141 0.007518797
9862 0.007518797
16520 0.0037593986
12937 0.007518797
19594 0.0037593986
3466 0.0037593986
8078 0.0037593986
11151 0.007518797
6032 0.0037593986
10897 0.02255639
13714 0.007518797
150 0.0037593986
8855 0.015037594
8343 0.02631579
9368 0.0037593986
19098 0.0037593986
11932 0.011278195
3745 0.015037594
8097 0.02631579
6562 0.0037593986
14757 0.0037593986
15528 0.011278195
10409 0.0037593986
9393 0.0037593986
10417 0.0037593986
14514 0.0037593986
9139 0.0037593986
20405 0.018796992
17846 0.02631579
20407 0.0037593986
11706 0.007518797
20412 0.0037593986
6588 0.015037594
3520 0.0037593986
5825 0.0037593986
10691 0.0037593986
14533 0.0037593986
9157 0.0037593986
16582 0.0037593986
2758 0.015037594
1739 0.0037593986
14798 0.0037593986
9167 0.0037593986
13521 0.0037593986
10451 0.02255639
9685 0.0037593986
20696 0.02255639
21465 0.007518797
15323 0.0037593986
11739 0.007518797
9183 0.007518797
9951 0.011278195
4319 0.018796992
5349 0.0037593986
20453 0.0037593986
6886 0.0037593986
8422 0.0037593986
16871 0.0037593986
20712 0.0037593986
14314 0.0037593986
20203 0.0037593986
1006 0.015037594
11512 0.04511278
20477 0.0037593986
19199 0.0037593986
