8194 0.005154639
261 0.0025773195
5893 0.041237112
16390 0.005154639
10246 0.012886598
10759 0.0025773195
11530 0.0025773195
10763 0.0025773195
7179 0.0025773195
15117 0.0025773195
10767 0.0025773195
8208 0.0025773195
20756 0.0025773195
19736 0.0154639175
8474 0.0025773195
4635 0.025773196
14621 0.0025773195
14365 0.0025773195
13855 0.0025773195
6688 0.0025773195
9250 0.0025773195
22050 0.005154639
4903 0.0025773195
10025 0.0025773195
298 0.005154639
7467 0.0025773195
8748 0.0025773195
4141 0.005154639
4654 0.0025773195
16430 0.0025773195
18991 0.0025773195
11825 0.0025773195
8497 0.0025773195
19250 0.0077319588
8243 0.0025773195
13876 0.0025773195
20020 0.0025773195
13621 0.005154639
14650 0.0154639175
59 0.0025773195
7486 0.0025773195
8254 0.0025773195
11327 0.0025773195
18239 0.0077319588
5184 0.0025773195
6208 0.0025773195
11073 0.0025773195
20550 0.0025773195
4934 0.005154639
12871 0.0025773195
2119 0.0025773195
8263 0.012886598
4169 0.005154639
18251 0.018041236
15949 0.0025773195
16717 0.0025773195
3922 0.0025773195
21588 0.0025773195
9557 0.005154639
11350 0.0077319588
4440 0.0025773195
5211 0.0025773195
13659 0.0025773195
20571 0.0077319588
6239 0.0025773195
16481 0.0025773195
21345 0.0077319588
20579 0.0077319588
3430 0.0077319588
5990 0.0077319588
22121 0.0025773195
14442 0.0025773195
21872 0.0025773195
14451 0.0025773195
11635 0.018041236
884 0.012886598
15222 0.005154639
2424 0.0025773195
14714 0.0025773195
19581 0.005154639
21632 0.0025773195
2176 0.0077319588
11141 0.0025773195
9862 0.010309278
10376 0.0025773195
20360 0.005154639
17805 0.0025773195
6286 0.0025773195
11151 0.0025773195
20624 0.0025773195
10896 0.005154639
6032 0.0077319588
17553 0.0025773195
10897 0.005154639
9619 0.0025773195
1687 0.0025773195
8343 0.0077319588
21401 0.0025773195
9370 0.0025773195
21403 0.0025773195
11932 0.0025773195
2204 0.0025773195
10398 0.13659793
13983 0.0025773195
3745 0.0025773195
18340 0.0025773195
21926 0.0025773195
1447 0.0025773195
13480 0.0025773195
20648 0.0025773195
15528 0.005154639
10409 0.0077319588
19885 0.0025773195
13485 0.0025773195
19886 0.0025773195
12721 0.0025773195
17329 0.0077319588
12980 0.0025773195
20405 0.010309278
19126 0.0025773195
2231 0.0025773195
3000 0.0025773195
10168 0.0025773195
6588 0.0025773195
10942 0.0025773195
14273 0.0025773195
5825 0.0025773195
21698 0.0025773195
14275 0.0025773195
10691 0.0025773195
16582 0.005154639
8140 0.0025773195
13521 0.0025773195
5585 0.005154639
10451 0.030927835
20437 0.005154639
20438 0.0025773195
11734 0.0025773195
8662 0.023195876
18136 0.0025773195
20696 0.025773196
731 0.0025773195
13532 0.0077319588
12765 0.0077319588
4319 0.020618556
7906 0.005154639
9954 0.010309278
6116 0.0025773195
3300 0.0025773195
5349 0.0025773195
11496 0.0025773195
20712 0.005154639
235 0.0025773195
17388 0.0025773195
12524 0.0025773195
1006 0.010309278
18159 0.0025773195
12271 0.0025773195
21487 0.005154639
11504 0.0025773195
19697 0.0025773195
8177 0.0025773195
1527 0.0025773195
11512 0.030927835
2041 0.0025773195
15610 0.0025773195
3323 0.0025773195
6143 0.005154639
