8193 0.0036363637
5892 0.018181818
5893 0.0072727273
10246 0.0036363637
16390 0.0036363637
17415 0.0036363637
10763 0.014545455
1295 0.0072727273
10767 0.010909091
22035 0.010909091
6164 0.0036363637
3860 0.0036363637
8468 0.0036363637
12823 0.0036363637
19736 0.010909091
4635 0.0072727273
18972 0.0036363637
16426 0.0036363637
298 0.0036363637
18987 0.0036363637
18731 0.0072727273
9516 0.0036363637
17196 0.0036363637
13613 0.0036363637
22064 0.010909091
10546 0.0072727273
20020 0.0036363637
566 0.0036363637
7224 0.0036363637
14650 0.0036363637
5179 0.0036363637
11837 0.0036363637
6206 0.0036363637
11327 0.0036363637
18239 0.0072727273
8000 0.0036363637
1858 0.0036363637
5698 0.010909091
18758 0.0036363637
326 0.0072727273
2119 0.0036363637
12871 0.0072727273
8263 0.010909091
18251 0.0036363637
20813 0.0036363637
12365 0.0036363637
9810 0.010909091
7252 0.0036363637
20821 0.0036363637
9053 0.014545455
9310 0.0036363637
8542 0.0072727273
16736 0.0036363637
8288 0.0036363637
16481 0.0036363637
21345 0.0036363637
8545 0.0036363637
2662 0.0036363637
21607 0.0036363637
10344 0.0036363637
15464 0.0036363637
13160 0.0036363637
13929 0.0036363637
15209 0.0036363637
8814 0.0036363637
884 0.0036363637
21621 0.0036363637
14198 0.0036363637
19062 0.0036363637
21110 0.0072727273
14714 0.0036363637
11644 0.0036363637
4477 0.0036363637
9598 0.0036363637
21632 0.0036363637
17537 0.0036363637
2690 0.010909091
19331 0.0036363637
17029 0.03272727
9862 0.010909091
6796 0.0036363637
13709 0.02909091
17294 0.0036363637
7567 0.0036363637
18064 0.0036363637
400 0.0036363637
6032 0.018181818
10897 0.02909091
18834 0.0036363637
15765 0.0072727273
4758 0.0072727273
8343 0.0036363637
8855 0.0036363637
19865 0.0036363637
19869 0.0036363637
4510 0.0036363637
3745 0.014545455
6819 0.0036363637
15528 0.0036363637
2731 0.0036363637
12459 0.0036363637
20139 0.0072727273
2222 0.0036363637
21679 0.0036363637
12208 0.0036363637
14514 0.0036363637
20405 0.018181818
11447 0.0036363637
9655 0.0036363637
21178 0.0036363637
16058 0.0036363637
17084 0.0036363637
4286 0.0036363637
5825 0.03272727
9666 0.0036363637
3268 0.0036363637
9926 0.0036363637
16582 0.0072727273
2758 0.0072727273
456 0.0072727273
13260 0.010909091
19149 0.0036363637
22223 0.0036363637
20176 0.0036363637
13521 0.0036363637
10451 0.047272727
10710 0.0036363637
20696 0.010909091
12765 0.0036363637
4573 0.0036363637
14048 0.0036363637
20448 0.04
8163 0.0036363637
12771 0.0036363637
6116 0.0036363637
21733 0.0036363637
20453 0.0072727273
6886 0.0036363637
8422 0.0036363637
2791 0.0072727273
19434 0.0036363637
20203 0.0036363637
1261 0.0072727273
1006 0.010909091
8175 0.0036363637
8433 0.0036363637
14069 0.0036363637
11512 0.018181818
2041 0.0072727273
18170 0.0036363637
19195 0.0036363637
6143 0.010909091
