7680 0.003030303
4100 0.009090909
8709 0.003030303
5893 0.015151516
10246 0.018181818
17415 0.009090909
7434 0.003030303
19980 0.003030303
17935 0.003030303
1295 0.012121212
10767 0.012121212
13844 0.009090909
16916 0.009090909
19736 0.009090909
4635 0.015151516
5149 0.003030303
16669 0.003030303
21278 0.003030303
8735 0.003030303
13343 0.006060606
13855 0.006060606
13857 0.003030303
12321 0.003030303
9250 0.006060606
2601 0.003030303
13097 0.006060606
13613 0.006060606
18991 0.006060606
19250 0.003030303
10546 0.003030303
8243 0.003030303
21813 0.003030303
7479 0.003030303
9271 0.003030303
21048 0.003030303
4665 0.006060606
14650 0.027272727
22076 0.006060606
13885 0.003030303
8254 0.006060606
11327 0.003030303
18239 0.009090909
1858 0.006060606
10821 0.006060606
18758 0.009090909
12871 0.006060606
8263 0.009090909
16712 0.003030303
18251 0.003030303
16717 0.009090909
6477 0.024242423
1876 0.003030303
20821 0.006060606
18263 0.012121212
13144 0.006060606
12637 0.006060606
6239 0.003030303
22111 0.003030303
16736 0.003030303
16481 0.003030303
21345 0.006060606
10083 0.003030303
2915 0.003030303
3430 0.003030303
15209 0.003030303
13929 0.012121212
14442 0.003030303
17262 0.003030303
9073 0.009090909
11635 0.009090909
884 0.009090909
17781 0.003030303
19062 0.003030303
887 0.003030303
9591 0.006060606
20345 0.003030303
14714 0.003030303
8573 0.003030303
19581 0.006060606
21632 0.003030303
5760 0.003030303
3456 0.009090909
22147 0.012121212
9862 0.006060606
8070 0.006060606
16519 0.006060606
21384 0.003030303
12424 0.003030303
7567 0.015151516
18064 0.006060606
17553 0.003030303
10897 0.027272727
19603 0.003030303
20883 0.006060606
150 0.003030303
8342 0.003030303
7830 0.018181818
8343 0.006060606
153 0.003030303
11932 0.003030303
8097 0.003030303
3745 0.009090909
12707 0.003030303
6564 0.006060606
19622 0.009090909
10412 0.003030303
9393 0.006060606
14515 0.006060606
8371 0.006060606
9397 0.003030303
20405 0.009090909
12470 0.003030303
20150 0.003030303
19126 0.006060606
2231 0.003030303
17084 0.003030303
6336 0.003030303
8384 0.003030303
19137 0.003030303
8386 0.003030303
9666 0.003030303
10691 0.003030303
16582 0.006060606
2758 0.009090909
4809 0.006060606
4556 0.018181818
19917 0.003030303
22224 0.003030303
13521 0.003030303
10451 0.024242423
14548 0.003030303
14037 0.003030303
20696 0.006060606
17114 0.003030303
5083 0.009090909
9951 0.003030303
4319 0.003030303
12771 0.003030303
6116 0.015151516
5861 0.003030303
20453 0.006060606
11751 0.003030303
16871 0.006060606
20712 0.003030303
3306 0.003030303
1006 0.006060606
12271 0.006060606
19696 0.006060606
16625 0.003030303
1527 0.003030303
7160 0.003030303
11512 0.07575758
2041 0.003030303
6654 0.006060606
6143 0.006060606
