6402 0.004219409
5893 0.033755273
10246 0.008438818
10507 0.004219409
15629 0.004219409
19736 0.012658228
4635 0.008438818
6688 0.012658228
9250 0.004219409
1072 0.016877636
10546 0.004219409
19250 0.008438818
7474 0.008438818
14650 0.025316456
17726 0.004219409
831 0.004219409
11327 0.008438818
18239 0.016877636
21312 0.004219409
19268 0.004219409
10821 0.016877636
12871 0.008438818
8263 0.016877636
18251 0.021097047
14158 0.012658228
10831 0.004219409
19025 0.004219409
9813 0.004219409
20309 0.004219409
18263 0.042194095
14173 0.004219409
16481 0.004219409
21345 0.004219409
2662 0.004219409
3943 0.008438818
10094 0.021097047
21872 0.008438818
884 0.004219409
21621 0.004219409
18038 0.004219409
15736 0.004219409
14714 0.004219409
15484 0.004219409
19581 0.029535865
21632 0.004219409
16773 0.004219409
9862 0.042194095
8583 0.004219409
16520 0.004219409
6032 0.004219409
10897 0.012658228
8855 0.008438818
8343 0.012658228
21401 0.008438818
10651 0.016877636
1948 0.004219409
13468 0.008438818
11932 0.021097047
9374 0.004219409
17310 0.004219409
13983 0.004219409
3745 0.004219409
14757 0.008438818
8368 0.012658228
9393 0.033755273
14514 0.004219409
7090 0.004219409
20405 0.004219409
9666 0.004219409
20163 0.004219409
9413 0.004219409
16582 0.021097047
715 0.004219409
716 0.004219409
19917 0.004219409
462 0.004219409
13521 0.004219409
5585 0.004219409
1746 0.004219409
10451 0.029535865
7124 0.046413504
20696 0.029535865
21465 0.004219409
14300 0.008438818
4319 0.004219409
18656 0.004219409
8163 0.004219409
20453 0.008438818
6886 0.004219409
16871 0.004219409
3818 0.004219409
7914 0.012658228
1006 0.016877636
241 0.008438818
20723 0.004219409
14838 0.012658228
11512 0.03797468
3323 0.004219409
10492 0.004219409
