5893 0.029801324
10246 0.0033112583
17415 0.0033112583
7176 0.0033112583
9227 0.0066225166
8208 0.0033112583
13843 0.0033112583
278 0.0033112583
19736 0.0066225166
3097 0.0066225166
4635 0.01655629
3100 0.0033112583
6688 0.0033112583
14625 0.0033112583
9250 0.0033112583
22050 0.009933775
38 0.009933775
2087 0.0033112583
13097 0.0066225166
298 0.009933775
6444 0.0066225166
21038 0.009933775
20020 0.0033112583
11833 0.0033112583
3129 0.0033112583
14650 0.009933775
15934 0.0033112583
15422 0.013245033
11327 0.009933775
18239 0.013245033
11073 0.009933775
4934 0.0033112583
12871 0.0033112583
6215 0.0033112583
9544 0.0033112583
14153 0.009933775
18251 0.0033112583
3148 0.0033112583
16717 0.0033112583
15949 0.0033112583
12365 0.0033112583
10831 0.0033112583
19286 0.0033112583
18263 0.09933775
13659 0.0033112583
14173 0.009933775
9310 0.013245033
6239 0.0033112583
13919 0.0033112583
22111 0.0066225166
16481 0.0033112583
21345 0.013245033
10083 0.0033112583
5990 0.0033112583
3430 0.0066225166
6509 0.0066225166
10094 0.0066225166
11121 0.0033112583
20337 0.13576159
11635 0.01986755
884 0.0066225166
21621 0.01655629
15222 0.0033112583
14714 0.0033112583
19581 0.0033112583
21632 0.0033112583
9862 0.013245033
9095 0.0033112583
4490 0.0033112583
6032 0.0033112583
17553 0.0033112583
10897 0.0066225166
20883 0.0066225166
8342 0.0066225166
8343 0.023178808
13210 0.0033112583
11932 0.0033112583
19359 0.0033112583
3745 0.0033112583
19886 0.009933775
8111 0.0033112583
12464 0.0066225166
14514 0.0033112583
8371 0.0066225166
20405 0.029801324
19126 0.0033112583
15543 0.0033112583
15802 0.0033112583
5825 0.0066225166
3522 0.0033112583
10691 0.0033112583
16579 0.0033112583
11973 0.0033112583
14533 0.0033112583
16582 0.0033112583
9926 0.0033112583
13260 0.0033112583
12495 0.0033112583
13521 0.0033112583
10451 0.026490066
11734 0.013245033
20696 0.0033112583
21465 0.0033112583
18394 0.0033112583
12765 0.0033112583
16605 0.0066225166
9951 0.0033112583
7906 0.0033112583
5859 0.0033112583
6116 0.013245033
12011 0.0033112583
1006 0.0033112583
12015 0.0033112583
20723 0.0033112583
10229 0.0033112583
11512 0.029801324
16892 0.0033112583
22270 0.0033112583
6654 0.009933775
6143 0.013245033
