16385 0.0054054055
770 0.016216217
5893 0.010810811
6662 0.0054054055
11270 0.0054054055
10246 0.010810811
10763 0.021621622
14860 0.0054054055
3860 0.0054054055
19736 0.0054054055
6425 0.0054054055
16161 0.0054054055
11298 0.0054054055
9250 0.016216217
4903 0.0054054055
8743 0.032432433
18731 0.0054054055
9517 0.0054054055
13613 0.0054054055
4141 0.0054054055
10546 0.0054054055
5170 0.0054054055
7474 0.0054054055
20538 0.0054054055
14650 0.0054054055
18239 0.0054054055
3396 0.0054054055
10821 0.0054054055
18501 0.0054054055
18758 0.0054054055
12871 0.0054054055
8263 0.0054054055
18251 0.0054054055
7761 0.0054054055
7766 0.0054054055
18263 0.0054054055
2393 0.0054054055
15196 0.010810811
9310 0.0054054055
15966 0.0054054055
22111 0.0054054055
16736 0.0054054055
16481 0.0054054055
100 0.0054054055
2662 0.0054054055
22120 0.0054054055
15209 0.0054054055
13425 0.010810811
13426 0.0054054055
884 0.010810811
14714 0.0054054055
19581 0.0054054055
21632 0.0054054055
5505 0.0054054055
3969 0.016216217
11141 0.0054054055
9862 0.010810811
16520 0.0054054055
21897 0.0054054055
7567 0.010810811
8592 0.0054054055
6032 0.010810811
10897 0.010810811
10651 0.0054054055
11932 0.010810811
4510 0.0054054055
3745 0.0054054055
11431 0.027027028
7082 0.0054054055
21679 0.0054054055
9903 0.0054054055
12208 0.010810811
5040 0.027027028
9393 0.0054054055
8371 0.0054054055
2740 0.0054054055
20405 0.010810811
19126 0.0054054055
17341 0.0054054055
4286 0.0054054055
10687 0.0054054055
5823 0.0054054055
5825 0.010810811
14021 0.043243244
16582 0.0054054055
715 0.0054054055
203 0.0054054055
19917 0.0054054055
2509 0.0054054055
14798 0.0054054055
13521 0.0054054055
10451 0.032432433
5844 0.0054054055
9432 0.0054054055
5083 0.0054054055
14556 0.0054054055
7135 0.0054054055
6623 0.032432433
2785 0.0054054055
5859 0.0054054055
19683 0.0054054055
20453 0.0054054055
5349 0.010810811
2791 0.0054054055
14061 0.075675674
1006 0.016216217
4335 0.0054054055
20723 0.0054054055
11512 0.021621622
22009 0.0054054055
12286 0.021621622
