17156 0.003690037
5893 0.014760148
9734 0.003690037
16390 0.003690037
10246 0.014760148
14090 0.003690037
3339 0.007380074
10763 0.007380074
8208 0.003690037
15120 0.007380074
2836 0.003690037
22294 0.003690037
19736 0.014760148
21786 0.007380074
4635 0.007380074
15900 0.007380074
14365 0.003690037
17437 0.003690037
3104 0.003690037
11298 0.007380074
9250 0.007380074
550 0.003690037
4903 0.011070111
18216 0.003690037
17451 0.003690037
18731 0.014760148
13613 0.003690037
14381 0.003690037
11825 0.003690037
4658 0.003690037
7474 0.003690037
10546 0.007380074
21044 0.003690037
14650 0.003690037
18239 0.003690037
18495 0.003690037
11327 0.003690037
11073 0.003690037
19266 0.003690037
8260 0.003690037
10821 0.014760148
12871 0.003690037
2119 0.003690037
8263 0.007380074
3144 0.003690037
4169 0.003690037
14153 0.003690037
18251 0.003690037
8524 0.003690037
6222 0.003690037
4687 0.003690037
21076 0.003690037
8021 0.003690037
2393 0.003690037
18526 0.003690037
17503 0.003690037
13919 0.007380074
16481 0.003690037
20579 0.007380074
10083 0.011070111
5990 0.003690037
14185 0.003690037
15209 0.007380074
13929 0.011070111
14442 0.003690037
18544 0.003690037
21872 0.007380074
11635 0.011070111
884 0.011070111
21621 0.007380074
19062 0.003690037
14714 0.003690037
19581 0.003690037
8573 0.007380074
1150 0.003690037
1406 0.011070111
17023 0.003690037
21632 0.003690037
11141 0.003690037
5253 0.033210333
9862 0.003690037
8070 0.018450184
1678 0.003690037
7567 0.011070111
8592 0.007380074
10897 0.029520296
20883 0.003690037
10388 0.003690037
1686 0.003690037
4758 0.003690037
8343 0.011070111
19865 0.022140222
9370 0.003690037
15003 0.003690037
11932 0.007380074
4510 0.003690037
3745 0.003690037
3491 0.003690037
4003 0.003690037
2731 0.003690037
19886 0.014760148
17329 0.003690037
9393 0.003690037
10417 0.033210333
20402 0.003690037
13492 0.003690037
9141 0.003690037
20405 0.025830258
21178 0.003690037
10691 0.003690037
3268 0.007380074
16582 0.003690037
6091 0.011070111
716 0.003690037
13260 0.033210333
2509 0.007380074
13521 0.003690037
10451 0.025830258
20437 0.007380074
11734 0.011070111
16599 0.007380074
20696 0.003690037
3288 0.007380074
4314 0.003690037
12765 0.007380074
6623 0.003690037
5859 0.003690037
11236 0.003690037
20453 0.003690037
5349 0.014760148
8422 0.003690037
6886 0.007380074
2791 0.003690037
3306 0.003690037
14060 0.003690037
14061 0.003690037
1006 0.007380074
496 0.003690037
19188 0.003690037
11512 0.033210333
2041 0.003690037
253 0.003690037
6654 0.003690037
22270 0.003690037
