7680 0.003773585
8194 0.003773585
5893 0.00754717
10759 0.003773585
17415 0.003773585
6409 0.003773585
4617 0.003773585
2061 0.003773585
4111 0.003773585
10767 0.01509434
3859 0.003773585
19736 0.018867925
8475 0.003773585
4635 0.00754717
21278 0.003773585
12830 0.003773585
6688 0.003773585
18208 0.003773585
12321 0.003773585
13857 0.003773585
9250 0.00754717
18979 0.003773585
15908 0.003773585
38 0.003773585
8743 0.003773585
13097 0.003773585
13613 0.003773585
3123 0.003773585
20020 0.003773585
10037 0.003773585
21813 0.02264151
4665 0.00754717
14394 0.003773585
14650 0.03018868
12603 0.003773585
11327 0.00754717
18239 0.011320755
5698 0.03773585
21317 0.003773585
10821 0.00754717
18758 0.003773585
12871 0.003773585
6215 0.003773585
8263 0.00754717
18251 0.018867925
16717 0.003773585
11598 0.003773585
14158 0.003773585
18263 0.003773585
11607 0.003773585
9305 0.003773585
7007 0.01509434
16481 0.003773585
20579 0.011320755
3430 0.003773585
13929 0.003773585
2669 0.003773585
109 0.003773585
21871 0.003773585
1650 0.003773585
11635 0.003773585
884 0.003773585
14714 0.003773585
19581 0.011320755
21632 0.003773585
2690 0.011320755
8070 0.00754717
9862 0.00754717
17287 0.003773585
16520 0.003773585
16265 0.003773585
6794 0.00754717
15500 0.003773585
7567 0.003773585
10896 0.00754717
10897 0.02264151
20883 0.011320755
16532 0.003773585
2453 0.003773585
16533 0.003773585
7830 0.003773585
8343 0.026415095
13983 0.00754717
20385 0.003773585
3745 0.011320755
15528 0.003773585
7082 0.003773585
16299 0.00754717
2731 0.00754717
13485 0.00754717
2738 0.003773585
20405 0.03773585
3515 0.00754717
11967 0.003773585
16064 0.003773585
5825 0.00754717
10691 0.003773585
16582 0.00754717
18378 0.003773585
462 0.003773585
1488 0.011320755
13521 0.003773585
10451 0.03773585
10196 0.003773585
21465 0.003773585
18907 0.003773585
5083 0.01509434
9951 0.003773585
4319 0.018867925
10209 0.003773585
6115 0.003773585
20712 0.003773585
18410 0.03018868
15595 0.00754717
1006 0.01509434
18414 0.018867925
12016 0.00754717
241 0.003773585
14838 0.03018868
11512 0.071698114
6654 0.003773585
