4100 0.003717472
8709 0.007434944
5893 0.026022306
10246 0.003717472
19463 0.003717472
15625 0.003717472
15629 0.003717472
17935 0.003717472
10767 0.0111524165
16656 0.003717472
19728 0.003717472
8468 0.003717472
19736 0.003717472
18713 0.003717472
4635 0.003717472
11292 0.003717472
16669 0.003717472
12830 0.003717472
6688 0.003717472
9250 0.003717472
38 0.0111524165
13097 0.003717472
10025 0.003717472
7465 0.003717472
298 0.003717472
4652 0.003717472
13613 0.0111524165
6191 0.048327137
311 0.003717472
14650 0.003717472
2107 0.003717472
8254 0.003717472
11327 0.0111524165
1600 0.003717472
19268 0.003717472
10821 0.007434944
18501 0.0111524165
12871 0.003717472
8263 0.003717472
6215 0.0111524165
9544 0.003717472
4169 0.0111524165
17226 0.003717472
18251 0.044609666
16717 0.003717472
10831 0.003717472
21588 0.014869888
8021 0.003717472
18263 0.003717472
15193 0.003717472
16736 0.003717472
16481 0.003717472
20065 0.0111524165
20579 0.003717472
6509 0.003717472
10350 0.003717472
11635 0.003717472
884 0.003717472
21621 0.007434944
10101 0.022304833
19062 0.003717472
14714 0.003717472
7037 0.003717472
11133 0.003717472
19581 0.03345725
3199 0.003717472
21632 0.003717472
2176 0.007434944
2690 0.007434944
18566 0.003717472
16520 0.003717472
8843 0.007434944
6286 0.003717472
17294 0.003717472
11151 0.003717472
5007 0.007434944
18064 0.007434944
10897 0.0111524165
7315 0.003717472
8342 0.003717472
20630 0.0111524165
8343 0.003717472
16024 0.003717472
8090 0.007434944
13211 0.003717472
11932 0.003717472
3745 0.003717472
11940 0.003717472
15528 0.003717472
937 0.003717472
12205 0.007434944
19886 0.003717472
3513 0.003717472
16064 0.003717472
5825 0.003717472
6849 0.003717472
10691 0.003717472
3268 0.003717472
16582 0.003717472
9670 0.003717472
2758 0.0111524165
13255 0.014869888
716 0.007434944
19149 0.003717472
18381 0.003717472
1488 0.003717472
13521 0.003717472
3538 0.007434944
10451 0.07063197
11734 0.0111524165
3288 0.007434944
20696 0.03345725
21465 0.007434944
7897 0.0111524165
14300 0.003717472
6364 0.003717472
12765 0.003717472
2269 0.007434944
6623 0.003717472
4319 0.007434944
18656 0.003717472
20453 0.003717472
16869 0.007434944
1254 0.003717472
16871 0.007434944
20712 0.003717472
7400 0.003717472
11241 0.003717472
13290 0.007434944
14060 0.003717472
9710 0.007434944
1006 0.014869888
8175 0.003717472
20723 0.003717472
2292 0.003717472
5110 0.007434944
11512 0.026022306
3581 0.003717472
5631 0.003717472
