7680 0.004
5893 0.016
10246 0.012
17415 0.012
10763 0.024
10767 0.008
8208 0.004
15120 0.008
13844 0.004
8468 0.008
19736 0.008
4635 0.012
13855 0.008
6688 0.008
11808 0.02
20516 0.032
4903 0.004
6954 0.004
298 0.004
1580 0.004
13613 0.004
13870 0.004
20020 0.004
21558 0.036
311 0.004
4665 0.004
14650 0.012
11327 0.004
13631 0.004
18239 0.008
14406 0.004
12871 0.004
18251 0.024
21325 0.004
9813 0.004
2395 0.004
13659 0.004
5212 0.004
15196 0.008
15966 0.004
16481 0.004
8545 0.008
5219 0.004
10083 0.008
2662 0.004
3430 0.004
18536 0.004
5736 0.004
13929 0.004
5226 0.004
4714 0.008
21872 0.004
17272 0.004
19581 0.004
7039 0.004
21632 0.004
3456 0.004
20353 0.004
5505 0.004
18563 0.004
8070 0.004
646 0.004
9862 0.004
18566 0.004
18054 0.004
3974 0.004
10897 0.008
20883 0.004
12180 0.004
8085 0.004
15511 0.004
14490 0.004
13210 0.012
11932 0.012
10654 0.004
2207 0.088
16032 0.008
3745 0.004
8097 0.036
18850 0.016
14757 0.004
15528 0.004
2731 0.004
6836 0.004
20405 0.032
17846 0.004
20151 0.004
4024 0.004
4025 0.004
19385 0.004
11706 0.008
16058 0.008
15808 0.004
5825 0.004
10691 0.004
3268 0.004
16582 0.008
1737 0.004
13521 0.004
10961 0.004
10451 0.048
9685 0.004
9942 0.004
731 0.004
14556 0.004
16605 0.004
7646 0.004
6623 0.004
7647 0.004
4319 0.004
7135 0.024
6368 0.004
6116 0.004
8422 0.004
17896 0.004
1006 0.012
11504 0.004
20209 0.004
20723 0.004
14838 0.004
6646 0.004
11512 0.024
14587 0.004
6654 0.004
5631 0.004
6143 0.012
