8194 0.0077220076
19461 0.0038610038
5893 0.034749035
10246 0.0077220076
17415 0.0038610038
20231 0.0038610038
519 0.0038610038
7436 0.0038610038
16396 0.0038610038
15629 0.0038610038
10767 0.0038610038
17935 0.0038610038
8208 0.0038610038
13844 0.0038610038
6934 0.0038610038
19736 0.0077220076
6682 0.0038610038
14618 0.0077220076
4635 0.0077220076
6688 0.0038610038
12321 0.0038610038
5410 0.0038610038
4645 0.0038610038
6952 0.0038610038
10793 0.0038610038
298 0.0077220076
18731 0.0038610038
8493 0.0038610038
13613 0.015444015
19249 0.0038610038
11825 0.0077220076
10546 0.0038610038
8243 0.0038610038
20020 0.011583012
3130 0.0038610038
20538 0.0038610038
14650 0.0077220076
3645 0.0038610038
18239 0.0038610038
11327 0.0077220076
10821 0.011583012
18758 0.0038610038
12871 0.0038610038
8263 0.0038610038
18251 0.038610037
16716 0.0038610038
9552 0.0038610038
19034 0.0038610038
2395 0.0038610038
20571 0.0038610038
14684 0.011583012
15196 0.042471044
16481 0.0038610038
21345 0.0038610038
14691 0.0038610038
21861 0.0038610038
13670 0.0038610038
2662 0.0038610038
3430 0.011583012
15975 0.0038610038
13929 0.015444015
874 0.0038610038
20587 0.0038610038
12398 0.0038610038
3950 0.0038610038
17262 0.0038610038
10094 0.011583012
5235 0.0038610038
21621 0.0038610038
17525 0.0038610038
19062 0.0038610038
19581 0.042471044
21632 0.0038610038
8320 0.0038610038
16002 0.0038610038
16003 0.0038610038
7299 0.0038610038
2436 0.011583012
8837 0.034749035
9862 0.0077220076
16520 0.0038610038
7567 0.03088803
18064 0.0038610038
17553 0.0038610038
10897 0.0077220076
4758 0.0038610038
8343 0.0077220076
11932 0.0038610038
20127 0.0038610038
12448 0.0038610038
3745 0.0038610038
15011 0.0038610038
9125 0.011583012
12710 0.034749035
21677 0.0038610038
13485 0.0077220076
19886 0.0038610038
8628 0.0038610038
20405 0.0077220076
12470 0.0038610038
2231 0.0038610038
3515 0.0038610038
6336 0.0038610038
14529 0.0038610038
19137 0.011583012
10691 0.0077220076
4293 0.0038610038
16582 0.0038610038
18118 0.0038610038
13255 0.0038610038
716 0.0038610038
13260 0.011583012
1488 0.011583012
13521 0.0038610038
17361 0.0038610038
10451 0.011583012
7124 0.0038610038
20438 0.0038610038
20696 0.0038610038
13532 0.0038610038
6364 0.0038610038
16605 0.0038610038
4319 0.015444015
15587 0.0038610038
5861 0.0038610038
5349 0.0038610038
6886 0.0038610038
18410 0.0038610038
3819 0.0038610038
14060 0.0077220076
7661 0.011583012
1006 0.0038610038
19695 0.0038610038
241 0.0038610038
3058 0.0038610038
19186 0.0038610038
20723 0.0038610038
2292 0.0038610038
11512 0.038610037
6654 0.0038610038
19455 0.0038610038
