512 0.0039525693
7680 0.0039525693
8193 0.0039525693
8709 0.0039525693
5893 0.019762846
10246 0.007905139
16390 0.015810277
17415 0.023715414
7179 0.0039525693
3339 0.0039525693
1295 0.0039525693
10767 0.0039525693
2063 0.0039525693
3860 0.0039525693
16408 0.0039525693
12056 0.0039525693
19736 0.019762846
12321 0.0039525693
16161 0.011857707
9250 0.0039525693
11298 0.0039525693
6947 0.0039525693
4903 0.0039525693
298 0.007905139
6444 0.0039525693
13613 0.0039525693
8237 0.0039525693
16174 0.0039525693
22064 0.0039525693
10546 0.0039525693
20020 0.007905139
5434 0.0039525693
19773 0.0039525693
18239 0.011857707
10818 0.0039525693
12871 0.0039525693
2119 0.007905139
8263 0.011857707
2632 0.0039525693
8777 0.0039525693
18251 0.007905139
12109 0.0039525693
16717 0.011857707
17998 0.0039525693
19286 0.007905139
20823 0.0039525693
17751 0.007905139
18263 0.031620555
2395 0.0039525693
15966 0.0039525693
16736 0.0039525693
16481 0.007905139
21345 0.007905139
22115 0.0039525693
20579 0.0039525693
10083 0.0039525693
13929 0.011857707
14442 0.0039525693
109 0.0039525693
7022 0.0039525693
21872 0.0039525693
2674 0.0039525693
884 0.007905139
5752 0.007905139
6010 0.0039525693
15484 0.011857707
19581 0.0039525693
8573 0.0039525693
21632 0.0039525693
2176 0.0039525693
3456 0.0039525693
14976 0.0039525693
11905 0.0039525693
13186 0.0039525693
9862 0.07114624
4743 0.0039525693
17294 0.0039525693
10897 0.019762846
150 0.0039525693
17815 0.0039525693
8343 0.023715414
21401 0.0039525693
15257 0.007905139
11932 0.0039525693
2204 0.0039525693
2973 0.0039525693
20127 0.0039525693
17311 0.0039525693
13983 0.019762846
3745 0.007905139
15528 0.0039525693
5290 0.0039525693
9139 0.0039525693
20404 0.0039525693
20405 0.015810277
17848 0.0039525693
5825 0.007905139
963 0.007905139
21444 0.015810277
16582 0.0039525693
13255 0.0039525693
1224 0.007905139
4556 0.007905139
2509 0.0039525693
718 0.0039525693
12495 0.007905139
13521 0.0039525693
1746 0.0039525693
10451 0.031620555
20437 0.019762846
20696 0.015810277
1754 0.0039525693
12765 0.0039525693
13793 0.0039525693
6116 0.015810277
20453 0.007905139
5861 0.007905139
20198 0.0039525693
6888 0.0039525693
11241 0.007905139
3306 0.0039525693
1006 0.007905139
20723 0.0039525693
17653 0.0039525693
11512 0.05928854
14330 0.0039525693
3323 0.0039525693
22268 0.007905139
