7680 0.004115226
16385 0.004115226
8194 0.004115226
5892 0.004115226
5893 0.012345679
10246 0.004115226
17415 0.008230452
21256 0.004115226
9227 0.004115226
5900 0.012345679
15629 0.004115226
13844 0.024691358
22294 0.004115226
19736 0.016460905
4635 0.012345679
12830 0.004115226
12321 0.008230452
9250 0.004115226
21541 0.004115226
4903 0.004115226
6952 0.09465021
2605 0.008230452
15662 0.004115226
10800 0.004115226
10546 0.004115226
20020 0.004115226
21556 0.004115226
14650 0.012345679
13883 0.004115226
18239 0.008230452
10821 0.004115226
4934 0.004115226
12871 0.004115226
8263 0.004115226
2119 0.004115226
18251 0.024691358
16717 0.004115226
11598 0.004115226
20816 0.004115226
2897 0.004115226
3921 0.004115226
9810 0.004115226
10835 0.004115226
18263 0.008230452
17751 0.008230452
19034 0.004115226
2395 0.004115226
9309 0.004115226
6239 0.004115226
16481 0.004115226
7265 0.057613168
10083 0.004115226
2662 0.004115226
3430 0.008230452
4714 0.020576132
6509 0.004115226
1901 0.004115226
11121 0.004115226
14450 0.004115226
884 0.004115226
19062 0.004115226
15484 0.004115226
12413 0.004115226
19581 0.016460905
21632 0.004115226
2690 0.004115226
16003 0.020576132
8836 0.004115226
8070 0.008230452
9862 0.008230452
7054 0.004115226
18064 0.004115226
10897 0.024691358
150 0.004115226
8343 0.020576132
11932 0.008230452
669 0.004115226
3745 0.020576132
19886 0.004115226
17840 0.004115226
9393 0.004115226
14514 0.020576132
8371 0.016460905
11958 0.004115226
2231 0.004115226
16058 0.004115226
16064 0.004115226
21185 0.004115226
16582 0.004115226
11718 0.004115226
1224 0.008230452
6091 0.004115226
716 0.004115226
19917 0.004115226
13521 0.004115226
10451 0.024691358
20696 0.004115226
1754 0.004115226
13532 0.016460905
9951 0.004115226
4319 0.024691358
2785 0.004115226
3300 0.004115226
20196 0.004115226
6116 0.004115226
14820 0.004115226
5861 0.004115226
5349 0.004115226
20453 0.004115226
8422 0.012345679
7914 0.004115226
12011 0.004115226
18414 0.004115226
1006 0.012345679
12016 0.004115226
241 0.004115226
19188 0.004115226
11512 0.024691358
3323 0.004115226
22268 0.004115226
19199 0.004115226
6143 0.008230452
