2048 0.0029069767
19712 0.017441861
1 0.0029069767
16386 0.0029069767
15362 0.0029069767
8194 0.0058139535
5893 0.020348838
10248 0.0029069767
520 0.0029069767
5900 0.0029069767
2061 0.0029069767
10767 0.011627907
17937 0.0029069767
2837 0.0029069767
22294 0.0029069767
19736 0.0058139535
8218 0.0029069767
4635 0.017441861
15902 0.0029069767
12830 0.014534884
14879 0.0029069767
13343 0.0029069767
14625 0.0058139535
9250 0.0029069767
21796 0.0029069767
21541 0.0029069767
38 0.0029069767
6952 0.0029069767
7208 0.0029069767
2089 0.0029069767
298 0.0029069767
12332 0.0029069767
19249 0.031976745
10546 0.0029069767
20020 0.0029069767
14650 0.0029069767
2621 0.0029069767
19518 0.0029069767
11327 0.008720931
18239 0.011627907
10817 0.0029069767
17476 0.0029069767
10821 0.017441861
12871 0.0058139535
6215 0.014534884
8263 0.014534884
18251 0.040697675
20813 0.0029069767
10065 0.0029069767
11857 0.0029069767
8019 0.0029069767
8021 0.0029069767
18263 0.014534884
19034 0.0029069767
2395 0.0029069767
10331 0.014534884
6239 0.0029069767
22111 0.0029069767
1376 0.0029069767
16481 0.0029069767
7265 0.0058139535
15971 0.0029069767
15209 0.0029069767
6509 0.0029069767
10094 0.008720931
10095 0.0029069767
10354 0.0029069767
13426 0.0029069767
11635 0.008720931
884 0.011627907
21110 0.0029069767
19062 0.0029069767
3450 0.0029069767
14204 0.0029069767
6525 0.0029069767
19581 0.014534884
21632 0.0029069767
19072 0.0029069767
2690 0.0058139535
16003 0.037790697
9862 0.0029069767
16520 0.0029069767
6286 0.0058139535
18064 0.0029069767
9361 0.0058139535
10897 0.008720931
406 0.0029069767
7830 0.008720931
8343 0.008720931
16024 0.0029069767
2201 0.0029069767
19098 0.0029069767
10651 0.0029069767
4763 0.0029069767
11932 0.0029069767
3745 0.0058139535
11431 0.0029069767
11944 0.0029069767
1706 0.0029069767
11692 0.0029069767
14514 0.0058139535
20405 0.020348838
7354 0.0029069767
16064 0.014534884
13251 0.0029069767
10691 0.008720931
3524 0.0029069767
16582 0.0029069767
715 0.014534884
1488 0.008720931
13521 0.0029069767
10451 0.069767445
18136 0.0029069767
20696 0.072674416
18394 0.0029069767
14300 0.0029069767
2269 0.0029069767
9183 0.0029069767
4319 0.014534884
15585 0.0029069767
16097 0.0029069767
13538 0.0029069767
6116 0.0029069767
11236 0.0029069767
20453 0.0029069767
3306 0.0029069767
7914 0.008720931
2284 0.0029069767
15854 0.0029069767
1006 0.008720931
19183 0.0029069767
17653 0.0029069767
11512 0.072674416
8698 0.0029069767
253 0.0029069767
4095 0.0029069767
