7680 0.0024630541
19712 0.014778325
8194 0.0049261083
7428 0.0024630541
5893 0.019704433
17415 0.0024630541
19463 0.0049261083
2312 0.0024630541
10248 0.0024630541
9227 0.0024630541
16396 0.0024630541
5646 0.0024630541
1295 0.0024630541
10767 0.0073891627
8208 0.0073891627
3860 0.0024630541
2837 0.0024630541
22294 0.009852217
19736 0.014778325
21786 0.0024630541
8475 0.0049261083
4635 0.0049261083
13853 0.0049261083
15902 0.0024630541
12830 0.0024630541
14879 0.0073891627
6688 0.0024630541
9250 0.0073891627
13610 0.0024630541
298 0.0123152705
18731 0.0024630541
1324 0.0024630541
6444 0.0024630541
10284 0.022167487
22064 0.009852217
1072 0.0123152705
10546 0.0024630541
19250 0.0073891627
7220 0.0024630541
21047 0.0024630541
14650 0.0049261083
8508 0.0024630541
573 0.024630541
15422 0.0024630541
11327 0.0024630541
18239 0.0049261083
10817 0.0024630541
10821 0.0123152705
18758 0.0073891627
12871 0.0024630541
4169 0.0024630541
14153 0.0024630541
18251 0.032019705
19020 0.0024630541
20813 0.0024630541
11598 0.0024630541
2897 0.0024630541
16724 0.0024630541
18263 0.019704433
1114 0.0024630541
2395 0.0024630541
10331 0.0024630541
14684 0.0024630541
9565 0.0049261083
13919 0.0049261083
1120 0.01724138
16481 0.0024630541
20579 0.0049261083
3430 0.0049261083
15718 0.0049261083
2662 0.0073891627
4714 0.0049261083
5229 0.0024630541
10094 0.0049261083
16495 0.0049261083
14705 0.0049261083
13426 0.0024630541
11635 0.0024630541
18291 0.0024630541
21621 0.0024630541
19581 0.009852217
21632 0.0024630541
16003 0.0049261083
16773 0.0024630541
11141 0.01724138
9862 0.0049261083
20360 0.0024630541
20104 0.014778325
20876 0.0024630541
17549 0.0024630541
3982 0.0024630541
910 0.01724138
10896 0.0024630541
10897 0.0073891627
1427 0.0049261083
19603 0.0123152705
20631 0.0024630541
8343 0.0073891627
16024 0.0024630541
9880 0.0024630541
20891 0.0024630541
19100 0.0024630541
11932 0.0073891627
2973 0.0024630541
14753 0.0024630541
3745 0.0049261083
15011 0.0024630541
8355 0.0024630541
18340 0.0024630541
13485 0.0024630541
18606 0.0024630541
19886 0.0049261083
7087 0.054187194
2994 0.0024630541
8371 0.0024630541
20405 0.014778325
6325 0.06650246
6588 0.0024630541
5565 0.0024630541
12734 0.0024630541
10691 0.0024630541
16582 0.0049261083
462 0.0024630541
11215 0.0024630541
1488 0.014778325
13521 0.0024630541
8146 0.0024630541
10451 0.019704433
7124 0.0049261083
3288 0.0024630541
7642 0.0024630541
4314 0.0049261083
6875 0.0024630541
12765 0.0049261083
9183 0.0024630541
9951 0.0024630541
4319 0.024630541
6368 0.0024630541
16097 0.0024630541
13538 0.0024630541
19683 0.0024630541
5349 0.0024630541
5861 0.0049261083
6886 0.0024630541
20198 0.0024630541
8937 0.0024630541
7914 0.0049261083
12011 0.0024630541
1006 0.0049261083
21487 0.0024630541
3058 0.0024630541
20211 0.0024630541
20723 0.0073891627
1524 0.0024630541
8948 0.0024630541
7669 0.0024630541
11512 0.049261082
13562 0.0024630541
253 0.0073891627
5631 0.0049261083
