7680 0.0032051282
8194 0.0064102565
5892 0.0032051282
4100 0.009615385
8709 0.0032051282
5893 0.041666668
16390 0.0032051282
10246 0.0064102565
21256 0.0032051282
7434 0.0032051282
7179 0.0032051282
9227 0.022435898
2061 0.0032051282
1295 0.0064102565
10767 0.009615385
13844 0.0032051282
3860 0.0032051282
22294 0.0064102565
19736 0.01923077
8474 0.0032051282
4635 0.025641026
5149 0.0032051282
12830 0.0032051282
6688 0.0032051282
10025 0.0064102565
18731 0.0064102565
13613 0.0032051282
11309 0.0032051282
18991 0.0032051282
10546 0.0032051282
22067 0.0032051282
311 0.0032051282
15415 0.009615385
20538 0.0032051282
14394 0.0032051282
14650 0.012820513
4669 0.0032051282
11327 0.009615385
18239 0.016025642
18758 0.0032051282
8263 0.009615385
12871 0.009615385
7752 0.0032051282
9544 0.0032051282
1354 0.0032051282
18251 0.0032051282
9293 0.0032051282
16717 0.0064102565
11598 0.0032051282
592 0.0032051282
7252 0.0032051282
19286 0.0032051282
18263 0.09294872
2395 0.0032051282
20315 0.0032051282
13919 0.0032051282
6239 0.016025642
15712 0.0032051282
1376 0.0032051282
16481 0.0032051282
10083 0.0032051282
6243 0.0032051282
20579 0.0032051282
14953 0.0032051282
109 0.0032051282
8557 0.0032051282
6255 0.0032051282
13426 0.0032051282
17779 0.0032051282
11635 0.028846154
8569 0.0032051282
17786 0.0032051282
14204 0.0032051282
15484 0.012820513
8573 0.0032051282
19581 0.0032051282
21632 0.0032051282
8836 0.0032051282
9862 0.016025642
18064 0.0032051282
10897 0.022435898
8343 0.0064102565
4248 0.0032051282
2973 0.0032051282
13983 0.0032051282
4513 0.0064102565
3745 0.009615385
6566 0.0032051282
8368 0.041666668
9139 0.009615385
1716 0.0032051282
20405 0.009615385
10426 0.0032051282
21438 0.0032051282
4286 0.0032051282
6336 0.0032051282
16064 0.0032051282
14273 0.012820513
10691 0.0032051282
3268 0.0032051282
16582 0.0032051282
13255 0.0032051282
1224 0.0064102565
715 0.0032051282
19917 0.0064102565
16847 0.0032051282
3023 0.0064102565
13521 0.0032051282
3538 0.0032051282
10451 0.044871796
8661 0.0032051282
14037 0.0032051282
20437 0.0032051282
20696 0.016025642
1241 0.0032051282
5849 0.0064102565
13532 0.0032051282
6623 0.0032051282
6111 0.012820513
13026 0.0032051282
6116 0.0032051282
5861 0.0032051282
20453 0.0032051282
8422 0.0032051282
6886 0.009615385
2791 0.0032051282
20712 0.0032051282
1006 0.0032051282
12271 0.0032051282
19183 0.0032051282
241 0.0064102565
20723 0.0032051282
12020 0.0032051282
11512 0.03846154
9977 0.0032051282
2041 0.009615385
16379 0.0032051282
16892 0.0032051282
253 0.0032051282
3581 0.0032051282
