5122 0.0035460992
8194 0.0070921984
5893 0.035460994
16390 0.0035460992
10246 0.0070921984
17415 0.010638298
7436 0.0035460992
16396 0.0070921984
7950 0.0070921984
17935 0.0035460992
10767 0.010638298
12822 0.0035460992
19736 0.0035460992
4635 0.010638298
12830 0.0035460992
21278 0.0035460992
9250 0.0035460992
17698 0.0035460992
6435 0.0035460992
4903 0.0035460992
6952 0.0035460992
298 0.0035460992
18731 0.0035460992
17196 0.0035460992
13613 0.010638298
4665 0.0035460992
14905 0.014184397
14650 0.017730497
11327 0.0070921984
18239 0.017730497
4416 0.010638298
5957 0.0035460992
18758 0.0070921984
12871 0.0035460992
8263 0.0035460992
11591 0.0035460992
1354 0.0035460992
18251 0.05319149
6477 0.0035460992
16981 0.0035460992
18263 0.0070921984
5210 0.0035460992
2395 0.0035460992
13919 0.0070921984
16481 0.0035460992
10083 0.0070921984
20579 0.0070921984
3430 0.0035460992
13929 0.0035460992
8297 0.010638298
17772 0.0035460992
2675 0.0035460992
5235 0.0070921984
11635 0.0070921984
884 0.0035460992
19062 0.0070921984
11644 0.0035460992
8573 0.0035460992
12413 0.0035460992
19581 0.014184397
21632 0.0035460992
5760 0.0035460992
8070 0.0035460992
9862 0.010638298
17287 0.0035460992
11151 0.0035460992
18064 0.0035460992
10897 0.017730497
13714 0.0035460992
18834 0.0035460992
20883 0.0070921984
4246 0.0035460992
8343 0.021276595
16024 0.0070921984
21401 0.0035460992
8603 0.0035460992
11932 0.0035460992
13983 0.0035460992
3745 0.0070921984
5025 0.0070921984
8355 0.0070921984
9639 0.0035460992
15528 0.0035460992
2731 0.0035460992
20402 0.0035460992
11186 0.0070921984
14515 0.0035460992
20405 0.031914894
4286 0.0035460992
17343 0.0035460992
18623 0.010638298
10691 0.014184397
16582 0.010638298
12746 0.0035460992
22218 0.0035460992
716 0.0035460992
5580 0.0035460992
4556 0.010638298
20942 0.0035460992
6862 0.0070921984
13775 0.0035460992
12495 0.0035460992
13521 0.0035460992
10451 0.028368793
20437 0.0035460992
17365 0.0035460992
20438 0.021276595
3288 0.0070921984
16345 0.0035460992
21465 0.0035460992
15323 0.0035460992
5083 0.0070921984
13532 0.0035460992
6623 0.010638298
4319 0.04609929
5349 0.0035460992
5861 0.0035460992
20453 0.0035460992
11751 0.0035460992
16871 0.0035460992
2791 0.0035460992
20712 0.0035460992
3306 0.0035460992
19696 0.0035460992
12016 0.0070921984
241 0.0035460992
12020 0.0035460992
2292 0.0035460992
9461 0.0035460992
14838 0.014184397
9720 0.0035460992
11512 0.060283687
2041 0.0070921984
2042 0.0035460992
2555 0.0035460992
6654 0.0035460992
