4100 0.0037453184
17156 0.0037453184
5892 0.0037453184
5893 0.029962547
10763 0.0037453184
5900 0.0037453184
15629 0.0037453184
2837 0.0037453184
19736 0.018726591
4635 0.014981274
6688 0.0037453184
9250 0.007490637
18731 0.0037453184
1324 0.0037453184
22064 0.0037453184
21809 0.0037453184
14650 0.0037453184
19262 0.0037453184
18239 0.007490637
11327 0.014981274
10821 0.018726591
4934 0.0037453184
18758 0.007490637
12871 0.0037453184
6215 0.0037453184
2119 0.0037453184
8520 0.0037453184
18251 0.04868914
14158 0.011235955
7759 0.0037453184
3922 0.0037453184
11607 0.0037453184
18263 0.007490637
2395 0.0037453184
6491 0.0037453184
13659 0.014981274
16481 0.0037453184
10083 0.0037453184
20324 0.0037453184
3430 0.007490637
15209 0.018726591
14443 0.0037453184
6509 0.0037453184
11635 0.026217228
10101 0.0037453184
5237 0.0037453184
19062 0.0037453184
6007 0.0037453184
19581 0.029962547
21632 0.0037453184
22147 0.0037453184
11141 0.0037453184
9862 0.014981274
19594 0.007490637
6286 0.0037453184
3982 0.0037453184
10896 0.0037453184
20624 0.0037453184
10897 0.02247191
8343 0.011235955
8090 0.007490637
3482 0.007490637
2204 0.0037453184
11932 0.007490637
3745 0.0037453184
17572 0.0037453184
14756 0.052434456
10412 0.0037453184
10417 0.0037453184
14514 0.0037453184
8371 0.0037453184
9141 0.007490637
20405 0.02247191
8376 0.0037453184
12734 0.007490637
16064 0.0037453184
192 0.0037453184
10691 0.0037453184
16582 0.0037453184
6862 0.0037453184
1488 0.011235955
13521 0.0037453184
10451 0.007490637
3799 0.007490637
3288 0.007490637
20696 0.029962547
14300 0.0037453184
6623 0.0037453184
4319 0.033707865
5861 0.0037453184
20453 0.007490637
1006 0.0037453184
8175 0.0037453184
11504 0.0037453184
12016 0.007490637
11249 0.0037453184
241 0.0037453184
14838 0.13108614
11512 0.052434456
3323 0.011235955
8444 0.0037453184
5631 0.0037453184
