7680 0.00456621
4100 0.02283105
5893 0.01826484
10246 0.00456621
17415 0.00456621
9735 0.00913242
7434 0.00456621
8972 0.00913242
15117 0.00456621
10767 0.00456621
13844 0.00456621
19736 0.01826484
4635 0.00456621
15900 0.00456621
5149 0.00456621
12321 0.00456621
9250 0.00913242
21287 0.00456621
18217 0.00456621
13610 0.00456621
298 0.00913242
18731 0.00456621
1324 0.00456621
1837 0.00456621
13613 0.00456621
13104 0.01826484
14650 0.00456621
3130 0.05479452
18239 0.00456621
11327 0.00456621
10821 0.00456621
6215 0.00456621
8263 0.00456621
12871 0.00913242
18251 0.03652968
12365 0.00456621
16717 0.00913242
11598 0.00456621
3156 0.00456621
16981 0.00456621
18263 0.03196347
2395 0.00456621
13659 0.00456621
11611 0.00456621
16736 0.01369863
16481 0.00456621
20579 0.00456621
9061 0.00456621
3430 0.00456621
15975 0.00456621
15209 0.00456621
13931 0.00456621
109 0.00456621
6509 0.00913242
21872 0.00456621
2674 0.00456621
11635 0.00913242
884 0.00913242
19062 0.01369863
15484 0.00913242
21632 0.00456621
5760 0.00456621
2690 0.00456621
8837 0.00456621
9862 0.00456621
1929 0.00456621
6286 0.00456621
18064 0.00456621
10896 0.00913242
10897 0.01369863
4758 0.00456621
8343 0.00913242
18077 0.00456621
3745 0.00456621
15011 0.00456621
8355 0.01826484
14254 0.00456621
19886 0.01369863
9139 0.00456621
20405 0.03196347
19126 0.00456621
12476 0.00456621
10691 0.00456621
9157 0.00456621
16582 0.00456621
13255 0.00456621
13260 0.06849315
19917 0.00456621
20942 0.00456621
12495 0.00456621
4303 0.00456621
19919 0.00913242
22223 0.00913242
1488 0.00456621
13521 0.00456621
10451 0.02283105
20437 0.00913242
7382 0.00456621
20438 0.00913242
20696 0.00456621
14300 0.00456621
9951 0.00456621
20959 0.00456621
7135 0.00456621
4319 0.03196347
13538 0.00456621
6116 0.00456621
5349 0.00456621
16871 0.00456621
3307 0.00456621
18414 0.00456621
1006 0.00456621
19438 0.00456621
19183 0.00456621
8433 0.01826484
21752 0.00456621
11512 0.01826484
5885 0.00913242
