4100 0.0046296297
5893 0.018518519
10246 0.0046296297
16390 0.0046296297
15625 0.0046296297
16396 0.0046296297
20751 0.0046296297
21779 0.0046296297
13844 0.0046296297
19736 0.0046296297
4635 0.023148147
9250 0.0046296297
38 0.009259259
13610 0.009259259
10284 0.0046296297
13613 0.018518519
10546 0.0046296297
21558 0.0046296297
14903 0.009259259
14650 0.013888889
6716 0.009259259
11327 0.0046296297
18239 0.013888889
1858 0.0046296297
14406 0.0046296297
6982 0.0046296297
4934 0.009259259
17223 0.0046296297
12871 0.009259259
7752 0.0046296297
15690 0.0046296297
18251 0.032407407
2637 0.0046296297
20309 0.009259259
2395 0.0046296297
13659 0.009259259
19548 0.0046296297
15966 0.0046296297
16481 0.0046296297
7265 0.0046296297
20579 0.013888889
14692 0.018518519
2662 0.009259259
20587 0.0046296297
8561 0.009259259
884 0.0046296297
21621 0.009259259
15484 0.0046296297
19581 0.009259259
21632 0.0046296297
11905 0.0046296297
16003 0.037037037
9862 0.009259259
6286 0.0046296297
12686 0.0046296297
20624 0.0046296297
19601 0.009259259
10897 0.027777778
3730 0.0046296297
11668 0.0046296297
8343 0.013888889
14490 0.0046296297
10651 0.0046296297
11932 0.0046296297
4253 0.0046296297
3745 0.0046296297
6308 0.0046296297
13485 0.018518519
19886 0.009259259
9393 0.0046296297
8371 0.0046296297
14515 0.023148147
6325 0.0046296297
20405 0.009259259
12470 0.0046296297
22198 0.0046296297
9656 0.0046296297
17084 0.0046296297
16064 0.009259259
2758 0.009259259
16582 0.013888889
21194 0.0046296297
715 0.0046296297
6091 0.0046296297
8140 0.0046296297
11215 0.0046296297
13521 0.0046296297
210 0.0046296297
10451 0.023148147
6869 0.0046296297
14550 0.0046296297
20696 0.018518519
21465 0.0046296297
2269 0.0046296297
735 0.0046296297
4319 0.023148147
6623 0.023148147
6368 0.0046296297
5859 0.0046296297
8163 0.0046296297
9188 0.0046296297
6116 0.013888889
16871 0.0046296297
13543 0.0046296297
1006 0.013888889
12016 0.0046296297
20723 0.0046296297
13556 0.0046296297
14838 0.009259259
5623 0.009259259
21752 0.0046296297
11512 0.06481481
3323 0.018518519
