8194 0.008733625
6660 0.0043668123
5893 0.026200874
10246 0.0043668123
10763 0.0043668123
5900 0.0043668123
15374 0.0043668123
17935 0.0043668123
1295 0.0043668123
15120 0.0043668123
19736 0.0043668123
4635 0.008733625
12830 0.0043668123
18208 0.008733625
12321 0.0043668123
16161 0.013100437
9250 0.008733625
22050 0.008733625
1324 0.0043668123
13613 0.0043668123
1837 0.008733625
6191 0.008733625
311 0.0043668123
14903 0.0043668123
14650 0.01746725
11327 0.008733625
18239 0.008733625
1858 0.008733625
7747 0.0043668123
10821 0.008733625
18758 0.0043668123
12871 0.0043668123
8263 0.02183406
18251 0.013100437
77 0.008733625
337 0.0043668123
21588 0.013100437
15446 0.0043668123
18263 0.0043668123
2395 0.0043668123
6239 0.008733625
16481 0.0043668123
11363 0.0043668123
10083 0.0043668123
20579 0.008733625
12645 0.0043668123
14437 0.0043668123
3430 0.0043668123
13160 0.0043668123
8297 0.0043668123
15209 0.0043668123
874 0.0043668123
10605 0.0043668123
2671 0.0043668123
11635 0.02183406
21621 0.01746725
19062 0.013100437
12664 0.0043668123
18298 0.0043668123
14204 0.0043668123
15484 0.008733625
19581 0.008733625
21632 0.0043668123
17025 0.008733625
2690 0.008733625
9862 0.0043668123
16520 0.0043668123
3982 0.008733625
5007 0.0043668123
6032 0.0043668123
17553 0.0043668123
10897 0.008733625
3730 0.0043668123
8343 0.0043668123
19865 0.0043668123
9370 0.0043668123
14490 0.0043668123
10651 0.0043668123
19356 0.008733625
11932 0.02183406
20127 0.0043668123
3745 0.008733625
3491 0.0043668123
13480 0.0043668123
20648 0.008733625
13485 0.0043668123
19886 0.0043668123
8111 0.008733625
20402 0.0043668123
9139 0.0043668123
1973 0.0043668123
20405 0.008733625
19126 0.0043668123
20150 0.008733625
2236 0.0043668123
3262 0.0043668123
9666 0.0043668123
21698 0.0043668123
20163 0.013100437
3268 0.0043668123
16582 0.0043668123
7110 0.0043668123
2758 0.008733625
1482 0.0043668123
716 0.0043668123
13260 0.0043668123
18381 0.0043668123
13775 0.0043668123
1488 0.0043668123
18640 0.0043668123
13521 0.0043668123
10451 0.01746725
8662 0.030567685
14040 0.0043668123
20696 0.013100437
21465 0.0043668123
7642 0.0043668123
15323 0.0043668123
5083 0.026200874
14300 0.0043668123
2269 0.0043668123
4319 0.0043668123
6623 0.0043668123
3807 0.008733625
21984 0.0043668123
6116 0.008733625
20453 0.008733625
5349 0.013100437
5606 0.008733625
2791 0.0043668123
3306 0.008733625
1006 0.0043668123
18159 0.0043668123
12016 0.0043668123
11512 0.04366812
2041 0.0043668123
14330 0.0043668123
