8194 0.0040983604
9218 0.0040983604
4100 0.0040983604
12548 0.0040983604
8709 0.0040983604
5893 0.020491803
2311 0.0040983604
5900 0.0040983604
15629 0.008196721
10767 0.016393442
22294 0.0040983604
22296 0.0040983604
19736 0.012295082
3097 0.0040983604
8218 0.0040983604
4635 0.012295082
12830 0.0040983604
13855 0.0040983604
13343 0.008196721
3104 0.0040983604
22050 0.0040983604
9250 0.008196721
11298 0.020491803
7460 0.0040983604
6181 0.0040983604
38 0.0040983604
4903 0.0040983604
10025 0.008196721
22060 0.0040983604
6444 0.016393442
13613 0.0040983604
1837 0.008196721
21295 0.0040983604
22064 0.0040983604
9520 0.0040983604
8241 0.0040983604
7474 0.0040983604
6454 0.0040983604
14650 0.0040983604
15422 0.0040983604
11327 0.012295082
11073 0.008196721
10821 0.020491803
12871 0.0040983604
6215 0.0040983604
2119 0.0040983604
8263 0.012295082
4169 0.0040983604
4682 0.0040983604
15178 0.0040983604
18251 0.0040983604
15949 0.0040983604
11598 0.0040983604
10065 0.0040983604
15699 0.0040983604
2901 0.0040983604
18263 0.06557377
1114 0.0040983604
2395 0.0040983604
14173 0.0040983604
6239 0.0040983604
16481 0.0040983604
22115 0.0040983604
20579 0.008196721
10083 0.024590164
3430 0.012295082
15209 0.0040983604
8297 0.0040983604
10094 0.012295082
2674 0.008196721
11635 0.012295082
11892 0.0040983604
19062 0.0040983604
1399 0.0040983604
22140 0.0040983604
8573 0.0040983604
21632 0.0040983604
3456 0.0040983604
9862 0.0040983604
19849 0.0040983604
8843 0.0040983604
20624 0.0040983604
10897 0.020491803
18834 0.0040983604
9881 0.0040983604
6556 0.0040983604
17822 0.0040983604
8095 0.0040983604
13983 0.0040983604
3745 0.012295082
2476 0.0040983604
20402 0.008196721
9139 0.0040983604
8371 0.0040983604
9141 0.0040983604
20405 0.020491803
8890 0.0040983604
6588 0.012295082
4286 0.0040983604
14273 0.0040983604
21698 0.008196721
10691 0.0040983604
5829 0.0040983604
16582 0.0040983604
2758 0.0040983604
1488 0.008196721
13521 0.0040983604
18385 0.0040983604
10451 0.040983606
11734 0.008196721
20696 0.024590164
21465 0.0040983604
13532 0.008196721
16605 0.0040983604
8415 0.012295082
10465 0.0040983604
11235 0.0040983604
6116 0.016393442
8422 0.0040983604
12008 0.008196721
14314 0.0040983604
14060 0.0040983604
16621 0.008196721
1006 0.016393442
8175 0.0040983604
21235 0.0040983604
11512 0.045081966
2041 0.0040983604
17659 0.0040983604
6654 0.0040983604
6143 0.012295082
