8194 0.003267974
5893 0.01633987
19461 0.035947714
10246 0.009803922
7434 0.003267974
18955 0.003267974
10763 0.003267974
5900 0.003267974
6413 0.006535948
10767 0.003267974
5903 0.003267974
8208 0.003267974
4627 0.003267974
3860 0.003267974
13844 0.003267974
19736 0.006535948
6939 0.003267974
4635 0.013071896
5149 0.003267974
31 0.003267974
13855 0.006535948
12321 0.003267974
18209 0.003267974
9250 0.009803922
13603 0.003267974
20516 0.003267974
21541 0.003267974
4903 0.003267974
1576 0.003267974
13610 0.003267974
15662 0.003267974
3632 0.006535948
14129 0.006535948
19250 0.003267974
21044 0.003267974
21813 0.009803922
14650 0.022875817
6206 0.003267974
18239 0.006535948
11327 0.006535948
18501 0.003267974
10821 0.003267974
12871 0.003267974
2119 0.006535948
8263 0.006535948
4169 0.003267974
18251 0.009803922
8011 0.009803922
12365 0.003267974
16717 0.013071896
17486 0.003267974
13904 0.003267974
9810 0.003267974
16471 0.003267974
18263 0.01633987
15960 0.003267974
18778 0.003267974
2395 0.003267974
8797 0.003267974
13662 0.003267974
13919 0.003267974
1376 0.003267974
16736 0.009803922
16481 0.003267974
21345 0.003267974
20579 0.003267974
10083 0.006535948
17252 0.003267974
10342 0.003267974
3430 0.003267974
2662 0.003267974
9063 0.003267974
15975 0.006535948
8297 0.006535948
2413 0.003267974
5742 0.003267974
10094 0.006535948
2424 0.003267974
11644 0.003267974
19581 0.019607844
21632 0.003267974
8070 0.003267974
9862 0.009803922
10380 0.006535948
910 0.003267974
11151 0.003267974
7567 0.006535948
21136 0.003267974
10896 0.003267974
18064 0.003267974
17553 0.003267974
10897 0.006535948
20883 0.006535948
8085 0.022875817
150 0.006535948
8343 0.006535948
19098 0.003267974
10651 0.04248366
16028 0.003267974
4510 0.006535948
20127 0.003267974
3745 0.003267974
8097 0.013071896
15528 0.003267974
20648 0.003267974
6828 0.003267974
16813 0.003267974
19886 0.003267974
13235 0.013071896
20405 0.019607844
19126 0.003267974
2231 0.013071896
3515 0.006535948
6588 0.003267974
4286 0.003267974
5825 0.006535948
18882 0.003267974
20418 0.003267974
9666 0.006535948
16068 0.003267974
16836 0.003267974
20166 0.003267974
16582 0.006535948
8135 0.003267974
13255 0.013071896
1483 0.003267974
4556 0.003267974
5068 0.003267974
8140 0.003267974
1488 0.006535948
13521 0.003267974
10451 0.022875817
20438 0.003267974
3288 0.003267974
21465 0.003267974
14300 0.003267974
13532 0.003267974
18910 0.003267974
4319 0.003267974
9441 0.006535948
20196 0.003267974
6116 0.01633987
20453 0.006535948
2791 0.003267974
16871 0.006535948
11241 0.003267974
18410 0.003267974
7914 0.003267974
14060 0.003267974
16621 0.006535948
1006 0.01633987
8175 0.003267974
12016 0.003267974
8433 0.003267974
20723 0.006535948
4086 0.006535948
11512 0.055555556
6905 0.003267974
5881 0.006535948
17659 0.003267974
