8194 0.0071174377
5892 0.0035587188
10244 0.0071174377
8709 0.0035587188
5893 0.0035587188
16390 0.0035587188
10246 0.010676157
20231 0.0071174377
17415 0.010676157
16396 0.0035587188
5900 0.0035587188
18446 0.0035587188
8208 0.0035587188
3859 0.0035587188
7444 0.0035587188
19736 0.0071174377
4635 0.014234875
3611 0.03914591
12321 0.010676157
9250 0.0071174377
21541 0.0035587188
6952 0.06761566
21033 0.0035587188
10025 0.0035587188
13097 0.0071174377
13610 0.0035587188
18731 0.0035587188
10284 0.0035587188
13613 0.0035587188
8237 0.0071174377
21295 0.0035587188
9263 0.0035587188
11827 0.0035587188
18232 0.0035587188
14394 0.0035587188
14650 0.017793594
22076 0.0035587188
3645 0.049822062
18239 0.0035587188
11327 0.0035587188
11073 0.0035587188
18758 0.0035587188
12871 0.0035587188
4169 0.0035587188
18251 0.042704627
5455 0.0035587188
337 0.0035587188
20309 0.0035587188
11607 0.0035587188
18263 0.014234875
19034 0.0035587188
2395 0.0035587188
8797 0.0035587188
6239 0.0035587188
10335 0.0035587188
16481 0.0035587188
7265 0.014234875
6243 0.0035587188
3430 0.0035587188
15209 0.010676157
6509 0.0071174377
11376 0.010676157
21621 0.0035587188
10101 0.0035587188
5237 0.0035587188
12918 0.0035587188
19581 0.0071174377
8573 0.0071174377
21632 0.0035587188
2176 0.0035587188
16003 0.0035587188
7812 0.0035587188
8070 0.0035587188
9862 0.0071174377
16520 0.0035587188
3209 0.0035587188
17549 0.0035587188
6286 0.0035587188
910 0.0035587188
3982 0.010676157
17553 0.0035587188
13713 0.0035587188
10897 0.021352313
20883 0.0035587188
20886 0.0035587188
8343 0.0035587188
21401 0.0035587188
10651 0.042704627
11932 0.0071174377
18077 0.0035587188
20127 0.0035587188
13983 0.0035587188
928 0.0035587188
3745 0.0071174377
15011 0.0035587188
12710 0.014234875
1960 0.0035587188
15528 0.0035587188
21160 0.0035587188
18858 0.0035587188
178 0.0035587188
14514 0.010676157
13492 0.0035587188
20405 0.010676157
19385 0.0071174377
16064 0.0035587188
1473 0.0035587188
8899 0.0035587188
16582 0.0071174377
13255 0.0035587188
3530 0.0035587188
718 0.010676157
13521 0.0035587188
10451 0.010676157
7124 0.0035587188
3288 0.0035587188
19672 0.0035587188
20696 0.010676157
14300 0.0071174377
12765 0.0035587188
16095 0.0035587188
4319 0.02846975
6116 0.0071174377
20453 0.010676157
8422 0.0035587188
2790 0.0035587188
3306 0.0035587188
1261 0.0035587188
1006 0.010676157
2292 0.0035587188
21493 0.0035587188
11512 0.017793594
20217 0.0035587188
2041 0.0035587188
20218 0.010676157
3323 0.0035587188
12283 0.0035587188
2300 0.0035587188
13566 0.0035587188
19711 0.0035587188
19199 0.0035587188
