7680 0.008810572
9988 0.004405286
5893 0.017621145
10246 0.004405286
17415 0.004405286
16396 0.004405286
8475 0.004405286
4635 0.008810572
550 0.004405286
10793 0.004405286
9769 0.004405286
17705 0.008810572
13610 0.004405286
298 0.008810572
18731 0.004405286
13611 0.004405286
20780 0.004405286
1324 0.004405286
13613 0.03524229
15662 0.004405286
4658 0.004405286
19250 0.004405286
21044 0.004405286
21813 0.004405286
14394 0.004405286
14650 0.008810572
4923 0.004405286
11327 0.004405286
11073 0.004405286
1858 0.004405286
10821 0.004405286
18501 0.004405286
12871 0.004405286
8263 0.004405286
9289 0.004405286
18251 0.039647575
12365 0.004405286
15949 0.004405286
20821 0.004405286
853 0.057268724
18263 0.004405286
16471 0.008810572
19034 0.004405286
2395 0.004405286
11611 0.004405286
5212 0.004405286
15196 0.013215859
6239 0.004405286
16481 0.004405286
2914 0.004405286
10083 0.004405286
20579 0.008810572
13160 0.004405286
15209 0.004405286
14442 0.004405286
2410 0.004405286
20078 0.004405286
17265 0.004405286
13426 0.008810572
2674 0.026431719
884 0.017621145
6268 0.004405286
19581 0.008810572
21632 0.004405286
2690 0.017621145
9862 0.013215859
16520 0.004405286
20360 0.008810572
14990 0.004405286
6032 0.004405286
10897 0.02202643
20886 0.004405286
8343 0.02202643
10651 0.039647575
11932 0.008810572
3745 0.008810572
13480 0.004405286
20648 0.004405286
8368 0.026431719
8371 0.004405286
14515 0.013215859
20405 0.008810572
17846 0.008810572
2231 0.004405286
6588 0.026431719
13251 0.004405286
3268 0.004405286
16582 0.004405286
716 0.004405286
1488 0.004405286
13521 0.004405286
10451 0.02202643
9685 0.013215859
20438 0.004405286
16599 0.004405286
14300 0.004405286
7135 0.004405286
479 0.004405286
6623 0.017621145
4319 0.030837005
19683 0.004405286
5349 0.004405286
20712 0.008810572
1261 0.004405286
15342 0.004405286
7918 0.004405286
1006 0.008810572
2292 0.004405286
11512 0.052863438
7421 0.008810572
22270 0.004405286
