5893 0.034602076
10246 0.013840831
10759 0.0034602077
10763 0.0034602077
3339 0.0034602077
5900 0.0034602077
6156 0.0034602077
16396 0.0034602077
7950 0.0034602077
1295 0.0034602077
10767 0.0034602077
21779 0.0034602077
19736 0.010380623
8986 0.0034602077
4635 0.017301038
10270 0.0034602077
12830 0.0034602077
9250 0.010380623
11298 0.010380623
38 0.0034602077
4903 0.0069204154
1324 0.0034602077
13613 0.0034602077
8242 0.0034602077
22066 0.013840831
5428 0.0034602077
21044 0.0034602077
21813 0.0034602077
6709 0.0034602077
14650 0.024221454
18239 0.0034602077
11327 0.0034602077
1858 0.010380623
10821 0.0034602077
18758 0.0034602077
18246 0.0069204154
12871 0.0034602077
8263 0.0034602077
11591 0.0034602077
18251 0.031141868
16717 0.0034602077
6477 0.0069204154
10321 0.0034602077
18263 0.0034602077
2395 0.0034602077
13659 0.0034602077
20571 0.0034602077
15196 0.0034602077
19548 0.0034602077
8797 0.0034602077
349 0.0034602077
6239 0.0034602077
1376 0.0034602077
16481 0.0034602077
21345 0.0034602077
10083 0.0069204154
20579 0.013840831
100 0.0034602077
3430 0.0034602077
2662 0.0069204154
13929 0.0069204154
20586 0.0034602077
109 0.0034602077
13426 0.0034602077
2674 0.0034602077
884 0.010380623
21621 0.0069204154
7031 0.0034602077
20349 0.0034602077
19581 0.0069204154
3455 0.0034602077
21632 0.0034602077
1411 0.0034602077
11141 0.0034602077
902 0.0034602077
9862 0.0034602077
16520 0.0034602077
3464 0.0034602077
7820 0.0034602077
7567 0.038062282
18064 0.0034602077
6032 0.020761246
17553 0.0034602077
13457 0.0034602077
10897 0.017301038
20883 0.0034602077
20886 0.0034602077
150 0.0034602077
8343 0.010380623
13210 0.0069204154
11932 0.0034602077
22174 0.0034602077
3745 0.010380623
15011 0.0034602077
8355 0.0034602077
6308 0.0034602077
11431 0.013840831
15528 0.0069204154
5801 0.010380623
7082 0.05882353
2731 0.0034602077
10412 0.0034602077
13485 0.0069204154
19125 0.0034602077
20405 0.031141868
20150 0.0034602077
19126 0.013840831
2231 0.0034602077
4286 0.0034602077
9666 0.0034602077
3268 0.010380623
16582 0.0034602077
1224 0.0069204154
16841 0.0034602077
4809 0.0034602077
12746 0.0034602077
13521 0.0034602077
10451 0.013840831
20437 0.0069204154
6359 0.0034602077
20696 0.0034602077
3288 0.010380623
21465 0.0034602077
11741 0.0034602077
6111 0.0034602077
4319 0.027681662
18656 0.0034602077
14307 0.0034602077
6116 0.0069204154
20453 0.0034602077
5349 0.0069204154
16871 0.0034602077
2791 0.0034602077
20712 0.0034602077
18410 0.0034602077
19693 0.0034602077
1006 0.013840831
8175 0.0034602077
12016 0.0069204154
12020 0.0034602077
1527 0.0034602077
7160 0.0034602077
11512 0.024221454
5881 0.0034602077
12284 0.0034602077
16892 0.0069204154
13566 0.0069204154
