7680 0.0032786885
11776 0.006557377
7681 0.0032786885
8709 0.0032786885
5893 0.036065575
16390 0.0032786885
10246 0.0032786885
18440 0.0032786885
21514 0.0032786885
10763 0.0032786885
2061 0.0032786885
5903 0.0032786885
20496 0.006557377
2836 0.0032786885
13844 0.006557377
19736 0.029508196
4635 0.019672131
18208 0.0032786885
6688 0.0032786885
3104 0.0032786885
11298 0.0032786885
9250 0.0032786885
3619 0.0032786885
12327 0.0032786885
13613 0.0032786885
15155 0.0032786885
20020 0.0032786885
13621 0.0032786885
14650 0.006557377
21563 0.0032786885
18239 0.016393442
11073 0.0032786885
19779 0.0032786885
2884 0.0032786885
10821 0.0032786885
4934 0.0032786885
18758 0.013114754
12871 0.0032786885
18251 0.045901638
7757 0.0032786885
11598 0.0032786885
10319 0.0032786885
2897 0.0032786885
3922 0.0032786885
7252 0.006557377
84 0.013114754
18263 0.019672131
19034 0.009836066
2395 0.0032786885
10331 0.006557377
19805 0.0032786885
14173 0.0032786885
13919 0.006557377
6239 0.006557377
16736 0.0032786885
21345 0.0032786885
16481 0.006557377
5990 0.0032786885
2662 0.0032786885
15209 0.0032786885
5231 0.0032786885
13426 0.006557377
11635 0.0032786885
6004 0.0032786885
15484 0.0032786885
14204 0.0032786885
19581 0.036065575
20349 0.036065575
21632 0.0032786885
13186 0.0032786885
8070 0.0032786885
16520 0.0032786885
6281 0.0032786885
22154 0.0032786885
10125 0.0032786885
10896 0.006557377
9873 0.0032786885
10897 0.006557377
9361 0.026229508
20883 0.0032786885
17299 0.0032786885
20886 0.0032786885
8343 0.009836066
8090 0.006557377
5019 0.0032786885
21403 0.0032786885
11932 0.009836066
20637 0.0032786885
416 0.0032786885
3745 0.009836066
2731 0.006557377
10417 0.0032786885
7090 0.0032786885
5811 0.0032786885
9139 0.009836066
6836 0.0032786885
20405 0.022950819
20150 0.0032786885
19385 0.009836066
20157 0.0032786885
4286 0.0032786885
18623 0.0032786885
16064 0.0032786885
5825 0.006557377
10691 0.006557377
3268 0.0032786885
16582 0.0032786885
9926 0.0032786885
2758 0.006557377
1739 0.0032786885
1488 0.009836066
13521 0.0032786885
10451 0.04918033
20437 0.006557377
11734 0.0032786885
3288 0.0032786885
20696 0.022950819
1241 0.0032786885
21465 0.006557377
7897 0.019672131
15323 0.0032786885
14300 0.0032786885
4319 0.016393442
18401 0.0032786885
5859 0.0032786885
20196 0.0032786885
6116 0.009836066
5349 0.0032786885
8422 0.0032786885
2791 0.0032786885
14314 0.0032786885
7914 0.006557377
20203 0.0032786885
15851 0.0032786885
8686 0.0032786885
18414 0.0032786885
1006 0.016393442
12016 0.006557377
20723 0.0032786885
13044 0.0032786885
18932 0.0032786885
15608 0.0032786885
11512 0.016393442
7421 0.0032786885
253 0.0032786885
20478 0.0032786885
5631 0.0032786885
