5892 0.003267974
19461 0.003267974
18693 0.013071896
5893 0.039215688
10246 0.013071896
6409 0.003267974
17676 0.003267974
15629 0.003267974
17679 0.003267974
1295 0.003267974
10767 0.003267974
8468 0.003267974
2582 0.003267974
19736 0.013071896
8474 0.003267974
4635 0.01633987
9250 0.003267974
6952 0.009803922
18731 0.003267974
19756 0.003267974
13613 0.006535948
8494 0.003267974
10546 0.003267974
21559 0.013071896
3130 0.003267974
14650 0.006535948
15935 0.003267974
18239 0.009803922
14916 0.003267974
13637 0.003267974
21317 0.006535948
12871 0.003267974
8263 0.009803922
20554 0.003267974
18251 0.03267974
20813 0.003267974
14158 0.003267974
6742 0.003267974
20823 0.003267974
18263 0.01633987
2395 0.003267974
11611 0.003267974
18271 0.009803922
22111 0.009803922
13919 0.013071896
16736 0.04248366
16481 0.003267974
7265 0.006535948
21345 0.01633987
20579 0.003267974
2662 0.006535948
3430 0.022875817
6509 0.003267974
10350 0.009803922
11635 0.003267974
884 0.022875817
19062 0.003267974
10102 0.006535948
1660 0.006535948
19581 0.003267974
21632 0.003267974
2690 0.003267974
16003 0.003267974
8070 0.009803922
16520 0.003267974
17294 0.003267974
3982 0.003267974
21135 0.006535948
18064 0.003267974
10896 0.006535948
17553 0.003267974
10897 0.009803922
16531 0.003267974
20886 0.003267974
150 0.003267974
19865 0.003267974
10651 0.009803922
11932 0.006535948
21661 0.003267974
2973 0.003267974
6813 0.003267974
12447 0.003267974
3745 0.003267974
12710 0.003267974
15528 0.003267974
1456 0.003267974
19888 0.006535948
14514 0.006535948
13492 0.003267974
20405 0.01633987
19126 0.003267974
20150 0.003267974
2231 0.006535948
20418 0.003267974
10691 0.003267974
3268 0.006535948
16582 0.003267974
6344 0.013071896
2509 0.009803922
1488 0.039215688
13521 0.003267974
17875 0.003267974
10451 0.029411765
7382 0.003267974
20439 0.003267974
20696 0.05882353
21465 0.009803922
13532 0.006535948
4319 0.022875817
12001 0.003267974
20453 0.006535948
5349 0.006535948
14314 0.003267974
3306 0.006535948
20203 0.003267974
1261 0.003267974
6381 0.003267974
19696 0.006535948
8433 0.003267974
2802 0.003267974
3058 0.022875817
20723 0.003267974
15349 0.003267974
11512 0.04901961
20988 0.003267974
