8194 0.0034602077
16390 0.0034602077
10246 0.0069204154
9227 0.0034602077
5900 0.010380623
21262 0.0034602077
10005 0.0034602077
22294 0.0034602077
6934 0.0034602077
12823 0.0034602077
19736 0.013840831
6939 0.0069204154
4635 0.010380623
10780 0.0034602077
15900 0.0034602077
14365 0.010380623
13855 0.010380623
16161 0.0034602077
13857 0.0034602077
22050 0.0034602077
9250 0.0034602077
20516 0.010380623
21541 0.0069204154
8743 0.0034602077
13613 0.0034602077
21038 0.0034602077
10546 0.0034602077
20020 0.0034602077
9017 0.0034602077
14650 0.0034602077
15420 0.0034602077
8254 0.0034602077
17983 0.0034602077
18239 0.010380623
18243 0.0034602077
4934 0.0034602077
18758 0.0069204154
12871 0.0034602077
8263 0.017301038
20552 0.0069204154
4169 0.0069204154
20554 0.0034602077
8267 0.0034602077
18251 0.024221454
14158 0.0034602077
8021 0.0069204154
19542 0.0034602077
18263 0.013840831
2395 0.0034602077
13659 0.0034602077
15196 0.0034602077
4446 0.0034602077
9310 0.0069204154
6239 0.0069204154
8288 0.0034602077
20320 0.0034602077
6240 0.0069204154
20065 0.0034602077
16481 0.0034602077
7265 0.0034602077
10083 0.0034602077
12899 0.0034602077
20579 0.0034602077
8549 0.0034602077
614 0.0034602077
3430 0.013840831
4969 0.0034602077
15209 0.0034602077
16749 0.0034602077
6509 0.0034602077
10605 0.0034602077
10350 0.0034602077
5231 0.0034602077
21872 0.0034602077
9073 0.0034602077
11635 0.0034602077
884 0.0034602077
20085 0.0034602077
13944 0.0034602077
19581 0.010380623
1662 0.013840831
3455 0.0034602077
21632 0.0034602077
16002 0.0034602077
16003 0.010380623
11396 0.0034602077
18566 0.0034602077
17549 0.0034602077
17294 0.0034602077
3982 0.0034602077
6286 0.0069204154
8592 0.0034602077
18064 0.0034602077
9361 0.0034602077
10897 0.024221454
8851 0.0034602077
12180 0.0034602077
16789 0.0034602077
11925 0.0034602077
17815 0.0034602077
8343 0.010380623
6813 0.0034602077
8097 0.010380623
3745 0.010380623
17573 0.0034602077
7082 0.0069204154
2731 0.0034602077
13485 0.0034602077
14514 0.0034602077
8371 0.010380623
13235 0.027681662
15797 0.0034602077
20405 0.020761246
21947 0.0034602077
192 0.0034602077
5825 0.0069204154
10691 0.0034602077
6083 0.0034602077
16582 0.0034602077
9926 0.0034602077
2758 0.017301038
12489 0.0034602077
203 0.0034602077
13260 0.020761246
13521 0.0034602077
10451 0.038062282
18134 0.0034602077
16599 0.0034602077
3288 0.0034602077
20696 0.017301038
217 0.0069204154
4314 0.0069204154
15323 0.0069204154
12765 0.0034602077
4319 0.020761246
6368 0.010380623
5859 0.017301038
3300 0.0034602077
6116 0.0034602077
5861 0.0034602077
20453 0.0034602077
6886 0.0034602077
7914 0.0069204154
14060 0.010380623
1006 0.013840831
21487 0.0034602077
12016 0.0034602077
241 0.0034602077
21235 0.0034602077
1524 0.0034602077
2292 0.0034602077
15606 0.0069204154
5624 0.0034602077
11512 0.020761246
3323 0.017301038
22270 0.0034602077
19711 0.0034602077
5631 0.0069204154
