6403 0.0041841003
9988 0.0041841003
8709 0.008368201
5893 0.029288704
10246 0.012552301
15629 0.008368201
15374 0.0041841003
9487 0.0041841003
10767 0.0041841003
19473 0.0041841003
19736 0.0041841003
10780 0.0041841003
15900 0.0041841003
541 0.0041841003
13857 0.0041841003
7457 0.0041841003
12321 0.008368201
5410 0.0041841003
9250 0.008368201
21541 0.0041841003
38 0.0041841003
4390 0.0041841003
12841 0.0041841003
1324 0.0041841003
18991 0.0041841003
10546 0.0041841003
22066 0.0041841003
20020 0.008368201
20280 0.0041841003
14650 0.016736401
13883 0.0041841003
18239 0.0041841003
11327 0.0041841003
18246 0.008368201
8263 0.0041841003
12871 0.012552301
18251 0.020920502
16717 0.0041841003
6477 0.008368201
2897 0.0041841003
11607 0.0041841003
2395 0.0041841003
13659 0.0041841003
1376 0.0041841003
16481 0.0041841003
21089 0.0041841003
20579 0.0041841003
2662 0.0041841003
8297 0.0041841003
13929 0.0041841003
14442 0.0041841003
2413 0.0041841003
8561 0.0041841003
20851 0.0041841003
884 0.008368201
21621 0.0041841003
19062 0.008368201
19322 0.0041841003
11643 0.0041841003
3196 0.0041841003
19581 0.012552301
21632 0.0041841003
13699 0.0041841003
8836 0.0041841003
20360 0.0041841003
7567 0.0041841003
10896 0.008368201
10897 0.008368201
3730 0.0041841003
8851 0.0041841003
8855 0.0041841003
8343 0.008368201
11672 0.0041841003
16024 0.008368201
21401 0.0041841003
15003 0.0041841003
13983 0.0041841003
8097 0.0041841003
3745 0.008368201
8355 0.008368201
21160 0.0041841003
20648 0.0041841003
15528 0.0041841003
7082 0.066945605
13485 0.008368201
9393 0.0041841003
14514 0.0041841003
13235 0.0041841003
9141 0.0041841003
20405 0.033472802
3515 0.0041841003
17085 0.0041841003
1473 0.0041841003
5825 0.012552301
21698 0.0041841003
16582 0.0041841003
11718 0.0041841003
2758 0.0041841003
715 0.0041841003
14795 0.0041841003
20176 0.0041841003
13521 0.0041841003
10451 0.008368201
6359 0.008368201
20696 0.0041841003
3288 0.07112971
21465 0.0041841003
6364 0.0041841003
13532 0.016736401
21983 0.008368201
4319 0.016736401
6116 0.029288704
5349 0.0041841003
20453 0.012552301
15337 0.008368201
5355 0.0041841003
1006 0.016736401
12016 0.008368201
8433 0.008368201
500 0.0041841003
11512 0.058577407
2041 0.0041841003
8700 0.008368201
22270 0.0041841003
6143 0.012552301
