8194 0.021671826
261 0.0061919503
5893 0.01857585
4620 0.0030959751
5900 0.0030959751
15629 0.0030959751
20493 0.0030959751
19736 0.0030959751
18458 0.0061919503
4635 0.0030959751
8475 0.0030959751
14365 0.0030959751
18209 0.0030959751
9250 0.012383901
22050 0.027863776
6435 0.0030959751
21541 0.0030959751
21287 0.0030959751
20519 0.0030959751
4903 0.0061919503
18731 0.0030959751
20020 0.0030959751
14650 0.0061919503
6203 0.0061919503
7486 0.0030959751
18239 0.009287925
11327 0.012383901
5696 0.0030959751
21312 0.0030959751
10817 0.0030959751
10821 0.009287925
18758 0.0061919503
12871 0.0030959751
8263 0.0061919503
2632 0.0030959751
13129 0.0030959751
15177 0.01857585
18251 0.024767801
16717 0.0061919503
5455 0.049535602
18263 0.03405573
14682 0.015479876
2395 0.0030959751
10331 0.0030959751
3419 0.0030959751
13149 0.0030959751
6239 0.0030959751
16481 0.0030959751
3430 0.012383901
4714 0.0030959751
6509 0.0030959751
11635 0.012383901
884 0.0030959751
19062 0.0061919503
10104 0.0030959751
9849 0.0030959751
10618 0.0030959751
6012 0.0061919503
19581 0.0061919503
21632 0.0030959751
19072 0.0061919503
16772 0.015479876
16520 0.0030959751
19594 0.061919503
6796 0.0030959751
6286 0.0061919503
10897 0.012383901
3730 0.0030959751
20886 0.0030959751
17815 0.009287925
8343 0.015479876
13211 0.0030959751
10140 0.0030959751
2204 0.0030959751
18078 0.0030959751
6304 0.0061919503
3745 0.0030959751
3489 0.0061919503
930 0.01857585
8355 0.0030959751
18340 0.0061919503
20648 0.0030959751
5801 0.0030959751
19886 0.0030959751
9393 0.0061919503
20402 0.0030959751
14514 0.0061919503
8371 0.0061919503
4789 0.0061919503
20405 0.021671826
19385 0.0030959751
4285 0.0030959751
18623 0.0030959751
192 0.0030959751
16064 0.015479876
5056 0.021671826
8898 0.0030959751
10691 0.009287925
3268 0.0030959751
16582 0.0030959751
1482 0.01857585
19917 0.0030959751
1488 0.009287925
13521 0.0030959751
10451 0.05882353
20437 0.0030959751
20696 0.0030959751
21465 0.015479876
7132 0.0030959751
4319 0.0061919503
8163 0.0030959751
20453 0.0030959751
5349 0.0030959751
20712 0.0030959751
9704 0.009287925
15593 0.0030959751
1006 0.0061919503
241 0.0030959751
9974 0.0030959751
15608 0.0030959751
7160 0.0061919503
11512 0.04024768
16892 0.0030959751
18431 0.009287925
