8194 0.014705882
5893 0.026470589
16390 0.0029411765
10246 0.005882353
17415 0.0029411765
3847 0.0029411765
4617 0.0029411765
14090 0.0029411765
10763 0.0029411765
5900 0.00882353
10767 0.011764706
22035 0.0029411765
2836 0.00882353
13334 0.0029411765
5399 0.0029411765
19736 0.00882353
21786 0.0029411765
4635 0.014705882
14365 0.0029411765
6174 0.0029411765
12830 0.005882353
7969 0.0029411765
12321 0.005882353
9250 0.005882353
20516 0.0029411765
6952 0.0029411765
4649 0.0029411765
2089 0.0029411765
298 0.0029411765
13610 0.0029411765
4652 0.0029411765
13613 0.005882353
19250 0.0029411765
7474 0.0029411765
10546 0.0029411765
6454 0.0029411765
6968 0.0029411765
14650 0.005882353
15422 0.005882353
11327 0.0029411765
18239 0.00882353
1858 0.00882353
13891 0.00882353
12871 0.0029411765
2119 0.0029411765
8263 0.005882353
6215 0.005882353
4169 0.005882353
18251 0.04117647
13645 0.0029411765
12365 0.0029411765
14158 0.0029411765
9295 0.0029411765
13651 0.0029411765
21588 0.0029411765
14165 0.0029411765
9813 0.005882353
18263 0.005882353
19034 0.0029411765
2395 0.0029411765
20571 0.005882353
6751 0.0029411765
16736 0.005882353
16481 0.0029411765
7265 0.014705882
6243 0.0029411765
20579 0.0029411765
10083 0.011764706
13929 0.0029411765
4714 0.014705882
20333 0.005882353
10350 0.00882353
16495 0.0029411765
11376 0.0029411765
21872 0.005882353
11635 0.0029411765
12660 0.005882353
19062 0.005882353
19581 0.01764706
4736 0.0029411765
21632 0.0029411765
16003 0.023529412
11141 0.0029411765
9862 0.0029411765
13709 0.0029411765
6286 0.0029411765
17294 0.0029411765
20879 0.0029411765
6032 0.0029411765
9360 0.0029411765
18064 0.005882353
9361 0.0029411765
10897 0.00882353
19603 0.005882353
8853 0.00882353
8342 0.005882353
8343 0.0029411765
14743 0.0029411765
9368 0.0029411765
8090 0.005882353
5019 0.0029411765
10651 0.00882353
1948 0.0029411765
11932 0.00882353
13983 0.0029411765
16543 0.0029411765
3745 0.0029411765
4513 0.0029411765
15522 0.0029411765
8355 0.0029411765
15528 0.0029411765
10409 0.0029411765
19886 0.014705882
8111 0.0029411765
20405 0.03529412
2231 0.0029411765
6584 0.0029411765
6588 0.005882353
12734 0.0029411765
3262 0.0029411765
4286 0.005882353
5825 0.0029411765
14273 0.0029411765
10691 0.005882353
18116 0.0029411765
16582 0.005882353
7110 0.00882353
13255 0.005882353
2764 0.0029411765
716 0.0029411765
718 0.0029411765
10702 0.0029411765
6862 0.005882353
17104 0.0029411765
13521 0.0029411765
10451 0.047058824
11734 0.005882353
3288 0.0029411765
20696 0.005882353
7642 0.0029411765
731 0.0029411765
15067 0.0029411765
4319 0.026470589
8163 0.0029411765
11235 0.0029411765
6116 0.0029411765
5861 0.0029411765
14053 0.0029411765
20453 0.005882353
16871 0.0029411765
4329 0.0029411765
19178 0.0029411765
8172 0.0029411765
1261 0.0029411765
14061 0.0029411765
8686 0.0029411765
1006 0.00882353
21487 0.0029411765
11508 0.0029411765
13044 0.005882353
9973 0.0029411765
1527 0.0029411765
7160 0.0029411765
11512 0.064705886
14330 0.0029411765
5631 0.0029411765
6143 0.005882353
