4100 0.0073260074
5893 0.01831502
10246 0.010989011
2061 0.0036630037
15629 0.0036630037
5903 0.0073260074
16408 0.0036630037
19736 0.02930403
8475 0.0036630037
4635 0.010989011
5149 0.0036630037
14365 0.0036630037
31 0.0036630037
18208 0.0036630037
16161 0.0036630037
9250 0.0036630037
5924 0.0036630037
1829 0.0036630037
6952 0.0073260074
7209 0.0036630037
8237 0.0036630037
18991 0.010989011
14898 0.0036630037
3379 0.0036630037
2101 0.0036630037
311 0.0036630037
14905 0.0036630037
14650 0.0073260074
13883 0.0036630037
3645 0.014652015
319 0.0036630037
18239 0.010989011
18501 0.0036630037
18758 0.0036630037
4934 0.0073260074
12871 0.0036630037
6215 0.0036630037
8263 0.0036630037
2632 0.0036630037
18251 0.021978023
16717 0.0036630037
13391 0.0036630037
21588 0.0036630037
16471 0.0036630037
18263 0.0073260074
2395 0.0036630037
6491 0.0036630037
19548 0.0036630037
15196 0.0036630037
13919 0.0036630037
16481 0.0036630037
21345 0.0073260074
12899 0.0036630037
20579 0.0073260074
3430 0.0073260074
15209 0.0036630037
13929 0.0073260074
4714 0.0036630037
16495 0.0036630037
9073 0.010989011
13426 0.0036630037
10868 0.0036630037
884 0.014652015
19062 0.0036630037
19581 0.0073260074
21632 0.0036630037
8070 0.0036630037
9862 0.0036630037
13958 0.0036630037
8589 0.0036630037
18064 0.0036630037
10897 0.0073260074
20883 0.0036630037
6293 0.0036630037
20886 0.0036630037
8343 0.010989011
10651 0.02930403
11932 0.0036630037
19614 0.0036630037
3745 0.010989011
21666 0.0036630037
420 0.0036630037
12710 0.0036630037
15528 0.0036630037
7082 0.0036630037
2731 0.0036630037
2476 0.0036630037
19886 0.025641026
20405 0.0036630037
18623 0.0036630037
18369 0.0036630037
5827 0.0036630037
10691 0.0036630037
9157 0.0073260074
16582 0.0036630037
7110 0.0036630037
716 0.0036630037
13260 0.014652015
19917 0.0036630037
2765 0.0073260074
1488 0.0073260074
13521 0.0036630037
10451 0.01831502
6612 0.0036630037
20949 0.0036630037
20696 0.010989011
21465 0.04029304
8666 0.0036630037
1759 0.0036630037
4319 0.0073260074
19683 0.0036630037
2531 0.0036630037
6116 0.0073260074
8422 0.0036630037
20198 0.010989011
21479 0.0036630037
7914 0.0036630037
18410 0.010989011
7661 0.0036630037
1006 0.0073260074
20719 0.0036630037
12016 0.0073260074
12017 0.0036630037
20723 0.0036630037
2292 0.0036630037
8693 0.0036630037
14838 0.0036630037
11512 0.043956045
2041 0.0036630037
3323 0.14285715
6654 0.0036630037
3839 0.0073260074
