8194 0.005479452
19461 0.002739726
8709 0.002739726
5893 0.02739726
6918 0.002739726
10246 0.002739726
17415 0.005479452
10248 0.002739726
9226 0.002739726
5900 0.002739726
16396 0.021917809
17676 0.043835618
10767 0.005479452
21264 0.002739726
8208 0.002739726
2324 0.002739726
5652 0.002739726
13844 0.002739726
22294 0.002739726
17431 0.002739726
19736 0.010958904
4635 0.005479452
14365 0.002739726
13855 0.005479452
12321 0.002739726
9250 0.002739726
20516 0.002739726
21541 0.002739726
550 0.002739726
38 0.008219178
4903 0.002739726
13097 0.002739726
13610 0.002739726
298 0.010958904
12332 0.002739726
1837 0.002739726
13613 0.005479452
4911 0.002739726
3123 0.002739726
1076 0.010958904
5429 0.002739726
13621 0.002739726
6454 0.002739726
14650 0.01369863
6203 0.002739726
1596 0.002739726
11327 0.005479452
18239 0.010958904
1858 0.002739726
17476 0.005479452
4934 0.002739726
18758 0.002739726
8263 0.005479452
12871 0.008219178
4169 0.002739726
18251 0.021917809
16717 0.002739726
3922 0.002739726
20821 0.008219178
18263 0.010958904
2395 0.002739726
15963 0.002739726
351 0.002739726
16479 0.002739726
16481 0.002739726
9313 0.002739726
21345 0.002739726
18530 0.002739726
12899 0.002739726
20579 0.005479452
9061 0.002739726
2662 0.002739726
13160 0.002739726
15209 0.008219178
6509 0.008219178
884 0.008219178
5237 0.002739726
14966 0.002739726
18038 0.002739726
19062 0.005479452
12664 0.002739726
12924 0.002739726
15484 0.002739726
19581 0.016438356
21632 0.002739726
13952 0.002739726
6787 0.002739726
7299 0.002739726
8836 0.002739726
8070 0.002739726
9862 0.005479452
16520 0.002739726
20360 0.002739726
3466 0.002739726
19594 0.010958904
17294 0.002739726
6286 0.005479452
18064 0.002739726
17553 0.002739726
10897 0.01369863
9362 0.005479452
12181 0.002739726
20886 0.005479452
7830 0.03561644
8343 0.019178081
21401 0.005479452
10649 0.005479452
8090 0.008219178
11932 0.005479452
2204 0.016438356
13983 0.002739726
8097 0.002739726
18081 0.002739726
3745 0.01369863
18340 0.002739726
15528 0.002739726
13480 0.008219178
4784 0.002739726
10417 0.002739726
14514 0.002739726
8371 0.002739726
20405 0.019178081
12470 0.002739726
19127 0.002739726
11447 0.002739726
4025 0.005479452
18623 0.002739726
13247 0.002739726
6336 0.002739726
8384 0.002739726
192 0.002739726
5825 0.005479452
10691 0.002739726
2758 0.002739726
16582 0.005479452
13255 0.002739726
1482 0.008219178
2509 0.002739726
19917 0.005479452
13521 0.002739726
18385 0.005479452
10451 0.021917809
20437 0.005479452
11734 0.002739726
17366 0.002739726
2776 0.002739726
20696 0.016438356
10969 0.002739726
21465 0.005479452
14300 0.002739726
4319 0.010958904
5088 0.002739726
2531 0.002739726
20452 0.002739726
6116 0.005479452
5349 0.002739726
5861 0.005479452
5606 0.002739726
10728 0.002739726
5096 0.002739726
1006 0.005479452
21487 0.002739726
12016 0.002739726
241 0.005479452
14579 0.002739726
20723 0.005479452
12020 0.002739726
2292 0.005479452
17653 0.002739726
15093 0.002739726
14838 0.008219178
21752 0.002739726
11512 0.052054796
14330 0.002739726
9979 0.002739726
5117 0.002739726
6143 0.008219178
