8194 0.002915452
11011 0.002915452
5892 0.005830904
9988 0.008746356
5893 0.052478135
10246 0.020408163
17415 0.002915452
5895 0.002915452
20231 0.034985423
6409 0.002915452
10763 0.008746356
268 0.002915452
10767 0.002915452
12047 0.005830904
8208 0.002915452
15120 0.002915452
2836 0.002915452
22294 0.002915452
5143 0.002915452
19736 0.017492712
25 0.002915452
4635 0.017492712
15900 0.005830904
31 0.002915452
9250 0.008746356
2854 0.002915452
4903 0.002915452
13610 0.005830904
298 0.005830904
18991 0.011661808
11825 0.002915452
5428 0.002915452
21558 0.002915452
311 0.002915452
14650 0.005830904
14140 0.002915452
8254 0.002915452
18239 0.008746356
10821 0.002915452
12871 0.002915452
2119 0.002915452
8263 0.008746356
4169 0.002915452
14153 0.002915452
18251 0.002915452
20813 0.005830904
16717 0.005830904
11598 0.005830904
6222 0.017492712
8274 0.002915452
9810 0.002915452
21588 0.002915452
9813 0.005830904
20823 0.002915452
18263 0.002915452
2395 0.002915452
14173 0.002915452
13919 0.002915452
6239 0.005830904
16736 0.008746356
16481 0.002915452
21345 0.005830904
10083 0.008746356
10597 0.002915452
9061 0.005830904
3430 0.002915452
15209 0.002915452
13929 0.020408163
6509 0.002915452
12398 0.002915452
21872 0.002915452
884 0.002915452
19062 0.005830904
8573 0.002915452
19581 0.011661808
21632 0.002915452
3456 0.002915452
2690 0.002915452
8070 0.002915452
9862 0.011661808
17294 0.002915452
7567 0.029154519
9361 0.002915452
10897 0.011661808
16530 0.002915452
16789 0.002915452
8342 0.002915452
7830 0.002915452
8855 0.002915452
8343 0.008746356
22168 0.002915452
15257 0.002915452
8090 0.002915452
13722 0.002915452
5019 0.002915452
14491 0.002915452
11932 0.002915452
4510 0.002915452
13983 0.002915452
20640 0.002915452
3745 0.008746356
3491 0.002915452
4003 0.002915452
17316 0.002915452
6311 0.002915452
168 0.002915452
2731 0.008746356
11950 0.002915452
12208 0.002915452
8368 0.005830904
9393 0.008746356
10417 0.008746356
8371 0.002915452
6579 0.005830904
20405 0.046647232
19126 0.008746356
11447 0.002915452
21432 0.002915452
10691 0.002915452
16582 0.002915452
2758 0.002915452
19917 0.002915452
2765 0.014577259
11215 0.005830904
1488 0.002915452
13521 0.002915452
10451 0.023323616
20437 0.002915452
11734 0.005830904
20696 0.06413994
21465 0.002915452
11482 0.002915452
14300 0.002915452
6623 0.002915452
6116 0.002915452
5349 0.002915452
20453 0.005830904
8422 0.002915452
3560 0.002915452
20712 0.002915452
3306 0.011661808
14060 0.005830904
14061 0.005830904
1006 0.005830904
496 0.002915452
11512 0.046647232
22270 0.002915452
6654 0.002915452
5631 0.002915452
6143 0.014577259
