18944 0.004048583
8194 0.004048583
5892 0.036437247
8965 0.004048583
8709 0.004048583
5893 0.016194332
10246 0.016194332
16396 0.004048583
8463 0.004048583
10767 0.008097166
18452 0.004048583
13334 0.024291499
19736 0.012145749
4635 0.016194332
6943 0.004048583
6688 0.004048583
22050 0.004048583
21541 0.004048583
21545 0.004048583
18731 0.004048583
8237 0.024291499
8243 0.004048583
8758 0.008097166
14650 0.004048583
18239 0.02834008
4165 0.008097166
10821 0.012145749
4934 0.008097166
18758 0.012145749
12871 0.008097166
4169 0.004048583
18251 0.036437247
18253 0.004048583
16717 0.008097166
14158 0.004048583
10065 0.004048583
3922 0.004048583
10835 0.004048583
9813 0.004048583
6999 0.004048583
18263 0.008097166
2395 0.004048583
20063 0.004048583
7007 0.004048583
16481 0.004048583
10083 0.004048583
15208 0.004048583
6509 0.004048583
10095 0.004048583
11121 0.004048583
13426 0.012145749
4477 0.004048583
19581 0.02834008
3455 0.004048583
21632 0.004048583
2690 0.004048583
12418 0.004048583
13186 0.004048583
18306 0.004048583
11141 0.008097166
9862 0.008097166
18824 0.004048583
19594 0.004048583
10897 0.020242915
20883 0.004048583
150 0.004048583
8343 0.008097166
19098 0.004048583
8090 0.048582997
11932 0.004048583
3745 0.004048583
8097 0.008097166
15528 0.004048583
2473 0.008097166
12208 0.004048583
9393 0.004048583
14514 0.008097166
20405 0.008097166
12470 0.004048583
15543 0.004048583
6588 0.004048583
10691 0.004048583
963 0.008097166
16582 0.004048583
14022 0.004048583
3530 0.004048583
1482 0.012145749
19917 0.004048583
14798 0.004048583
20176 0.004048583
1488 0.004048583
13521 0.004048583
10451 0.016194332
3288 0.004048583
20696 0.05668016
5849 0.004048583
21465 0.004048583
4315 0.004048583
4319 0.016194332
6368 0.004048583
16871 0.004048583
16621 0.004048583
1261 0.008097166
1006 0.012145749
12271 0.004048583
21487 0.004048583
22004 0.004048583
2292 0.004048583
1780 0.004048583
1524 0.008097166
21493 0.004048583
17653 0.008097166
14838 0.012145749
11512 0.060728744
22265 0.004048583
11259 0.004048583
3323 0.008097166
12286 0.004048583
19199 0.004048583
