7680 0.004115226
14850 0.004115226
4100 0.020576132
19461 0.004115226
5893 0.012345679
19718 0.008230452
10246 0.012345679
8 0.004115226
22028 0.004115226
16396 0.004115226
15629 0.004115226
8463 0.004115226
5903 0.004115226
10767 0.020576132
13844 0.012345679
19736 0.004115226
17945 0.004115226
4635 0.012345679
6688 0.008230452
9509 0.004115226
22054 0.004115226
8491 0.004115226
7724 0.004115226
6444 0.004115226
4652 0.008230452
13613 0.004115226
21295 0.004115226
21813 0.004115226
4665 0.004115226
14650 0.016460905
11579 0.004115226
10303 0.004115226
18239 0.024691358
12871 0.004115226
18251 0.012345679
2125 0.004115226
10321 0.004115226
2395 0.004115226
13659 0.004115226
12381 0.012345679
16736 0.03292181
16481 0.004115226
21345 0.020576132
17250 0.004115226
20579 0.004115226
14185 0.004115226
13929 0.012345679
9836 0.004115226
10094 0.008230452
9072 0.004115226
17265 0.004115226
5233 0.008230452
884 0.008230452
15484 0.004115226
14972 0.004115226
8573 0.004115226
19581 0.012345679
7037 0.024691358
21632 0.004115226
14976 0.004115226
3456 0.008230452
11393 0.004115226
2435 0.004115226
8836 0.004115226
12165 0.004115226
20869 0.016460905
8837 0.024691358
8070 0.008230452
9862 0.012345679
21387 0.004115226
7567 0.020576132
10896 0.016460905
10897 0.008230452
16531 0.004115226
3220 0.008230452
20886 0.004115226
7830 0.004115226
4758 0.012345679
8343 0.016460905
21401 0.004115226
19098 0.004115226
13466 0.008230452
21403 0.004115226
11932 0.004115226
4510 0.004115226
3745 0.004115226
4003 0.004115226
11431 0.004115226
168 0.004115226
15528 0.012345679
20405 0.020576132
20150 0.004115226
10691 0.004115226
3268 0.004115226
9157 0.004115226
16582 0.004115226
15823 0.004115226
1488 0.012345679
13521 0.004115226
10451 0.03292181
17108 0.004115226
20437 0.004115226
20438 0.012345679
20696 0.004115226
4570 0.004115226
14300 0.008230452
9183 0.004115226
20959 0.008230452
14560 0.004115226
5859 0.008230452
6116 0.004115226
5349 0.004115226
20453 0.012345679
14060 0.004115226
2285 0.004115226
1006 0.004115226
19183 0.004115226
496 0.008230452
241 0.004115226
8433 0.004115226
20723 0.004115226
12020 0.004115226
2550 0.004115226
11512 0.053497944
20988 0.004115226
19199 0.004115226
4095 0.004115226
