8193 0.0035587188
8709 0.0035587188
5893 0.06405694
16390 0.0035587188
17415 0.0071174377
15624 0.0071174377
4362 0.0035587188
10763 0.0035587188
5900 0.0035587188
15629 0.0071174377
5903 0.0035587188
9488 0.0035587188
13844 0.0035587188
12568 0.0035587188
16409 0.0071174377
6688 0.0035587188
17442 0.0035587188
9250 0.017793594
17958 0.0035587188
13610 0.0035587188
2602 0.0035587188
298 0.010676157
13613 0.0071174377
22064 0.0071174377
8243 0.0035587188
14903 0.0035587188
8761 0.0035587188
14650 0.021352313
6719 0.0035587188
11327 0.0035587188
18239 0.0071174377
8000 0.0035587188
1858 0.0035587188
10821 0.0035587188
4934 0.010676157
6215 0.0071174377
12871 0.014234875
18251 0.024911031
8524 0.0035587188
16717 0.0071174377
11598 0.0035587188
10065 0.0071174377
9810 0.0071174377
17747 0.0035587188
7252 0.0035587188
20309 0.014234875
6999 0.0035587188
18263 0.010676157
4697 0.0035587188
2395 0.0035587188
3419 0.0035587188
10331 0.0035587188
9310 0.0035587188
16481 0.0035587188
21345 0.0071174377
10083 0.0035587188
20579 0.0071174377
17252 0.0035587188
13156 0.0035587188
11365 0.0071174377
3430 0.0071174377
2662 0.010676157
15209 0.010676157
18541 0.010676157
5231 0.0035587188
13426 0.0035587188
11635 0.0035587188
884 0.010676157
21621 0.0035587188
19830 0.0035587188
3452 0.0035587188
19581 0.010676157
21632 0.0035587188
16773 0.0035587188
9862 0.0071174377
10896 0.0035587188
6032 0.0035587188
8592 0.0035587188
18064 0.0035587188
20624 0.0035587188
9361 0.010676157
10897 0.035587188
1427 0.010676157
11925 0.0035587188
20886 0.0035587188
8343 0.0035587188
21401 0.0035587188
22169 0.017793594
11932 0.0035587188
3745 0.0035587188
20648 0.0035587188
10409 0.0035587188
10412 0.0035587188
19886 0.0035587188
8111 0.0071174377
17329 0.0035587188
10417 0.0035587188
8371 0.0071174377
20404 0.0035587188
10933 0.0035587188
20405 0.014234875
17344 0.0035587188
9666 0.017793594
10691 0.0035587188
3268 0.0071174377
16582 0.0035587188
2758 0.0035587188
7110 0.0035587188
10184 0.0071174377
11215 0.0035587188
13521 0.0035587188
10451 0.03202847
11220 0.0035587188
3288 0.0035587188
5849 0.0035587188
19419 0.0035587188
731 0.0035587188
6620 0.0035587188
14300 0.0071174377
4319 0.017793594
2785 0.0035587188
5859 0.014234875
6116 0.0071174377
5349 0.0035587188
20453 0.0071174377
5861 0.0071174377
8422 0.014234875
7914 0.010676157
20203 0.0035587188
18414 0.0035587188
1006 0.0071174377
8175 0.0035587188
12271 0.0035587188
12016 0.0071174377
9201 0.0035587188
3058 0.0035587188
12020 0.010676157
6389 0.0035587188
21752 0.0035587188
11512 0.042704627
3323 0.0035587188
12286 0.0035587188
3839 0.0071174377
