11776 0.0034129692
3842 0.0034129692
8194 0.010238908
4100 0.0034129692
5892 0.0068259384
5893 0.013651877
10246 0.0034129692
16390 0.0068259384
10248 0.0034129692
14602 0.0034129692
3339 0.0068259384
9227 0.051194537
10767 0.0034129692
2836 0.0034129692
22296 0.0034129692
19736 0.020477816
21786 0.0034129692
4635 0.010238908
16926 0.0034129692
13855 0.0034129692
9250 0.017064847
38 0.010238908
4903 0.0034129692
10025 0.0034129692
13610 0.0034129692
298 0.017064847
13613 0.0034129692
8237 0.010238908
15662 0.0034129692
19250 0.0068259384
13621 0.0034129692
14650 0.010238908
20795 0.0068259384
18239 0.0034129692
11073 0.0068259384
13380 0.0034129692
8260 0.0034129692
10821 0.0068259384
4934 0.010238908
6215 0.0034129692
8263 0.0034129692
12871 0.010238908
3144 0.0034129692
18251 0.0034129692
11598 0.0068259384
14933 0.0034129692
8021 0.0034129692
18263 0.04778157
2395 0.0034129692
19548 0.0034129692
14173 0.010238908
9310 0.0034129692
6239 0.0034129692
16481 0.0034129692
17505 0.0034129692
21345 0.0034129692
20579 0.0068259384
2662 0.0034129692
13670 0.0068259384
3430 0.010238908
13160 0.0034129692
10344 0.0034129692
14442 0.0034129692
21872 0.0068259384
11121 0.0034129692
11635 0.0068259384
884 0.0034129692
5500 0.0034129692
15484 0.010238908
19581 0.0034129692
21632 0.0034129692
4736 0.0068259384
11905 0.0034129692
2690 0.0034129692
9862 0.0034129692
19594 0.0034129692
12427 0.0068259384
20624 0.0034129692
8592 0.0034129692
9616 0.0034129692
10897 0.017064847
16789 0.0068259384
17047 0.0034129692
8343 0.0034129692
10649 0.0068259384
21401 0.0068259384
19098 0.0034129692
11932 0.0034129692
4253 0.0034129692
13983 0.0068259384
3745 0.0068259384
18340 0.0034129692
8368 0.013651877
7090 0.0034129692
9139 0.0068259384
9397 0.0034129692
20405 0.030716723
12470 0.0034129692
3513 0.0034129692
19385 0.0034129692
6588 0.0034129692
3268 0.0034129692
2246 0.0034129692
2758 0.0034129692
16582 0.0068259384
16841 0.0068259384
718 0.0034129692
6862 0.0034129692
17614 0.0034129692
1488 0.0034129692
13521 0.0034129692
1746 0.0034129692
10451 0.030716723
20696 0.013651877
7897 0.0034129692
21465 0.044368602
731 0.0034129692
13532 0.0068259384
16605 0.0068259384
4319 0.020477816
19937 0.0034129692
8163 0.0034129692
2531 0.0068259384
20196 0.0034129692
6116 0.0034129692
20453 0.0034129692
6886 0.0034129692
2791 0.0034129692
6888 0.0034129692
7914 0.010238908
18413 0.0034129692
1261 0.0068259384
1006 0.020477816
12271 0.0034129692
20723 0.0034129692
1524 0.0068259384
11512 0.044368602
2041 0.0034129692
21501 0.0034129692
22270 0.0068259384
