18433 0.004016064
1539 0.004016064
8709 0.004016064
5893 0.024096385
10246 0.008032128
2313 0.004016064
4617 0.004016064
15629 0.008032128
17935 0.004016064
15376 0.012048192
8468 0.008032128
19736 0.02008032
4635 0.008032128
6688 0.004016064
18210 0.004016064
9250 0.004016064
20516 0.004016064
8485 0.004016064
7208 0.004016064
13613 0.004016064
14382 0.004016064
22064 0.004016064
19250 0.004016064
13875 0.004016064
15155 0.004016064
9269 0.004016064
14650 0.016064256
4923 0.004016064
8254 0.004016064
319 0.004016064
18239 0.012048192
11327 0.016064256
19011 0.012048192
10821 0.004016064
18501 0.004016064
4934 0.012048192
12871 0.004016064
8263 0.008032128
6215 0.044176705
9544 0.004016064
17226 0.004016064
18251 0.032128513
11598 0.004016064
3922 0.008032128
18263 0.012048192
21848 0.004016064
13659 0.008032128
16481 0.004016064
15971 0.004016064
12899 0.004016064
17252 0.004016064
3430 0.004016064
6509 0.024096385
10095 0.004016064
10097 0.004016064
5235 0.004016064
19581 0.02811245
3199 0.008032128
21632 0.004016064
10882 0.008032128
13958 0.004016064
9862 0.012048192
5511 0.004016064
16520 0.004016064
2698 0.004016064
19594 0.008032128
8843 0.004016064
11151 0.004016064
7567 0.004016064
10897 0.012048192
18835 0.004016064
20886 0.004016064
8855 0.004016064
8343 0.012048192
21401 0.008032128
11932 0.012048192
13472 0.004016064
3745 0.004016064
18858 0.004016064
10417 0.004016064
9397 0.004016064
20405 0.012048192
20150 0.004016064
17846 0.004016064
20407 0.012048192
14520 0.004016064
18623 0.012048192
7872 0.004016064
192 0.004016064
21696 0.004016064
6336 0.004016064
8384 0.004016064
10691 0.008032128
3268 0.004016064
16582 0.004016064
2758 0.02008032
12492 0.004016064
13521 0.004016064
10451 0.016064256
16599 0.004016064
20696 0.07630522
11739 0.004016064
14300 0.004016064
16605 0.004016064
4319 0.02811245
18656 0.004016064
8422 0.004016064
16871 0.008032128
20712 0.004016064
10728 0.004016064
15593 0.004016064
19179 0.004016064
1261 0.02811245
5615 0.004016064
241 0.004016064
20723 0.004016064
2292 0.004016064
14838 0.004016064
11512 0.052208837
18431 0.004016064
