20992 0.0031746032
8194 0.0063492064
9988 0.0031746032
5893 0.022222223
519 0.0031746032
17415 0.00952381
6409 0.0031746032
16396 0.0031746032
15629 0.0031746032
10767 0.0031746032
11535 0.00952381
8208 0.0031746032
18706 0.0031746032
2836 0.0031746032
2837 0.0031746032
22294 0.0063492064
19736 0.00952381
4635 0.0031746032
5149 0.0031746032
21277 0.0031746032
12830 0.0031746032
12062 0.0031746032
18210 0.0031746032
14884 0.00952381
12325 0.0031746032
8743 0.0031746032
13097 0.0063492064
298 0.0031746032
2602 0.0031746032
6444 0.0031746032
15662 0.0031746032
14129 0.0031746032
22067 0.0031746032
21558 0.00952381
7479 0.0031746032
4665 0.0031746032
14650 0.0063492064
14652 0.0031746032
22076 0.0031746032
18239 0.00952381
11327 0.012698413
8001 0.0031746032
18758 0.0031746032
12871 0.0031746032
8263 0.0063492064
14153 0.0031746032
18251 0.06031746
19020 0.0031746032
20052 0.015873017
18263 0.025396826
2140 0.0063492064
8797 0.0031746032
7007 0.0031746032
13664 0.0031746032
16481 0.0031746032
7265 0.00952381
2662 0.00952381
2407 0.0031746032
5485 0.0031746032
10350 0.0031746032
11635 0.0031746032
19062 0.0031746032
15484 0.0063492064
19581 0.01904762
21632 0.0031746032
14981 0.0031746032
2693 0.022222223
9862 0.0063492064
16520 0.0031746032
12937 0.0031746032
3466 0.0031746032
13709 0.0031746032
17294 0.0031746032
910 0.0031746032
913 0.0031746032
10897 0.022222223
20886 0.0031746032
4758 0.0031746032
8343 0.00952381
19610 0.0031746032
11932 0.022222223
11933 0.0031746032
3745 0.0031746032
12710 0.0031746032
15528 0.0063492064
2473 0.0031746032
10922 0.0063492064
11952 0.0031746032
9393 0.0063492064
8371 0.00952381
14515 0.01904762
2740 0.0031746032
20405 0.034920637
18872 0.053968254
4025 0.0031746032
16058 0.0063492064
21438 0.0063492064
5825 0.00952381
10691 0.0063492064
7108 0.0031746032
3268 0.0031746032
16582 0.0031746032
21704 0.0031746032
1741 0.0031746032
1488 0.0031746032
13521 0.0031746032
10451 0.01904762
5077 0.0031746032
10197 0.0031746032
15318 0.0031746032
20438 0.0031746032
4567 0.0063492064
20696 0.0063492064
731 0.0031746032
16348 0.0031746032
14300 0.0031746032
6623 0.03809524
4319 0.053968254
2016 0.0063492064
2785 0.0063492064
20453 0.0031746032
20712 0.0063492064
1006 0.0063492064
2288 0.0031746032
12016 0.0063492064
10994 0.0031746032
14579 0.0063492064
11765 0.0031746032
11512 0.034920637
2041 0.0031746032
3323 0.0031746032
1533 0.0031746032
5631 0.0031746032
3839 0.012698413
