8194 0.003875969
8709 0.003875969
5893 0.015503876
16390 0.003875969
10246 0.015503876
6409 0.003875969
5903 0.007751938
5396 0.003875969
19736 0.015503876
4635 0.007751938
13343 0.007751938
12321 0.003875969
18210 0.003875969
9250 0.003875969
12325 0.003875969
13097 0.003875969
18731 0.023255814
15660 0.003875969
13613 0.003875969
4911 0.003875969
22064 0.003875969
10546 0.003875969
14650 0.015503876
11327 0.003875969
18239 0.015503876
11073 0.015503876
67 0.003875969
10821 0.023255814
8263 0.003875969
2119 0.003875969
12871 0.007751938
6986 0.003875969
18251 0.0503876
11598 0.003875969
20821 0.003875969
4697 0.003875969
20571 0.007751938
19805 0.058139537
13919 0.003875969
6239 0.003875969
16481 0.003875969
21345 0.003875969
20579 0.003875969
2662 0.003875969
19824 0.003875969
5235 0.003875969
11635 0.007751938
21621 0.04263566
19062 0.011627907
19581 0.015503876
21632 0.003875969
11905 0.007751938
16003 0.003875969
11141 0.003875969
8070 0.003875969
9862 0.007751938
16520 0.003875969
6032 0.003875969
18064 0.007751938
10897 0.011627907
20627 0.003875969
7315 0.003875969
19603 0.007751938
7830 0.007751938
8855 0.003875969
8343 0.003875969
16024 0.007751938
21401 0.003875969
10651 0.007751938
11932 0.003875969
3744 0.003875969
3745 0.007751938
15528 0.003875969
13485 0.003875969
19886 0.03875969
8111 0.003875969
8368 0.031007752
20405 0.023255814
13504 0.003875969
16064 0.003875969
16582 0.003875969
13255 0.003875969
1482 0.003875969
715 0.003875969
4047 0.003875969
9935 0.003875969
1488 0.003875969
13521 0.003875969
7633 0.003875969
13778 0.003875969
10451 0.058139537
20696 0.007751938
217 0.003875969
21465 0.015503876
14300 0.003875969
13532 0.007751938
4319 0.011627907
20451 0.003875969
5349 0.003875969
9707 0.003875969
14060 0.007751938
1006 0.007751938
12016 0.007751938
241 0.007751938
19698 0.003875969
20723 0.003875969
2292 0.003875969
7669 0.003875969
4342 0.003875969
11512 0.058139537
3323 0.003875969
20988 0.003875969
3839 0.003875969
