8194 0.004716981
5892 0.004716981
18693 0.03773585
10246 0.004716981
17415 0.004716981
9227 0.004716981
10763 0.009433962
15629 0.004716981
1295 0.004716981
10767 0.004716981
13844 0.004716981
278 0.014150944
19736 0.018867925
8218 0.004716981
7707 0.004716981
4635 0.009433962
16669 0.004716981
18210 0.004716981
9250 0.004716981
38 0.004716981
8493 0.004716981
2349 0.004716981
13613 0.009433962
22064 0.004716981
10801 0.004716981
1585 0.004716981
10546 0.014150944
7479 0.004716981
3130 0.004716981
14650 0.004716981
17983 0.004716981
18239 0.04245283
10821 0.004716981
8263 0.004716981
2119 0.004716981
12871 0.009433962
18251 0.004716981
16717 0.004716981
5455 0.004716981
18263 0.014150944
88 0.004716981
19034 0.004716981
7519 0.004716981
16736 0.004716981
16481 0.004716981
18530 0.004716981
20579 0.004716981
10083 0.009433962
3430 0.009433962
13929 0.018867925
5235 0.004716981
884 0.009433962
19581 0.014150944
8573 0.014150944
21632 0.004716981
3456 0.004716981
22147 0.009433962
12165 0.004716981
8070 0.004716981
9862 0.004716981
7567 0.004716981
18064 0.004716981
6032 0.004716981
10897 0.018867925
16789 0.004716981
7830 0.004716981
8855 0.009433962
8343 0.014150944
10651 0.004716981
11932 0.009433962
4513 0.004716981
3745 0.009433962
14757 0.004716981
12710 0.047169812
10919 0.004716981
11431 0.009433962
2731 0.009433962
19886 0.004716981
4274 0.004716981
4789 0.004716981
20405 0.028301887
14011 0.004716981
16064 0.004716981
21698 0.004716981
10691 0.009433962
16582 0.004716981
2758 0.018867925
3790 0.004716981
13521 0.004716981
10451 0.014150944
20437 0.004716981
20696 0.014150944
21465 0.004716981
7642 0.004716981
18394 0.009433962
5083 0.004716981
12765 0.004716981
20703 0.004716981
4319 0.004716981
18401 0.004716981
5859 0.004716981
3300 0.004716981
5861 0.004716981
15078 0.004716981
16871 0.009433962
11241 0.014150944
20715 0.004716981
14060 0.004716981
14061 0.009433962
1006 0.014150944
4335 0.009433962
18159 0.014150944
18932 0.004716981
5366 0.004716981
11512 0.0754717
6654 0.004716981
