5380 0.0074074073
13829 0.0037037036
5893 0.0037037036
10246 0.0037037036
13318 0.0037037036
11786 0.0037037036
21260 0.0074074073
4111 0.0037037036
10767 0.011111111
12568 0.0037037036
19736 0.011111111
5913 0.0037037036
4635 0.0074074073
15900 0.0037037036
10780 0.0037037036
16161 0.0074074073
18210 0.0037037036
11298 0.0037037036
9250 0.0074074073
8484 0.0037037036
4645 0.0037037036
38 0.0037037036
2601 0.0037037036
298 0.0037037036
18731 0.0074074073
13613 0.018518519
4654 0.0037037036
17713 0.0037037036
1081 0.0037037036
14650 0.014814815
8254 0.0037037036
2622 0.0037037036
7487 0.0074074073
11327 0.0074074073
18239 0.014814815
21827 0.018518519
10821 0.02962963
18758 0.0037037036
12871 0.0037037036
18251 0.014814815
16717 0.0037037036
12365 0.0037037036
6222 0.0074074073
6738 0.0037037036
21588 0.0037037036
20821 0.0037037036
18263 0.014814815
11098 0.0037037036
20571 0.0037037036
16481 0.0037037036
21345 0.0037037036
10083 0.0074074073
13929 0.0037037036
6509 0.0037037036
17262 0.0037037036
13426 0.0037037036
11635 0.018518519
884 0.018518519
19062 0.0037037036
20092 0.0037037036
5500 0.0037037036
18557 0.0037037036
19581 0.0074074073
21632 0.0037037036
10112 0.0037037036
11905 0.0037037036
2435 0.0037037036
19331 0.0037037036
8837 0.022222223
14470 0.0037037036
13190 0.0037037036
9862 0.0074074073
6286 0.0037037036
3982 0.0037037036
7567 0.0037037036
20367 0.0037037036
5007 0.0037037036
20624 0.0037037036
9361 0.0037037036
10897 0.037037037
16531 0.0037037036
7830 0.0037037036
4758 0.011111111
8342 0.011111111
13722 0.0037037036
10651 0.0037037036
11932 0.0074074073
8097 0.0037037036
3745 0.0074074073
9637 0.0037037036
14757 0.0074074073
2731 0.0037037036
1451 0.0037037036
1966 0.011111111
14514 0.0037037036
2227 0.0037037036
6836 0.0037037036
20405 0.022222223
11447 0.0037037036
14273 0.0037037036
3522 0.0037037036
3268 0.0037037036
7877 0.0037037036
9926 0.0037037036
16582 0.011111111
13255 0.0037037036
4809 0.0037037036
18378 0.0037037036
13260 0.018518519
13521 0.0037037036
10451 0.037037037
20438 0.0037037036
2006 0.0037037036
15831 0.0037037036
3288 0.0037037036
20696 0.011111111
16602 0.0037037036
5083 0.0037037036
4319 0.014814815
6368 0.0037037036
6116 0.0037037036
21733 0.0037037036
20453 0.0037037036
5861 0.0037037036
5349 0.0037037036
8422 0.0037037036
6888 0.0037037036
7914 0.0074074073
14060 0.011111111
1261 0.0037037036
7661 0.0074074073
18414 0.0037037036
1006 0.0037037036
12271 0.0037037036
19183 0.0037037036
241 0.0037037036
11249 0.0037037036
20723 0.0074074073
5623 0.0074074073
248 0.0037037036
21752 0.0037037036
11512 0.062962964
2041 0.0037037036
17658 0.0037037036
19964 0.0037037036
20988 0.0037037036
6654 0.0037037036
6143 0.0074074073
