8194 0.0041841003
5892 0.008368201
5893 0.025104603
10246 0.0041841003
9226 0.0041841003
10763 0.0041841003
7179 0.0041841003
13579 0.0041841003
20750 0.012552301
17679 0.0041841003
13334 0.0041841003
22296 0.0041841003
19736 0.037656903
10012 0.0041841003
13855 0.0041841003
6687 0.0041841003
13857 0.0041841003
18210 0.0041841003
11298 0.0041841003
9250 0.012552301
3619 0.0041841003
7460 0.0041841003
8485 0.0041841003
4136 0.0041841003
4649 0.0041841003
18731 0.008368201
1837 0.0041841003
8237 0.008368201
13613 0.016736401
13616 0.0041841003
8243 0.008368201
14650 0.008368201
12603 0.0041841003
8508 0.0041841003
18239 0.020920502
4161 0.0041841003
1858 0.0041841003
18758 0.0041841003
4934 0.0041841003
12871 0.0041841003
8263 0.020920502
18251 0.0041841003
21588 0.008368201
18263 0.016736401
4440 0.0041841003
19034 0.0041841003
13659 0.0041841003
14173 0.008368201
9310 0.008368201
16736 0.0041841003
8288 0.008368201
16481 0.0041841003
21345 0.0041841003
20579 0.0041841003
3430 0.0041841003
107 0.0041841003
21872 0.0041841003
8819 0.0041841003
21110 0.0041841003
2166 0.0041841003
14966 0.041841004
19322 0.008368201
11643 0.0041841003
8573 0.0041841003
19581 0.016736401
21632 0.0041841003
11141 0.0041841003
12424 0.0041841003
5258 0.0041841003
19594 0.0041841003
17294 0.0041841003
20624 0.008368201
10897 0.029288704
7830 0.008368201
8343 0.0041841003
8855 0.0041841003
21401 0.0041841003
19865 0.0041841003
19098 0.0041841003
14490 0.0041841003
13983 0.008368201
3745 0.0041841003
3489 0.0041841003
7853 0.0041841003
19886 0.0041841003
8368 0.029288704
8370 0.0041841003
12468 0.0041841003
20405 0.020920502
18623 0.0041841003
5825 0.0041841003
16582 0.0041841003
11718 0.0041841003
715 0.0041841003
462 0.008368201
13521 0.0041841003
18385 0.012552301
10451 0.08368201
20696 0.008368201
21465 0.0041841003
7897 0.008368201
13018 0.0041841003
6364 0.0041841003
13532 0.012552301
4319 0.020920502
8163 0.008368201
5349 0.0041841003
8422 0.0041841003
6886 0.008368201
7914 0.0041841003
14060 0.0041841003
1006 0.0041841003
20723 0.0041841003
1524 0.008368201
7160 0.012552301
11512 0.046025105
22270 0.008368201
6143 0.008368201
5631 0.008368201
