19461 0.0027777778
5893 0.022222223
10246 0.011111111
16390 0.013888889
519 0.0027777778
17415 0.0055555557
6409 0.0027777778
10763 0.0055555557
15629 0.008333334
5903 0.0027777778
10767 0.0027777778
8464 0.0027777778
8208 0.0027777778
2836 0.0055555557
13844 0.008333334
22296 0.0027777778
19736 0.008333334
21786 0.0027777778
4635 0.016666668
13600 0.0027777778
16160 0.0055555557
18210 0.0027777778
22050 0.0027777778
9250 0.0055555557
11298 0.008333334
20516 0.0027777778
6952 0.094444446
298 0.0055555557
13613 0.0055555557
6199 0.0027777778
3130 0.0027777778
14650 0.008333334
11327 0.0055555557
18501 0.0027777778
21317 0.0027777778
12871 0.0055555557
19785 0.0027777778
18251 0.019444445
11598 0.0027777778
14158 0.0027777778
10065 0.0027777778
9810 0.0027777778
21588 0.0027777778
8021 0.0027777778
18263 0.0027777778
19545 0.0027777778
6239 0.0027777778
16481 0.0027777778
7265 0.1
20579 0.0027777778
10083 0.0027777778
2915 0.0027777778
5990 0.0027777778
2662 0.0055555557
3430 0.0055555557
107 0.0027777778
8811 0.0027777778
109 0.0055555557
17262 0.0027777778
884 0.0027777778
19581 0.013888889
21632 0.0027777778
13186 0.0027777778
16003 0.019444445
11141 0.0027777778
6021 0.0027777778
9862 0.011111111
3982 0.0027777778
11151 0.0027777778
20624 0.0027777778
8592 0.0027777778
10896 0.0055555557
17553 0.0027777778
10897 0.008333334
11925 0.0027777778
6806 0.0027777778
8343 0.0055555557
10649 0.0055555557
11932 0.0027777778
4253 0.0027777778
16543 0.0027777778
13983 0.0055555557
3745 0.0027777778
941 0.0055555557
13485 0.019444445
19886 0.0027777778
8368 0.011111111
20405 0.016666668
19381 0.022222223
2231 0.0027777778
15543 0.0027777778
192 0.0027777778
9666 0.0027777778
10691 0.0027777778
8900 0.0027777778
3268 0.0027777778
16582 0.0027777778
21704 0.008333334
6863 0.0027777778
9935 0.0027777778
13521 0.0027777778
16849 0.0027777778
10451 0.025
20438 0.0027777778
20696 0.025
7897 0.0027777778
217 0.0055555557
21465 0.008333334
15067 0.0055555557
731 0.0055555557
14300 0.0027777778
17375 0.0027777778
4319 0.013888889
6368 0.008333334
6116 0.008333334
5349 0.0027777778
3306 0.0027777778
16621 0.0027777778
17389 0.0027777778
1006 0.0027777778
19183 0.0027777778
16368 0.022222223
5361 0.011111111
7669 0.0055555557
7160 0.0027777778
11512 0.055555556
20217 0.0027777778
2041 0.0027777778
3323 0.027777778
3839 0.0027777778
6143 0.011111111
