8194 0.005235602
5893 0.010471204
10246 0.005235602
16390 0.010471204
17415 0.005235602
15629 0.010471204
10767 0.005235602
13844 0.010471204
19736 0.010471204
4635 0.015706806
10780 0.005235602
6688 0.005235602
18210 0.005235602
11298 0.005235602
7460 0.005235602
21541 0.005235602
10025 0.005235602
2602 0.005235602
18731 0.005235602
13613 0.005235602
17965 0.005235602
14381 0.005235602
21038 0.005235602
14650 0.005235602
10817 0.005235602
11073 0.005235602
10821 0.02617801
20550 0.005235602
12871 0.005235602
8263 0.010471204
14153 0.057591625
18251 0.005235602
18263 0.11518325
1114 0.005235602
14427 0.005235602
6239 0.005235602
16481 0.005235602
21345 0.010471204
20579 0.010471204
3430 0.010471204
13160 0.005235602
15209 0.010471204
109 0.005235602
21872 0.020942409
13426 0.005235602
11635 0.010471204
884 0.005235602
19581 0.010471204
19326 0.005235602
21632 0.005235602
2690 0.010471204
9862 0.005235602
18566 0.005235602
20360 0.005235602
17294 0.015706806
8592 0.005235602
6032 0.005235602
10897 0.02617801
10388 0.005235602
15765 0.005235602
7830 0.005235602
4758 0.005235602
2199 0.005235602
8343 0.005235602
10649 0.005235602
10651 0.010471204
5789 0.005235602
20127 0.005235602
13983 0.005235602
3745 0.005235602
8097 0.005235602
18340 0.005235602
14757 0.005235602
2473 0.010471204
4777 0.015706806
2731 0.005235602
20402 0.005235602
20405 0.015706806
19894 0.005235602
3268 0.005235602
14533 0.02617801
16582 0.010471204
1224 0.005235602
3018 0.005235602
5580 0.015706806
20941 0.005235602
13521 0.005235602
3025 0.015706806
3538 0.005235602
5843 0.005235602
10451 0.036649216
4319 0.005235602
8422 0.005235602
7914 0.005235602
17388 0.005235602
14060 0.005235602
15342 0.005235602
1006 0.005235602
9710 0.005235602
1008 0.005235602
20723 0.005235602
13044 0.005235602
11512 0.015706806
22270 0.005235602
13566 0.02617801
