8194 0.004032258
7942 0.004032258
20998 0.004032258
16390 0.008064516
17415 0.008064516
10763 0.004032258
16396 0.004032258
17676 0.004032258
10767 0.004032258
19736 0.004032258
4635 0.02016129
6688 0.004032258
18210 0.004032258
9250 0.004032258
21541 0.004032258
4903 0.004032258
8743 0.004032258
13097 0.008064516
6186 0.004032258
19250 0.004032258
22067 0.004032258
20020 0.004032258
11073 0.004032258
18501 0.012096774
10821 0.044354837
12871 0.004032258
2119 0.004032258
18251 0.016129032
16717 0.004032258
3154 0.004032258
20821 0.004032258
2902 0.004032258
7766 0.004032258
18263 0.004032258
18776 0.004032258
2393 0.02016129
16481 0.004032258
20579 0.004032258
2662 0.004032258
3430 0.008064516
874 0.004032258
10605 0.004032258
21872 0.012096774
11635 0.008064516
21621 0.012096774
19581 0.012096774
21632 0.004032258
14976 0.004032258
13186 0.004032258
6021 0.004032258
5253 0.016129032
8070 0.004032258
9862 0.012096774
8843 0.004032258
17294 0.004032258
14223 0.004032258
8592 0.008064516
10897 0.05645161
20883 0.004032258
7830 0.004032258
150 0.004032258
8343 0.004032258
17815 0.004032258
12952 0.004032258
19865 0.004032258
11932 0.004032258
13983 0.004032258
3745 0.004032258
8355 0.004032258
13734 0.004032258
19886 0.004032258
10417 0.008064516
20405 0.016129032
21433 0.008064516
16064 0.012096774
3522 0.004032258
14275 0.004032258
18118 0.004032258
2758 0.004032258
16582 0.008064516
13255 0.004032258
13260 0.12903225
13521 0.004032258
10451 0.024193548
8661 0.004032258
10454 0.004032258
16599 0.044354837
3288 0.004032258
20696 0.008064516
16602 0.004032258
731 0.004032258
5083 0.008064516
13532 0.004032258
4573 0.004032258
9951 0.004032258
4319 0.016129032
18146 0.004032258
20453 0.004032258
7914 0.004032258
18410 0.016129032
3306 0.016129032
14060 0.004032258
9973 0.004032258
1527 0.004032258
11512 0.044354837
16892 0.004032258
7421 0.052419353
5631 0.004032258
