7680 0.004347826
8194 0.008695652
9988 0.004347826
17156 0.004347826
4100 0.013043478
8709 0.008695652
5893 0.008695652
10246 0.004347826
17928 0.004347826
9226 0.004347826
5900 0.004347826
15629 0.004347826
13589 0.004347826
19736 0.02173913
4635 0.008695652
6688 0.004347826
13345 0.004347826
18210 0.004347826
9250 0.013043478
550 0.008695652
18731 0.008695652
10284 0.004347826
17197 0.004347826
18222 0.004347826
10546 0.004347826
21044 0.004347826
17464 0.004347826
14394 0.013043478
14650 0.017391304
5691 0.004347826
11327 0.004347826
18239 0.004347826
17217 0.004347826
17476 0.004347826
18501 0.008695652
18758 0.004347826
4934 0.004347826
12871 0.004347826
2119 0.013043478
8263 0.017391304
18251 0.017391304
16717 0.004347826
12109 0.013043478
14158 0.004347826
10065 0.004347826
16465 0.008695652
3922 0.004347826
18258 0.004347826
4438 0.013043478
15959 0.004347826
18263 0.013043478
13659 0.004347826
12637 0.004347826
6239 0.004347826
1376 0.004347826
16481 0.004347826
20579 0.004347826
2662 0.004347826
3430 0.017391304
4714 0.013043478
14443 0.004347826
6509 0.004347826
109 0.004347826
10094 0.026086956
11635 0.004347826
884 0.004347826
15484 0.004347826
19581 0.008695652
14462 0.004347826
22142 0.004347826
21632 0.004347826
21124 0.004347826
9862 0.008695652
3210 0.004347826
3467 0.004347826
8843 0.008695652
17549 0.004347826
6286 0.004347826
10896 0.004347826
10897 0.017391304
8343 0.013043478
10651 0.013043478
11932 0.004347826
4510 0.004347826
13983 0.004347826
927 0.004347826
16288 0.004347826
16544 0.004347826
3745 0.008695652
14503 0.004347826
15527 0.004347826
13480 0.004347826
21160 0.013043478
10409 0.004347826
16556 0.004347826
22188 0.004347826
13485 0.004347826
8368 0.034782607
9397 0.004347826
20405 0.008695652
19126 0.004347826
2231 0.008695652
18872 0.004347826
6588 0.004347826
12734 0.004347826
1217 0.004347826
5825 0.004347826
13251 0.004347826
3268 0.004347826
16582 0.004347826
16841 0.004347826
8140 0.004347826
716 0.013043478
19917 0.008695652
13521 0.004347826
10451 0.034782607
20437 0.004347826
3288 0.004347826
20696 0.02173913
5849 0.004347826
22235 0.004347826
4319 0.017391304
6116 0.008695652
20453 0.004347826
16871 0.004347826
11240 0.004347826
14314 0.004347826
14060 0.026086956
1006 0.017391304
20723 0.004347826
11512 0.026086956
12283 0.004347826
