19712 0.0037593986
8193 0.0037593986
9988 0.0037593986
8709 0.011278195
5893 0.04887218
10246 0.0037593986
4872 0.0037593986
15624 0.007518797
7178 0.0037593986
5642 0.0037593986
16396 0.0037593986
19725 0.0037593986
2062 0.0037593986
5903 0.007518797
2836 0.0037593986
2838 0.0037593986
16408 0.0037593986
19736 0.02255639
4635 0.0037593986
13345 0.0037593986
18210 0.0037593986
9250 0.011278195
20516 0.0037593986
21287 0.0037593986
6952 0.011278195
18217 0.0037593986
298 0.015037594
13613 0.0037593986
14126 0.0037593986
815 0.0037593986
8243 0.0037593986
16179 0.0037593986
21044 0.0037593986
5175 0.0037593986
311 0.0037593986
14650 0.011278195
3902 0.011278195
18239 0.011278195
11327 0.011278195
1600 0.0037593986
4934 0.0037593986
18758 0.007518797
12871 0.0037593986
8263 0.0037593986
2119 0.007518797
14920 0.0037593986
18251 0.030075189
16717 0.011278195
11598 0.0037593986
14415 0.0037593986
4688 0.0037593986
9810 0.0037593986
6738 0.0037593986
18263 0.011278195
12376 0.0037593986
9305 0.0037593986
8282 0.0037593986
11611 0.0037593986
13659 0.0037593986
19548 0.0037593986
2140 0.0037593986
18783 0.0037593986
6239 0.007518797
16481 0.0037593986
21345 0.007518797
10083 0.0037593986
20579 0.0037593986
19813 0.0037593986
3430 0.0037593986
2662 0.0037593986
20586 0.0037593986
10094 0.0037593986
5743 0.0037593986
10095 0.0037593986
11635 0.007518797
884 0.007518797
13686 0.0037593986
15484 0.0037593986
19581 0.011278195
21632 0.0037593986
16003 0.0037593986
21124 0.0037593986
7812 0.0037593986
14470 0.0037593986
9862 0.015037594
16520 0.0037593986
12937 0.007518797
18064 0.0037593986
6032 0.007518797
10897 0.030075189
13714 0.0037593986
7830 0.007518797
8343 0.015037594
21401 0.0037593986
10651 0.0037593986
21403 0.0037593986
4253 0.0037593986
20127 0.007518797
3745 0.011278195
7847 0.0037593986
15528 0.0037593986
13485 0.0037593986
20405 0.0037593986
19126 0.0037593986
6842 0.0037593986
16058 0.02631579
19646 0.0037593986
15808 0.0037593986
5825 0.011278195
10691 0.007518797
3268 0.0037593986
9413 0.0037593986
16582 0.0037593986
2758 0.0037593986
13521 0.0037593986
6866 0.0037593986
10451 0.033834588
10197 0.0037593986
18134 0.007518797
20696 0.007518797
16345 0.0037593986
19675 0.0037593986
13532 0.0037593986
4319 0.030075189
6623 0.04887218
6116 0.0037593986
3300 0.007518797
5861 0.0037593986
5349 0.0037593986
8422 0.0037593986
20712 0.0037593986
20203 0.0037593986
1006 0.033834588
16625 0.0037593986
14838 0.0037593986
1527 0.0037593986
11512 0.02255639
2041 0.007518797
19199 0.0037593986
