8194 0.010526316
8709 0.003508772
5893 0.028070176
10246 0.003508772
17415 0.007017544
7176 0.003508772
6409 0.003508772
5900 0.007017544
15629 0.003508772
2836 0.003508772
19736 0.024561403
4635 0.021052632
12321 0.007017544
18210 0.003508772
9250 0.003508772
298 0.010526316
4652 0.003508772
13613 0.021052632
11825 0.007017544
10546 0.007017544
20020 0.010526316
4152 0.003508772
14650 0.003508772
12346 0.003508772
1853 0.003508772
18239 0.003508772
11327 0.007017544
1089 0.003508772
1858 0.003508772
10821 0.010526316
4934 0.010526316
12871 0.003508772
6215 0.003508772
14153 0.003508772
4169 0.010526316
18251 0.010526316
16972 0.003508772
11341 0.003508772
11598 0.003508772
9810 0.003508772
18263 0.007017544
15193 0.003508772
19034 0.007017544
16481 0.003508772
7265 0.007017544
21345 0.007017544
20579 0.003508772
2915 0.003508772
2662 0.003508772
20586 0.003508772
4714 0.038596492
21872 0.021052632
884 0.003508772
21110 0.003508772
19322 0.003508772
19581 0.014035088
21632 0.003508772
2176 0.007017544
6273 0.003508772
13186 0.010526316
2690 0.010526316
1411 0.003508772
10115 0.010526316
16773 0.003508772
8070 0.003508772
9862 0.042105265
20360 0.003508772
2440 0.003508772
6286 0.003508772
6032 0.007017544
8592 0.01754386
17553 0.003508772
10897 0.007017544
15509 0.003508772
150 0.003508772
8342 0.003508772
8855 0.003508772
8087 0.003508772
8343 0.007017544
21401 0.003508772
19610 0.003508772
10651 0.010526316
10908 0.003508772
11932 0.010526316
3745 0.007017544
18340 0.003508772
13485 0.010526316
9393 0.003508772
9139 0.003508772
20405 0.014035088
20150 0.007017544
21178 0.003508772
9918 0.003508772
5567 0.003508772
1473 0.003508772
5825 0.007017544
10691 0.010526316
14533 0.007017544
16582 0.014035088
1224 0.003508772
21704 0.007017544
11467 0.007017544
14798 0.003508772
13521 0.003508772
10451 0.038596492
20696 0.021052632
5849 0.003508772
21465 0.045614034
1754 0.003508772
14300 0.003508772
7135 0.003508772
4319 0.007017544
5344 0.003508772
19683 0.003508772
6116 0.003508772
20712 0.003508772
14314 0.003508772
3306 0.003508772
235 0.003508772
19183 0.003508772
11504 0.003508772
1008 0.003508772
20723 0.010526316
2292 0.003508772
5623 0.003508772
11512 0.042105265
3323 0.024561403
19199 0.003508772
