4100 0.020338982
5893 0.013559322
16390 0.0033898305
10246 0.010169491
15879 0.0033898305
20231 0.006779661
9226 0.0033898305
5900 0.006779661
10767 0.0033898305
8208 0.0033898305
1810 0.0033898305
21779 0.0033898305
2325 0.0033898305
19736 0.020338982
4635 0.010169491
10012 0.0033898305
18208 0.0033898305
12321 0.006779661
18210 0.0033898305
11298 0.0033898305
9250 0.006779661
2854 0.0033898305
7209 0.006779661
14891 0.0033898305
8237 0.0033898305
13613 0.0033898305
1072 0.006779661
1329 0.0033898305
10546 0.010169491
22067 0.0033898305
6454 0.0033898305
14650 0.013559322
8254 0.0033898305
11327 0.0033898305
18239 0.016949153
10821 0.0033898305
12871 0.006779661
18251 0.030508475
11598 0.0033898305
2897 0.0033898305
9810 0.006779661
8274 0.006779661
21588 0.0033898305
18263 0.0033898305
13659 0.006779661
22111 0.0033898305
16736 0.013559322
16481 0.0033898305
7265 0.006779661
3430 0.0033898305
2662 0.006779661
8297 0.0033898305
13929 0.006779661
8811 0.0033898305
14447 0.0033898305
18544 0.0033898305
10097 0.0033898305
11121 0.006779661
11635 0.0033898305
884 0.006779661
15484 0.006779661
8573 0.0033898305
19581 0.016949153
21632 0.0033898305
3456 0.0033898305
11905 0.0033898305
16003 0.006779661
11141 0.0033898305
8070 0.013559322
9862 0.013559322
391 0.006779661
11151 0.0033898305
6032 0.0033898305
10897 0.016949153
3730 0.0033898305
7830 0.0033898305
8343 0.010169491
10651 0.0033898305
21403 0.0033898305
11932 0.016949153
4253 0.0033898305
4510 0.0033898305
14753 0.0033898305
3745 0.006779661
8097 0.006779661
7077 0.0033898305
14757 0.0033898305
18599 0.0033898305
13993 0.0033898305
3243 0.0033898305
5550 0.0033898305
10415 0.0033898305
2481 0.0033898305
14514 0.016949153
20405 0.047457628
2231 0.0033898305
17595 0.094915256
20157 0.0033898305
4286 0.0033898305
16064 0.013559322
10691 0.0033898305
16582 0.006779661
17866 0.0033898305
718 0.0033898305
10702 0.0033898305
13521 0.0033898305
10451 0.027118644
7124 0.0033898305
15831 0.0033898305
3288 0.0033898305
7897 0.006779661
13532 0.0033898305
8414 0.0033898305
4319 0.013559322
12001 0.0033898305
8163 0.0033898305
6116 0.0033898305
20453 0.0033898305
16871 0.006779661
6119 0.006779661
11241 0.0033898305
14060 0.013559322
4590 0.0033898305
18159 0.010169491
241 0.0033898305
20723 0.0033898305
15606 0.0033898305
4087 0.0033898305
22263 0.0033898305
11512 0.07118644
3323 0.0033898305
19199 0.0033898305
